Date,Open,High,Low,Close,Adj Close,Volume,volume_adi,volume_obv,volume_cmf,volume_fi,volume_em,volume_sma_em,volume_vpt,volume_vwap,volume_mfi,volume_nvi,volatility_bbm,volatility_bbh,volatility_bbl,volatility_bbw,volatility_bbp,volatility_bbhi,volatility_bbli,volatility_kcc,volatility_kch,volatility_kcl,volatility_kcw,volatility_kcp,volatility_kchi,volatility_kcli,volatility_dcl,volatility_dch,volatility_dcm,volatility_dcw,volatility_dcp,volatility_atr,volatility_ui,trend_macd,trend_macd_signal,trend_macd_diff,trend_sma_fast,trend_sma_slow,trend_ema_fast,trend_ema_slow,trend_vortex_ind_pos,trend_vortex_ind_neg,trend_vortex_ind_diff,trend_trix,trend_mass_index,trend_dpo,trend_kst,trend_kst_sig,trend_kst_diff,trend_ichimoku_conv,trend_ichimoku_base,trend_ichimoku_a,trend_ichimoku_b,trend_stc,trend_adx,trend_adx_pos,trend_adx_neg,trend_cci,trend_visual_ichimoku_a,trend_visual_ichimoku_b,trend_aroon_up,trend_aroon_down,trend_aroon_ind,trend_psar_up,trend_psar_down,trend_psar_up_indicator,trend_psar_down_indicator,momentum_rsi,momentum_stoch_rsi,momentum_stoch_rsi_k,momentum_stoch_rsi_d,momentum_tsi,momentum_uo,momentum_stoch,momentum_stoch_signal,momentum_wr,momentum_ao,momentum_roc,momentum_ppo,momentum_ppo_signal,momentum_ppo_hist,momentum_pvo,momentum_pvo_signal,momentum_pvo_hist,momentum_kama,others_dr,others_dlr,others_cr,Adj Close Percent,Future Price,DayOfWeek
2021-09-15,3.859999895095825,3.890000104904175,3.7899999618530273,3.7899999618530273,3.427856683731079,10437313,-10437313.0,10437313,-1.0,0.0,0.0,0.0,343355.0497157533,3.8233333428700766,50.0,1000.0,3.7899999618530273,3.7899999618530273,3.7899999618530273,0.0,0.0,0.0,0.0,3.8233333428700766,3.923333485921224,3.723333199818929,5.231044959113084,0.3333333333333326,0.0,0.0,3.7899999618530273,3.890000104904175,3.840000033378601,2.6385262284344417,0.0,0.0,0.0,0.0,0.0,0.0,3.7899999618530273,3.7899999618530273,3.7899999618530273,3.7899999618530273,0.0,0.0,0.0,3.1791115733490285,1.0,-0.122158364966364,33.30524553460936,33.30524553460936,0.0,3.840000033378601,3.840000033378601,3.840000033378601,3.840000033378601,0.0,0.0,0.0,0.0,0.0,3.675668328823429,3.689544567731347,4.0,4.0,0.0,3.640000104904175,3.890000104904175,0.0,0.0,100.0,0.0,0.0,0.0,0.0,0.0,0.0,0.0,-100.0,0.0,0.0,0.0,0.0,0.0,0.0,0.0,0.0,3.7899999618530273,3.330524553460945,0.0,0.0,0.0,3.4369008541107178,2
2021-09-16,3.7699999809265137,3.829999923706055,3.7699999809265137,3.799999952316284,3.4369008541107178,7004748,-10437313.000000052,17442061,-0.5983990653398158,70047.4131975174,-0.0342625112982796,-0.0342625112982796,366099.4394431813,3.8139626314148822,0.0,1002.6385199377067,3.794999957084656,3.8049999475479126,3.784999966621399,0.5270087260258572,0.75,0.0,0.0,3.8116666475931806,3.891666690508525,3.731666604677837,4.197641100952994,0.4270831936350202,0.0,0.0,3.7699999809265137,3.890000104904175,3.830000042915344,3.1620586385947163,0.24999950329514,0.0,0.0,0.0007977200369553,0.000159544007391,0.0006381760295642,3.794999957084656,3.794999957084656,3.791538421924298,3.7907407018873434,0.1417641815796558,0.425293389720137,-0.2835292081404812,0.0005153359253333,1.9349591132081587,-0.1271583601979924,34.66844378064935,33.986844657629355,0.6815991230199927,3.830000042915344,3.830000042915344,3.830000042915344,3.830000042915344,0.0,0.0,0.0,0.0,-66.66666666666794,3.675668328823429,3.689544567731347,8.0,4.0,4.0,3.640000104904175,3.890000104904175,0.0,0.0,100.0,0.0,0.0,0.0,100.0,18.7499720603377,24.999950329514004,12.499975164757002,-75.00004967048599,0.0,0.0,0.0210439093488551,0.004208781869771,0.0168351274790841,-2.689006514597996,-0.537801302919599,-2.151205211678396,3.79444440205892,0.2638519937706807,0.2635045154823157,0.2638519937706807,-0.2638433054264766,3.4369008541107178,3
2021-09-17,3.819999933242798,3.839999914169312,3.7799999713897705,3.799999952316284,3.4369008541107178,9299651,-13537196.666666765,26741712,-0.5062202699164049,60040.63988358634,0.0064518427152951,-0.0139053342914922,18482.16725661112,3.811425380679619,57.08062814813128,1002.6385199377067,3.796666622161865,3.8060947035863584,3.787238540737372,0.4966504759443262,0.6767766952966333,0.0,0.0,3.8099999692704944,3.883333312140571,3.736666626400418,3.849519341813427,0.4318180750881143,0.0,0.0,3.7699999809265137,3.890000104904175,3.830000042915344,3.160670554459472,0.24999950329514,0.0,0.0,0.0014136235412713,0.0004103599141671,0.0010032636271042,3.796666622161865,3.796666622161865,3.792840195830757,3.791426572289486,0.3214882263912719,0.4968461375941377,-0.1753579112028658,0.0013527498327941,2.828113973281111,-0.1288250252752019,35.12284319599601,34.365510837084905,0.757332358911107,3.830000042915344,3.830000042915344,3.830000042915344,3.830000042915344,0.0,0.0,0.0,0.0,-25.000099340775776,3.675668328823429,3.689544567731347,8.0,4.0,4.0,3.640000104904175,3.890000104904175,0.0,1.0,100.0,0.0,0.0,0.0,100.0,22.72724809725733,24.999950329514004,16.666633553009337,-75.00004967048599,0.0,0.0,0.0372847400396247,0.0108239735037417,0.0264607665358829,-2.9865421346066694,-1.0275494692570133,-1.958992665349656,3.796658130901119,0.0,0.0,0.2638519937706807,0.0,3.382634401321411,4
2021-09-20,3.7899999618530273,3.849999904632568,3.690000057220459,3.740000009536743,3.382634401321411,9917693,-17256331.541666746,16824019,-0.4707204479087084,-33545.310457648055,-0.064531013341254,-0.0307805606414128,-156595.00525581214,3.7975129554078206,35.646906030012175,1002.6385199377067,3.7824999690055847,3.8322492934162176,3.732750644594952,2.630499659922635,0.0728589285148352,0.0,0.0,3.797499974568685,3.8924999435742698,3.7025000055631,5.003290040383723,0.1973685063593986,0.0,0.0,3.690000057220459,3.890000104904175,3.790000081062317,5.287509565698572,0.2499997019768471,0.0,0.0,-0.0029062608698557,-0.0002529642426374,-0.0026532966272183,3.7824999690055847,3.7824999690055847,3.784710936400909,3.7876171972707646,0.3584524033384783,0.6372491918339294,-0.278796788495451,-0.0007246776073503,3.8664729273336103,-0.1146583721189213,31.260448165549377,33.58924516920102,-2.328797003651644,3.790000081062317,3.790000081062317,3.790000081062317,3.790000081062317,0.0,0.0,0.0,0.0,-133.33333333333414,3.675668328823429,3.689544567731347,8.0,16.0,-8.0,3.640000104904175,3.887800102233887,0.0,0.0,12.565055762081784,0.0,0.0,0.0,87.26382085374388,26.315772962696855,24.99997019768472,24.99995695223758,-75.00002980231528,0.0,0.0,-0.0767305859723614,-0.0066869383914788,-0.0700436475808826,-2.6886350910915384,-1.3597665936239185,-1.32886849746762,3.7834182889658345,-1.5789458824326583,-1.5915440207622034,-1.319259968853348,1.5789356485044124,3.409767866134644,0
2021-09-21,3.7100000381469727,3.7699999809265137,3.7100000381469727,3.7699999809265137,3.409767866134644,4339022,-12917309.541666746,21163041,-0.3150684181533781,-10157.332412329077,-0.0414839234918395,-0.0334564013540195,-121790.04923237392,3.792484475685914,30.62856553403481,1010.6810672199832,3.7799999713897705,3.825606944899495,3.734392997880046,2.413067399731043,0.390367747586621,0.0,0.0,3.787999979654948,3.875999943415324,3.700000015894572,4.646249431521503,0.3977272378347324,0.0,0.0,3.690000057220459,3.890000104904175,3.790000081062317,5.291006592526057,0.3999995231629555,0.0,0.0,-0.0038645058005304,-0.000975272554216,-0.0028892332463143,3.7799999713897705,3.7799999713897705,3.7824477124817713,3.7863122182823017,0.4625028320353793,0.8182746654063365,-0.3557718333709572,-0.0031181493014898,4.82989739489919,-0.1121583745031071,30.578849042529377,32.98716594386669,-2.408316901337315,3.790000081062317,3.790000081062317,3.790000081062317,3.790000081062317,0.0,0.0,0.0,0.0,-95.95958987810624,3.675668328823429,3.689544567731347,8.0,16.0,-8.0,3.640000104904175,3.879888100433349,0.0,0.0,40.55294163393864,0.0,0.0,0.0,78.53500147424441,36.36361665961341,39.99995231629555,29.99995761449809,-60.00004768370445,0.0,0.0,-0.1020651646705355,-0.0257625836472902,-0.0763025810232453,-7.127301676581467,-2.5132736102154283,-4.614028066366039,3.779681595933919,0.802138270408359,0.7989382424267388,-0.5277039875413392,-0.8021400362579385,3.382634401321411,1
2021-09-22,3.7699999809265137,3.7699999809265137,3.7300000190734863,3.740000009536743,3.382634401321411,4705829,-15270224.041666746,16457212,-0.334109454525783,-28874.1042627324,0.0085000801572031,-0.025065105051775,-2641.923573218264,3.787766955299196,26.57473730427968,1010.6810672199832,3.7733333110809326,3.824540900564647,3.722125721597218,2.714183204189045,0.1745277225479398,0.0,0.0,3.78111109468672,3.861111058129205,3.701111131244236,4.2315584725824165,0.2430556003970327,0.0,0.0,3.690000057220459,3.890000104904175,3.790000081062317,5.300354651850848,0.2499997019768471,0.0,0.0,-0.0069643876570748,-0.0021730955747878,-0.004791292082287,3.7733333110809326,3.7733333110809326,3.7759172966440735,3.782881684301149,0.5314213502734604,0.8303462557424192,-0.2989249054689588,-0.0071606183399268,5.7097262637858535,-0.1054917141942692,28.761251381142728,32.282846850079366,-3.5215954689366384,3.790000081062317,3.790000081062317,3.790000081062317,3.790000081062317,0.0,0.0,0.0,0.0,-79.48717360900596,3.675668328823429,3.689544567731347,8.0,16.0,-8.0,3.640000104904175,3.8722925787048337,0.0,0.0,30.157106028218134,0.0,0.0,0.0,67.30365460205219,35.41664907500997,24.99997019768472,29.99996423722166,-75.00002980231528,-0.0110000093777977,0.0,-0.1841027089474372,-0.0574306087073196,-0.1266721002401176,-10.5289138099841,-4.116401650169163,-6.412512159814938,3.774674806098047,-0.7957552133036838,-0.7989382424267388,-1.319259968853348,0.7957569511613656,3.3645453453063965,2
2021-09-23,3.759999990463257,3.7799999713897705,3.7200000286102295,3.7200000286102295,3.3645453453063965,10111910,-25382134.041666742,6345302,-0.4547452084341792,-53640.37610100247,0.0,-0.0208875875431458,-91521.21291615642,3.7791132785754167,20.698480679847208,1010.6810672199832,3.765714270727975,3.826053390561031,3.7053751508949193,3.204657363522766,0.1211890209516958,0.0,0.0,3.7752380825224376,3.852380900155931,3.698095264888945,4.086778949949018,0.1419753931296271,0.0,0.0,3.690000057220459,3.890000104904175,3.790000081062317,5.3110786773807055,0.1499998211861083,0.0,0.0,-0.0109091438561166,-0.0039203052310535,-0.006988838625063,3.765714270727975,3.765714270727975,3.767314640023483,3.7782237838796,0.5587784150369509,0.8306169229556911,-0.2718385079187402,-0.0131515306103244,6.571308004723031,-0.0978726738413118,26.683996910986547,31.48301114449468,-4.799014233508132,3.790000081062317,3.790000081062317,3.790000081062317,3.790000081062317,0.0,0.0,0.0,0.0,-78.84321785703071,3.675668328823429,3.689544567731347,8.0,28.000000000000004,-20.000000000000004,3.640000104904175,3.8650008778454583,0.0,0.0,25.469502004683505,0.0,0.0,0.0,56.35055807673176,31.4814675819001,14.99998211861083,26.666634877530367,-85.00001788138917,-0.0160000017711094,0.0,-0.2887373665546824,-0.1036919602767921,-0.1850454062778902,-8.167561256917363,-4.926633571518803,-3.24092768539856,3.7704437583928927,-0.5347588469389097,-0.5361938000394639,-1.8469639563946871,0.5347623736088138,3.337411880493164,3
2021-09-24,3.759999990463257,3.7799999713897705,3.680000066757202,3.690000057220459,3.337411880493164,5198699,-29541093.241666745,1146603,-0.4841622322964534,-68257.58255286334,-0.0384710902728654,-0.0233995165045343,-95999.28494975428,3.773792591991562,18.597466214682512,1002.5304212878352,3.756249994039536,3.8317068634421214,3.6807931246369496,4.017670257428116,0.0610079152262963,0.0,0.0,3.767916659514109,3.847916613022487,3.687916706005732,4.246375954541079,0.0130209526591084,0.0,0.0,3.680000066757202,3.890000104904175,3.785000085830689,5.590683220770805,0.0476189935558875,0.0,0.0,-0.0162686041929416,-0.0063899650234311,-0.0098786391695104,3.756249994039536,3.756249994039536,3.755420088823018,3.77168869301596,0.5641869452928656,0.8528410440770713,-0.2886540987842056,-0.0217126805375284,7.499261289543843,-0.0884083971528721,24.10365737383942,30.56059192316277,-6.45693454932335,3.785000085830689,3.785000085830689,3.785000085830689,3.785000085830689,0.0,0.0,0.0,0.0,-108.2508034763068,3.675668328823429,3.689544567731347,8.0,32.0,-24.0,3.640000104904175,3.8580008450204586,0.0,0.0,20.357776354735837,0.0,0.0,0.0,44.57368250617122,31.101185985882577,4.761899355588757,14.920617223961436,-95.23810064441123,-0.0257499903440474,0.0,-0.4313347552534285,-0.1692205192721194,-0.262114235981309,-10.817581370939688,-6.10482313140298,-4.712758239536707,3.766410681833774,-0.8064508376086854,-0.8097202416641913,-2.638519937706696,0.8064526415458744,3.3283674716949463,4
2021-09-27,3.700000047683716,3.714999914169312,3.660000085830689,3.680000066757202,3.3283674716949463,5637342,-31078541.264468394,-4490739,-0.4662792526055198,-66559.83736504248,-0.0414644659385563,-0.025657635183787,-57202.28641723023,3.766282651882925,16.767578236373808,1002.5304212878352,3.747777779897054,3.833556627272421,3.661998932521688,4.57758450009928,0.1049275828849835,0.0,0.0,3.758703699818364,3.8359258616412126,3.6814815379955146,4.108978413306732,-0.0095922673190048,0.0,1.0,3.660000085830689,3.890000104904175,3.775000095367432,6.136970561787248,0.0869564315997867,0.0,0.0,-0.0210799344175178,-0.0093279589022485,-0.0117519755152693,3.747777779897054,3.747777779897054,3.7438170085052,3.764896942922718,0.5690448346335624,0.9422898293949264,-0.3732449947613639,-0.0321048423001095,8.389795428829839,-0.0799361830103908,21.793793679160554,29.586503229384743,-7.792709550224192,3.775000095367432,3.775000095367432,3.775000095367432,3.775000095367432,0.0,0.0,0.0,0.0,-142.4821288389674,3.675668328823429,3.689544567731347,8.0,36.0,-28.0,3.640000104904175,3.847320798324663,0.0,0.0,18.989646287460232,0.0,0.0,0.0,34.90559487069754,30.49053607192619,8.695643159978678,9.485841544726089,-91.30435684002131,-0.0326666540569728,0.0,-0.55990734240798,-0.2473578838992916,-0.3125494585086884,-12.516269483420336,-7.387112401806451,-5.129157081613885,3.763454984093304,-0.2710024473763672,-0.2713703237951836,-2.902371931477365,0.2710006772338005,3.310278415679932,0
2021-09-28,3.670000076293945,3.680000066757202,3.640000104904175,3.660000085830689,3.310278415679932,4583889,-31078541.264468294,-9074628,-0.4362751892589439,-70148.10239421553,-0.0239969928969485,-0.0254731193741383,-40189.750794087486,3.759443598189996,15.533234981605446,997.0818916844988,3.739000010490417,3.8359328845763576,3.642067136404477,5.18496249339279,0.0925018967781386,0.0,0.0,3.748833338419596,3.822333280245463,3.6753333965937296,3.921216826184764,-0.1043083190417197,0.0,1.0,3.640000104904175,3.890000104904175,3.765000104904175,6.68627973518538,0.0799999237060564,0.0734999418258667,0.0,-0.0262047080358396,-0.0127033087289667,-0.0135013993068728,3.739000010490417,3.739000010490417,3.730922097324506,3.7571268053603455,0.5658228015312083,0.9858153654922284,-0.41999256396102,-0.0442519702567849,9.227822648156163,-0.0711584136037539,19.400623425001463,28.04154521720609,-8.640921792204626,3.745000004768372,3.765000104904175,3.755000054836273,3.765000104904175,0.0,0.0,0.0,0.0,-151.20563450090177,3.675668328823429,3.689544567731347,8.0,40.0,-32.0,3.640000104904175,3.832335141325145,0.0,0.0,16.588498914401754,0.0,0.0,0.0,25.668705878042573,31.690681331210765,7.999992370605646,7.152511628724361,-92.00000762939436,-0.038249981403351,0.0,-0.6974666917936602,-0.3373796454781653,-0.3600870463154948,-14.945736748937833,-8.898837271232729,-6.046899477705104,3.762126027100278,-0.5434777327093077,-0.5449599457100884,-3.4300759190186936,0.5434813363862787,3.346456527709961,1
2021-09-29,3.660000085830689,3.714999914169312,3.640000104904175,3.700000047683716,3.346456527709961,7676843,-26472415.94119738,-1397785,-0.3354635662625286,-16259.31245908809,0.0170967537060295,-0.0212161320661215,58987.425509417226,3.752201545719595,24.860204951381405,997.0818916844988,3.735454559326172,3.830557718305896,3.640351400346448,5.091918933522234,0.3135997162301686,0.0,0.0,3.735000006357829,3.8059999148050943,3.664000097910563,3.801869254426105,0.2535210999595262,0.0,0.0,3.640000104904175,3.890000104904175,3.765000104904175,6.692625918198742,0.239999771118164,0.0736499285697937,0.0,-0.0267303347623646,-0.0155087139356463,-0.0112216208267183,3.735454559326172,3.735454559326172,3.726164858918231,3.752895193680595,0.60075595804334,0.9494095015021335,-0.3486535434587936,-0.054911947705908,10.10566706502478,-0.0676129624395085,17.216573160403527,26.102448481623224,-8.885875321219697,3.745000004768372,3.765000104904175,3.755000054836273,3.765000104904175,0.0,0.0,0.0,0.0,-93.12558398489776,3.675668328823429,3.689544567731347,8.0,40.0,-32.0,3.640000104904175,3.813101637683048,0.0,0.0,34.44261136302595,0.0,0.0,0.0,21.17529208141016,38.73509385843958,23.999977111816406,13.565204214133578,-76.0000228881836,-0.0458181619644166,0.0,-0.7122590262412649,-0.4123555216307852,-0.2999035046104796,-13.508563058782885,-9.82078242874276,-3.6877806300401232,3.7572103558481778,1.0928951069668624,1.0869661673386988,-2.3746679439360263,-1.092902393305124,3.427856683731079,2
2021-09-30,3.700000047683716,3.7899999618530273,3.700000047683716,3.7899999618530273,3.427856683731079,9574102,-16898313.94119738,8176317,-0.1909693639907947,109158.92621338648,0.063452361143379,-0.0135189963198033,316783.1785823372,3.7530453201816334,34.117620025301946,997.0818916844988,3.740000009536743,3.8359165485297706,3.644083470543716,5.129226671039938,0.7606430175713433,0.0,0.0,3.731000010172526,3.804999915758768,3.657000104586283,3.9667598705163623,0.8986488307862807,0.0,0.0,3.640000104904175,3.890000104904175,3.765000104904175,6.68449196156463,0.5999994277954102,0.0752849271297455,0.0,-0.0196580510415786,-0.0163385813568328,-0.0033194696847458,3.740000009536743,3.740000009536743,3.7359856439851225,3.755643695026701,0.6946082965168547,0.880489685620379,-0.1858813891035242,-0.0593707805875589,11.046084021427168,0.0499999523162841,17.189329603930876,24.10983586028265,-6.9205062563517785,3.745000004768372,3.765000104904175,3.755000054836273,3.765000104904175,0.0,0.0,0.0,0.0,26.415085427566137,3.675668328823429,3.689544567731347,8.0,40.0,-32.0,3.640000104904175,3.79579148440516,0.0,0.0,56.83197363598716,0.0,0.0,0.0,22.965482792705604,43.70601766170902,59.999942779541016,30.666637420654357,-40.00005722045898,-0.046666646003723,0.0,-0.5234269445637316,-0.4345698062173745,-0.088857138346357,-10.246991280944464,-9.9060241991831,-0.3409670817613648,3.7574349559013065,2.4324300813361788,2.4033176491501163,0.0,-2.432428311770778,3.445945501327514,3
2021-10-01,3.7300000190734863,3.829999923706055,3.7300000190734863,3.809999942779541,3.445945501327514,7707715,-12273684.941197436,15884032,-0.1275920377738411,115586.8157524746,0.0454089613365699,-0.0086083331817722,273557.25646913034,3.7560063531711054,40.10565727620422,1002.3435325859708,3.745384619786189,3.844802952182025,3.645966287390353,5.308845017979042,0.8249668418098417,0.0,0.0,3.729333345095316,3.807333246866862,3.6513334433237703,4.1830479902864255,1.017094226095884,1.0,0.0,3.640000104904175,3.890000104904175,3.765000104904175,6.6748818980911935,0.6799993515014648,0.0777564248800278,0.0,-0.0122976245648702,-0.0155303899984402,0.00323276543357,3.7416666746139526,3.745384619786189,3.747372459184264,3.7596700837491337,0.7485571561014991,0.8554941355039636,-0.1069369794024645,-0.0583300560660598,12.05032902547942,0.054615332530095,17.5788726328078,22.589660801089146,-5.010788168281344,3.7350000143051143,3.765000104904175,3.7500000596046448,3.765000104904175,0.0,0.0,0.0,0.0,71.63976256282254,3.675668328823429,3.689544567731347,52.0,40.0,12.0,3.640000104904175,3.79579148440516,1.0,0.0,60.09360409423815,0.0,0.0,0.0,25.169887123794567,50.05495916257313,67.99993515014648,50.66661834716797,-32.00006484985352,-0.0392307556592501,0.5277039875413395,-0.327093183469096,-0.4130744816677189,0.0859812981986228,-9.494972339202642,-9.82381382718701,0.3288414879843682,3.757785996905132,0.5277039875413392,0.5263165090945598,0.5277039875413392,-0.5277005215033057,3.482123374938965,4
2021-10-04,3.839999914169312,3.869999885559082,3.809999942779541,3.849999904632568,3.482123374938965,4259840,-10853738.274530832,20143872,-0.1080462090010379,123416.33314497797,0.0845100551557847,-0.0014453802327293,85396.60708286286,3.759709504632764,43.00874341997711,1012.866814388914,3.752857140132359,3.8627735156602414,3.642940764604476,5.857743656290978,0.9418939581735296,0.0,0.0,3.737666670481364,3.805666581789653,3.669666759173075,3.6386289791610142,1.325980740194815,1.0,0.0,3.640000104904175,3.890000104904175,3.765000104904175,6.661591173470109,0.8399991989135724,0.0759807766699792,1.870086451005065,-0.0031998846468095,-0.0130642889281141,0.0098644042813046,3.745833337306976,3.752857140132359,3.763161296945541,3.766361181592351,0.8289918627205399,0.8289920644014568,-2.016809168559064e-07,-0.0514607469414023,13.014019935176655,0.047142812183925,19.99069834604889,21.413199612591317,-1.4225012665424188,3.754999995231629,3.765000104904175,3.7600000500679016,3.765000104904175,0.0,0.0,0.0,0.0,137.7777412791063,3.675668328823429,3.689544567731347,56.00000000000001,40.0,16.000000000000007,3.643800101280213,3.79579148440516,0.0,0.0,65.67892490619212,0.6074672959084048,0.0,0.0,28.507254743732823,54.9761720425556,83.99991989135725,70.66659927368158,-16.000080108642756,-0.0152142831257413,1.3157882353605383,-0.0849595801498963,-0.3474515013641544,0.2624919212142581,-12.450796329075372,-10.349210327564682,-2.101586001510689,3.7642731098496656,1.0498677809387402,1.0443949408814657,1.5831119626240175,-1.049867840263687,3.527345895767212,0
2021-10-05,3.839999914169312,3.930000066757202,3.819999933242798,3.900000095367432,3.527345895767212,11822558,-5479834.297436232,31966430,-0.0488063163538704,190232.593406266,0.0325649839433339,0.0009839314941322,198262.9914760964,3.7675403136663257,49.82818384161828,1012.866814388914,3.762666670481364,3.8917591743922606,3.633574166570468,6.861756047839419,1.0319186657842645,1.0,0.0,3.7510000069936114,3.823999937375387,3.678000076611837,3.8922916686573896,1.520549523777485,1.0,0.0,3.640000104904175,3.930000066757202,3.785000085830689,7.707298765742839,0.8965518091861884,0.0793827123544217,1.8700864510050648,0.0079530593891732,-0.0088608192646566,0.0168138786538299,3.754166682561239,3.762666670481364,3.7842134197796784,3.776260360390505,1.02803738317757,0.9626168224299064,0.0654205607476634,-0.0382855072511489,14.054766577361304,-0.0226666609446208,22.898950467553963,20.761832844414783,2.1371176231391797,3.785000085830689,3.785000085830689,3.785000085830689,3.785000085830689,0.0,0.0,0.0,0.0,163.6364879030762,3.675668328823429,3.689544567731347,60.0,40.0,20.0,3.652848092651367,3.79579148440516,0.0,0.0,71.1201565862859,0.6696990698006339,0.0,0.0,32.845731804192326,64.2285517696138,89.65518091861883,80.5516786533742,-10.344819081381162,0.0198333183924357,2.6315827448943248,0.2106067545710964,-0.2358398501771042,0.4464466047482007,-6.710260790359582,-9.621420420123664,2.9111596297640805,3.7755443232290458,1.2987062850235542,1.2903454059857156,2.9023782222051158,-1.2987053001543813,3.473078727722168,1
2021-10-06,3.920000076293945,3.920000076293945,3.809999942779541,3.839999914169312,3.473078727722168,6053150,-8231273.271890733,25913280,-0.0695618366018119,111172.20908831364,-0.0181723612681172,0.0021332279248581,60414.640222646456,3.770634068208695,50.25690422030449,997.2842013358822,3.7674999982118607,3.897979817811039,3.6370201786126826,6.926599583867644,0.7778204176713469,0.0,0.0,3.76200000445048,3.841999951998393,3.682000056902568,4.253054091083032,0.9874997553724476,0.0,0.0,3.640000104904175,3.930000066757202,3.785000085830689,7.697411068100007,0.6896546054254226,0.0824444544704199,1.9147548288518248,0.0118141485595186,-0.0047258256998215,0.0165399742593402,3.762500007947286,3.7674999982118607,3.7927959573780834,3.7809818088185647,1.0357142781116468,0.9196426613749064,0.1160716167367403,-0.0244712820179167,15.14105963705069,0.002499982714653,24.02142247246914,20.465991240135068,3.5554312323340724,3.785000085830689,3.785000085830689,3.785000085830689,3.785000085830689,0.0,0.0,21.8770379884716,16.893200233838638,111.33203338270825,3.675668328823429,3.689544567731347,60.0,40.0,20.0,3.669477211097717,3.79579148440516,0.0,0.0,59.026700631194565,0.5313853090897678,0.6028505582662688,0.0,31.63836071825689,60.30928652590938,68.96546054254225,80.87352045083945,-31.034539457457747,0.0509999841451644,2.673794234694543,0.3124624543806049,-0.1261793892655624,0.4386418436461674,-8.087331610622936,-9.314602658223516,1.2272710476005813,3.7787489626040713,-1.538466146946782,-1.5504233340894569,1.319259968853359,1.5384702733623072,3.527345895767212,2
2021-10-07,3.869999885559082,3.940000057220459,3.839999914169312,3.900000095367432,3.527345895767212,7169368,-6797385.997426003,33082648,-0.0541625797828858,156742.37622941227,0.0348705937830157,0.0041631387154096,18896.05223101409,3.776148421247468,49.25811579466357,997.2842013358822,3.775294121573953,3.9164019126074936,3.634186330540413,7.475327033577519,0.9418819573323102,0.0,0.0,3.777333339055379,3.861333306630452,3.693333371480306,4.447580344925517,1.2301595456118646,1.0,0.0,3.640000104904175,3.940000057220459,3.790000081062317,7.946399476584663,0.866666772630498,0.0842000233284926,1.9147548288518248,0.0194909234915821,0.0001175241384591,0.0193733993531229,3.7733333508173614,3.775294121573953,3.809288901684137,3.789797978192555,1.0517241166689622,0.9137929333516946,0.1379311833172675,-0.0076700416226463,16.231752394815402,-0.0352941120372101,26.8042929159702,20.766061855927383,6.038231060042818,3.790000081062317,3.790000081062317,3.790000081062317,3.790000081062317,0.0,0.0,21.710147755541836,15.391238888210545,136.56834745654533,3.675668328823429,3.689544567731347,60.0,40.0,20.0,3.6851085824372873,3.79579148440516,0.0,0.0,65.36851494216764,0.9017738580728258,0.700952745654409,0.0,32.82070761888181,60.838115729154346,86.66667726304979,81.76243957473696,-13.333322736950208,0.0729411573971021,3.448278915082902,0.514299801829484,0.0019164489534468,0.5123833528760371,-7.958891275674665,-9.043460381713746,1.0845691060390816,3.791366138394389,1.5625047536257377,1.5504233340894569,2.9023782222051158,-1.5625090099997578,3.563524007797241,3
2021-10-08,3.910000085830689,3.950000047683716,3.910000085830689,3.940000057220459,3.563524007797241,6114766,-3740002.997426037,39197414,-0.0284163580702752,169292.09487380853,0.0261661969830188,0.0106415108814291,174737.20317906956,3.7879572162994535,57.7579696560548,1007.512747242188,3.784444451332092,3.940965247640765,3.62792365502342,8.271797793389663,0.9969167342517136,0.0,0.0,3.79900000890096,3.876999982198079,3.721000035603841,4.10634235927175,1.4038467730136206,1.0,0.0,3.640000104904175,3.950000047683716,3.795000076293945,8.191425366817676,0.9677419602933012,0.0807800162272717,1.8676749232460184,0.0284742521076388,0.005788869732295,0.0226853823753437,3.790000021457672,3.784444451332092,3.8293983102281866,3.800924058120548,1.2000001362392567,0.8952379157482812,0.3047622204909755,0.0124936866301533,17.206877713864355,-0.0644444227218627,31.10005967166115,21.80009141064967,9.29996826101148,3.795000076293945,3.795000076293945,3.795000076293945,3.795000076293945,0.0,0.0,21.632016462182587,14.688061401446506,157.79103203575264,3.675668328823429,3.689544567731347,72.0,40.0,32.0,3.70549990041994,3.79579148440516,0.0,0.0,68.83199928418648,0.9580398359450722,0.797066334369222,0.7002898794299667,34.876541485548856,62.02922114240662,96.7741960293301,84.13544461164071,-3.2258039706698947,0.0944444404708013,5.347594844217364,0.7491402530604258,0.1513612097748426,0.5977790432855832,-8.901860633208331,-9.015140432012664,0.1132797988043332,3.816915711729131,1.0256400224333495,1.0204160244013272,3.9577861972877937,-1.0256468489082096,3.5092570781707764,4
2021-10-11,3.940000057220459,3.940000057220459,3.859999895095825,3.880000114440918,3.5092570781707764,4725310,-6102636.873687046,34472104,-0.0447605116131434,104604.8913753226,-0.0507905748337891,0.0099767500712898,-9243.478488307404,3.7949073205602586,57.41860453115785,992.1699283827296,3.789473696758873,3.947683903640616,3.631263489877129,8.349983113331017,0.7860953773662369,0.0,0.0,3.8198333422342943,3.9003333489100154,3.739333335558574,4.214843919270792,0.8737066286776516,0.0,0.0,3.640000104904175,3.950000047683716,3.795000076293945,8.180554018482388,0.7741937220531073,0.0807020308170079,1.8998254121735931,0.0304016594100824,0.0107114276678525,0.0196902317422298,3.803333361943563,3.789473696758873,3.837183203183991,3.806781543773909,1.1308410340328137,0.831775590565217,0.2990654434675966,0.030906554023147,18.186284885676606,-0.0994736395384134,34.94645145837024,23.52740563657953,11.41904582179071,3.795000076293945,3.795000076293945,3.795000076293945,3.795000076293945,100.0,0.0,20.053370588342283,18.177255122611285,105.43523099303152,3.675668328823429,3.689544567731347,72.0,40.0,32.0,3.729949915146318,3.79579148440516,0.0,0.0,59.25853794267626,0.7824819719403956,0.8807652219860979,0.7929281006699096,32.810319242812504,54.55191490080566,77.41937220531074,86.95341516589686,-22.580627794689264,0.1004210622687087,4.301077543014524,0.7986184408140035,0.2808126559826748,0.5178057848313287,-11.143159150791782,-9.440744175768488,-1.7024149750232933,3.823191650925398,-1.522841165181832,-1.5345554702537845,2.374674234663776,1.5228445075078696,3.527345895767212,0
2021-10-12,3.880000114440918,3.950000047683716,3.859999895095825,3.900000095367432,3.527345895767212,6317135,-6804522.168504302,40789239,-0.0476985198709571,107710.27539459291,0.0071234876852447,0.0098784220375785,-39396.44633056458,3.804313502959399,63.01001153520835,992.1699283827296,3.795000016689301,3.956554967691948,3.6334450656866535,8.514094877058003,0.8249670716572813,0.0,0.0,3.844166668256124,3.92966669400533,3.7586666425069177,4.448299625260153,0.826511171324566,0.0,0.0,3.640000104904175,3.950000047683716,3.795000076293945,8.16864140754287,0.8387098014665066,0.0816318429940962,1.8721326459541132,0.0331607187732565,0.0152012858889333,0.0179594328843231,3.820833365122477,3.795000016689301,3.8468473404429817,3.813686621669725,1.1071427659112487,0.8303570744334364,0.2767856914778123,0.0483186663294994,19.1888654705536,-0.1149999499320983,39.26414216454583,25.97713552592868,13.287006638617154,3.825000047683716,3.795000076293945,3.810000061988831,3.795000076293945,100.0,0.0,19.32696521131069,16.700669430591176,106.03807058094,3.675668328823429,3.689544567731347,72.0,40.0,32.0,3.7519549284000577,3.79579148440516,0.0,0.0,61.19593763430999,0.8180099528297904,0.8528439202384194,0.843558492197913,31.8970927320406,51.36059135699901,83.87098014665067,86.02151612709717,-16.12901985334933,0.1007500052452088,5.691057856111752,0.8695187114964883,0.3985538670854375,0.4709648444110508,-11.072179265677056,-9.767031193750205,-1.305148071926853,3.8334576341760886,0.515463410737449,0.5141394458524573,2.9023782222051158,-0.5154600302427639,3.5454347133636475,1
2021-10-13,3.920000076293945,3.930000066757202,3.890000104904175,3.920000076293945,3.5454347133636475,9465719,-2071662.6685045129,50254958,0.0590438879755221,119367.9788318982,0.002112933913393,0.0100293458885352,81104.62076942617,3.8217815371765647,73.2070637258067,992.1699283827296,3.8015000224113455,3.9719435754325176,3.6310564693901752,8.967173590232226,0.8476225758679158,0.0,0.0,3.8670000076293936,3.94900004863739,3.784999966621399,4.241015818268094,0.8231709887765946,0.0,0.0,3.640000104904175,3.950000047683716,3.795000076293945,8.154674232591574,0.9032258808799016,0.0774686548799893,1.7907276271621315,0.0365399151143459,0.0194690117340158,0.01707090338033,3.840833365917206,3.8009524004799977,3.858101607496976,3.8215616923826303,1.1454546360930216,0.8545453639069786,0.290909272186043,0.0652390896954943,20.106938403083284,-0.1414999365806575,42.95808367987753,28.840330423256084,14.117753256621448,3.840000033378601,3.795000076293945,3.817500054836273,3.795000076293945,100.0,0.0,18.603646906178327,16.07564114627256,104.35058792086768,3.675668328823429,3.689544567731347,72.0,40.0,32.0,3.771759440328424,3.79579148440516,0.0,0.0,63.08634064246789,0.8526761098634243,0.8177226782112035,0.8504439401452402,31.77381353637657,52.54212677476426,90.32258808799018,83.87098014665052,-9.677411912009829,0.104380968638829,6.521739271277502,0.956151386674708,0.5100733710032916,0.4460780156714162,-7.360780103110347,-9.285780975622233,1.925000872511884,3.844211136530111,0.5128200112166637,0.5115095676323955,3.4300822097464323,-0.5128166653046975,3.5454347133636475,2
2021-10-14,3.950000047683716,3.9700000286102295,3.910000085830689,3.920000076293945,3.5454347133636475,5268357,-5583900.668504655,55523315,0.0346798895943817,102315.41042734132,0.034166184386785,0.0152177226499388,48542.10123753696,3.833549553299328,78.53833031057728,992.1699283827296,3.807500028610229,3.985587105572349,3.6294129516481095,9.354541070200504,0.8158568538570736,0.0,0.0,3.884333348274231,3.9633333921432494,3.805333304405212,4.067624314690576,0.725738659581311,0.0,0.0,3.640000104904175,3.9700000286102295,3.805000066757202,8.667102330305367,0.8484849579516214,0.0757217836699444,1.6206714253074657,0.0387710243261469,0.0233294142524421,0.0154416100737048,3.862500031789144,3.806363658471541,3.867624448850356,3.828853424524209,1.207547208005827,0.8113206995471395,0.3962265084586874,0.0809600381824919,21.011791344180637,-0.1074999809265135,45.13886372834621,31.902551656093685,13.236312072252524,3.889999985694885,3.805000066757202,3.847500026226044,3.805000066757202,100.0,0.0,21.343706453275885,15.15917326268841,106.81402953206783,3.675668328823429,3.689544567731347,72.0,40.0,32.0,3.789583501063953,3.79579148440516,0.0,0.0,63.08634064246789,0.8526761098634243,0.8411207241855463,0.8372291075450563,31.6804987162396,48.23216950363111,84.84849579516214,86.347354676601,-15.151504204837863,0.1081363916397095,7.103824709453395,1.0126014246932122,0.6105789817412758,0.4020224429519364,-9.030471734456144,-9.234719127389011,0.2042473929328689,3.849987887301002,0.0,0.0,3.4300822097464323,0.0,3.5544793605804443,3
2021-10-15,3.9700000286102295,3.9700000286102295,3.900000095367432,3.930000066757202,3.5544793605804443,3674234,-6108791.239933253,59197549,0.0553023594343383,92947.8239319748,-0.0095257768674584,0.0174990575835886,9373.036797109617,3.8463026051019913,83.21735553141546,994.7009716553456,3.8140000343322753,3.9998386964122754,3.628161372252275,9.745079203311295,0.8120987611689514,0.0,0.0,3.8986666917800905,3.974666738510132,3.822666645050049,3.898771181967373,0.7061404981000251,0.0,0.0,3.640000104904175,3.9700000286102295,3.805000066757202,8.652331429877096,0.8787879663612982,0.0751495986272297,1.3852333399965278,0.0408749293657821,0.0268385172751101,0.014036412090672,3.881666700045268,3.811739154483961,3.877220697759102,3.83634576839332,1.2139534966245478,0.753488285442251,0.4604652111822968,0.095544080092934,21.93206860744032,-0.0240000724792479,47.56163223156313,34.96598875448415,12.59564347707898,3.889999985694885,3.805000066757202,3.847500026226044,3.805000066757202,100.0,0.0,19.917092827149094,15.100791252931026,93.96328272821142,3.675668328823429,3.689544567731347,72.0,40.0,32.0,3.811233484369506,3.79579148440516,0.0,0.0,64.10049721696382,0.8712736845162634,0.8588753014143707,0.8392395679370402,31.87764270564648,50.26535032793253,87.87879663612982,87.68329350642739,-12.121203363870183,0.1036521984183269,6.216216651604412,1.0654652065655907,0.7015562267061388,0.3639089798594519,-12.234032528717105,-9.834581807654631,-2.39945072106247,3.8556166265862393,0.2551017925670917,0.254776960262304,3.693934203517113,-0.25510686130266436,3.536390542984009,4
2021-10-18,3.940000057220459,3.950000047683716,3.880000114440918,3.910000085830689,3.536390542984009,3544085,-6615089.097076066,55653464,0.0831672763332143,69543.61588427245,-0.0395023632252951,0.0163915311315638,-8663.001675640047,3.857992824250233,83.91717233795029,989.6388851101138,3.822500038146973,4.00956956882441,3.635430507469535,9.787810532926647,0.7338703886379877,0.0,0.0,3.905666708946228,3.982666754722595,3.828666663169861,3.9429911210801785,0.5281387942095932,0.0,0.0,3.640000104904175,3.9700000286102295,3.805000066757202,8.633091443107697,0.8181819495419486,0.0746346320887865,0.9953671016000843,0.040462036780295,0.0295632211761471,0.0108988156041479,3.89166671037674,3.815833359956741,3.882263680539346,3.8418016437590503,1.2081448100483614,0.7466063651070852,0.4615384449412761,0.1075046040633554,22.86553131462208,-0.0125000953674314,49.22600690674216,37.89121724772728,11.334789659014874,3.889999985694885,3.805000066757202,3.847500026226044,3.805000066757202,100.0,0.0,18.57969735829481,16.00531931175404,70.92202532472047,3.675668328823429,3.689544567731347,72.0,40.0,32.0,3.830285469678393,3.79579148440516,0.0,0.0,60.51931364748272,0.7109718528250795,0.8116405490682558,0.8372121915560576,30.991214978273103,48.06994200529512,81.81819495419485,84.84849579516226,-18.18180504580514,0.1024583756923673,3.1662302159757933,1.0532047339306287,0.7718859281510368,0.2813188057795919,-15.039034032603956,-10.875472252644498,-4.163561779959458,3.8572027304679306,-0.5089053584422909,-0.5102046918878056,3.166230215975796,0.5089020292828934,3.518301725387573,0
2021-10-19,3.900000095367432,3.934999942779541,3.884999990463257,3.890000104904175,3.518301725387573,3748615,-9613963.22226978,51904849,0.0259371872633084,48898.49525782715,-0.0066692760825494,0.0146939575752368,-37210.521044382825,3.8747405855738073,78.85022833957478,989.6388851101138,3.828500044345856,4.016146013157193,3.640854075534519,9.802584126306222,0.6638725866265541,0.0,0.0,3.9076667070388793,3.978666734695434,3.8366666793823248,3.633883490045976,0.3755873573728561,0.0,0.0,3.640000104904175,3.9700000286102295,3.805000066757202,8.619561705201416,0.7575759327225963,0.0721711641115363,0.7817486206096829,0.0380819995322254,0.0312669768473627,0.0068150226848626,3.898333390553793,3.818800029754639,3.883453899672397,3.845371900140171,1.2175924627951178,0.7870370513454202,0.4305554114496975,0.1159413922172296,23.76625418788304,0.021499860286712,49.5746848280913,40.73046862057419,8.844216207517107,3.9049999713897705,3.805000066757202,3.8550000190734863,3.805000066757202,100.0,0.0,17.66714673958153,15.219210487751903,57.94830353711155,3.675668328823429,3.689544567731347,72.0,40.0,32.0,3.847051216750213,3.79579148440516,0.0,0.0,57.084761913727,0.0176921221277162,0.5333125531563531,0.7346094678796599,29.24853447314794,42.51132379222685,70.37039653427665,80.02246270820045,-29.629603465723356,0.0998000431060792,2.099741819583089,0.9903333285094558,0.8155754082227207,0.1747579202867351,-17.04272820184357,-12.108923442484311,-4.933804759359257,3.8574338199696103,-0.5115084523652946,-0.5128211350848177,2.638526228434434,0.511505089061032,3.518301725387573,1
2021-10-20,3.9600000381469727,3.9600000381469727,3.880000114440918,3.890000104904175,3.518301725387573,4606138,-13068566.72226978,56510987,0.0173004967154543,41912.995935280414,0.0173683031393304,0.0114022391463762,-19174.48257163316,3.8896671150953175,77.63910950516706,989.6388851101138,3.836000049114227,4.020867595164191,3.651132503064264,9.6385580648077,0.6460506642289529,0.0,0.0,3.9130000511805214,3.9810000578562414,3.845000044504802,3.475594469016414,0.3308827645706745,0.0,0.0,3.640000104904175,3.9700000286102295,3.805000066757202,8.60270905841764,0.7575759327225963,0.0729540400709881,0.849244571868595,0.0357833150839401,0.0321702444946782,0.0036130705892619,3.901666740576426,3.821538494183467,3.884461008169593,3.8486776930856528,1.1588785504865746,0.8317756655331013,0.3271028849534733,0.1214232092858833,23.7154143264272,0.0640000462532048,51.37715800115375,43.46078696337237,7.916371037781381,3.9149999618530273,3.805000066757202,3.8600000143051143,3.805000066757202,100.0,0.0,18.72697930580057,14.031710509186269,58.526782486953664,3.675668328823429,3.689544567731347,68.0,36.0,32.0,3.861805074173415,3.79579148440516,0.0,0.0,57.084761913727,0.0,0.2428879916509319,0.5292803646251802,27.845645209571902,39.08453425676759,66.6666997803569,72.95176375627612,-33.33330021964311,0.0980385000889119,1.038966266556944,0.9297560860507164,0.8384115437883198,0.0913445422623965,-17.40392635842794,-13.167924025673038,-4.2360023327549,3.8585477588756847,0.0,0.0,2.638526228434434,0.0,3.518301725387573,2
2021-10-21,3.900000095367432,3.910000085830689,3.859999895095825,3.890000104904175,3.518301725387573,3755458,-12317460.796389109,60266445,0.1080588433890906,35925.42508738321,-0.0465991356386095,0.0048302322195776,0.0,3.899067184282041,71.6747246632051,989.6388851101138,3.844500052928925,4.022766733990792,3.666233371867057,9.273855045264243,0.6276179365213495,0.0,0.0,3.9123333851496382,3.9753333965937294,3.8493333737055457,3.220585018813915,0.3227517762811654,0.0,0.0,3.640000104904175,3.9700000286102295,3.805000066757202,8.583688884453128,0.7575759327225963,0.0706586551373757,0.914466154392519,0.0335745644183727,0.0324511084794171,0.0011234559389555,3.900833408037821,3.825384653531588,3.88531317689799,3.851738612479618,1.1176468938280473,0.9117645958853644,0.2058822979426827,0.1244493566682503,23.695878611130745,-0.0045001387596124,51.06817353994604,45.679466282070685,5.388707257875353,3.9149999618530273,3.805000066757202,3.8600000143051143,3.805000066757202,100.0,0.0,17.792549993843938,15.327477318488285,36.039908388884406,3.840000033378601,3.840000033378601,64.0,32.0,32.0,3.861805074173415,3.9700000286102295,0.0,1.0,57.08476191372701,5.06250627315317e-16,0.0058973740425722,0.2606993062832857,26.694876048247995,38.87333313699829,50.000074505766,62.34572360679985,-49.999925494234,0.0848518777776647,-0.2564100056083497,0.8716729715145064,0.8450638293335573,0.0266091421809491,-18.78932277476736,-14.292203775491902,-4.497118999275454,3.85883888272752,0.0,0.0,2.638526228434434,0.0,3.301234006881714,3
2021-10-22,3.869999885559082,3.920000076293945,3.619999885559082,3.650000095367432,3.301234006881714,24707638,-32083539.779022627,35558807,-0.018107012173594,-816325.8293008695,-0.1396330349163045,-0.0111799884998572,-1524378.7135518498,3.860048328263991,52.83881258079584,989.6388851101138,3.842500054836273,4.028389824782961,3.6566102848895854,9.675459585887156,-0.0177798636365225,0.0,1.0,3.892000047365825,3.9810000816981,3.803000013033549,4.5734857784759,-0.8595497676714473,0.0,1.0,3.619999885559082,3.9700000286102295,3.794999957084656,9.108656813436552,0.0857148501335496,0.0935928086971244,2.169315870911982,0.0123161457353715,0.028424115930608,-0.0161079701952364,3.8850000898043313,3.8196154282643247,3.8491111643548273,3.836795018619456,0.8412698923294728,0.9523808352441502,-0.1111109429146773,0.1131351194029028,24.213719107705543,0.0575000405311589,44.363386204682975,46.72579236499433,-2.362406160311352,3.794999957084656,3.794999957084656,3.794999957084656,3.794999957084656,50.0,13.643147000579075,13.454603584410446,31.09507278979872,-100.63165432598537,3.830000042915344,3.830000042915344,60.0,100.0,-40.0,3.861805074173415,3.967800025939941,0.0,0.0,30.847067167219933,0.0,1.6875020910510566e-16,0.0829284552311681,14.143551252237677,28.033028006636023,8.571485013354968,41.74608643315928,-91.42851498664504,0.0539285821574075,-4.947912058560075,0.3210008790045578,0.7402512392677574,-0.4192503602631995,5.642943602685099,-10.305174299856503,15.948117902541602,3.804035466569223,-6.169665888547704,-6.368199087554549,-3.693927912789363,6.169673196006144,3.183655500411988,4
2021-10-25,3.619999885559082,3.630000114440918,3.509999990463257,3.5199999809265137,3.183655500411988,31951586,-58709872.02602799,3607221,-0.1657284820780662,-1293094.9731962946,-0.0751136929868034,-0.0188713225662956,-2662381.378768413,3.776851064695602,34.40646631802504,989.6388851101138,3.834500050544739,4.0577017902453845,3.611298310844093,11.641764858964445,-0.2045197542815467,0.0,1.0,3.858000048001607,3.951000078519185,3.7650000174840295,4.82115237742159,-1.3172040653858106,0.0,1.0,3.509999990463257,3.9700000286102295,3.740000009536743,11.996349773984848,0.0217391078999471,0.0982335383178295,3.5808669380804194,-0.0148500449344646,0.0197692837575935,-0.0346193286920581,3.8533334136009216,3.808846198595487,3.798478674596625,3.8133287195310897,0.7364343134056776,1.209302200935007,-0.4728678875293294,0.0858641754307871,24.492361614175124,0.1055000066757201,34.9902579171774,46.25091633750894,-11.260658420331538,3.740000009536743,3.740000009536743,3.740000009536743,3.740000009536743,25.0,16.26369753456918,11.985978337641049,36.27729742962879,-222.6336482251948,3.830000042915344,3.830000042915344,56.00000000000001,100.0,-43.99999999999999,3.861805074173415,3.953888020324707,0.0,0.0,24.32511579480341,0.0,1.6875020910510566e-16,0.0019657913475242,0.4054243820715747,24.92829511816266,2.173910789994713,20.24849010303856,-97.82608921000528,-0.006241375824501,-9.743592439710373,-0.3894247264445294,0.5143160461253,-0.9037407725698294,24.048133141867893,-3.434512811511624,27.48264595337952,3.72250489487448,-3.5616468779251287,-3.6266209531061744,-7.124010122535829,3.5616531946727434,3.120344638824463,0
2021-10-26,3.5299999713897705,3.5799999237060547,3.440000057220459,3.450000047683716,3.120344638824463,23989945,-79272682.02602799,-20382724,-0.2589237489868091,-1348266.3410965942,-0.0350146724703359,-0.0200743447950255,-1615074.982715945,3.7238823945340784,30.27887520683176,969.9585850341034,3.82400004863739,4.093918590698068,3.554081506576712,14.117078380104005,-0.1928016098827304,0.0,1.0,3.816666714350382,3.914666716257731,3.718666712443034,5.135371214828671,-1.370748262909844,0.0,1.0,3.440000057220459,3.9700000286102295,3.705000042915344,13.859831711524844,0.018867907552966,0.1024101711346061,4.868391987018983,-0.0415489064309473,0.0075056457198853,-0.0490545521508326,3.81250007947286,3.797692353908832,3.744866578148485,3.786415484579432,0.6969698994831188,1.2348485491601795,-0.5378786496770607,0.0453752098520615,24.809764669884736,0.056000065803528,23.291464511360772,44.06573642989597,-20.774271918535195,3.705000042915344,3.705000042915344,3.705000042915344,3.705000042915344,12.5,19.082214252697195,10.72522418889456,37.72073022336889,-232.96262872225756,3.790000081062317,3.790000081062317,52.0,100.0,-48.0,3.861805074173415,3.92725473853302,0.0,0.0,21.66848719569792,0.0,0.0,1.1250013940340378e-16,-11.121742331414962,21.70558018540935,1.886790755296604,4.210728852882095,-98.1132092447034,-0.0759999910990396,-12.436548284784092,-1.0973150358210697,0.191989829736026,-1.2893048655570958,29.126800814923172,3.077749913775336,26.04905090114784,3.625763489089904,-1.988634477900564,-2.0086739326766523,-8.970974078930515,1.9886216200004156,3.120344638824463,1
2021-10-27,3.450000047683716,3.5299999713897705,3.450000047683716,3.450000047683716,3.120344638824463,12693767,-91966449.026028,-7688957,-0.3426325356942399,-1155656.863797081,-0.0126045873399412,-0.023465429160951,-477072.3174993819,3.693771216009756,23.96090239773649,969.9585850341034,3.8115000486373902,4.123158546746345,3.499841550528436,16.35358751840355,-0.0799617259711228,0.0,1.0,3.7730000416437774,3.8750000397364297,3.671000043551128,5.406837899117167,-1.083333333333337,0.0,1.0,3.440000057220459,3.9700000286102295,3.705000042915344,13.90528570448911,0.018867907552966,0.1001691463917509,5.894822793832102,-0.0619933260486367,-0.006394148633819,-0.0555991774148176,3.776666740576426,3.785384664168725,3.69950249653852,3.761495822587157,0.6769232490358712,1.292307737452032,-0.6153844884161608,-0.0022980213221803,25.08139456477416,0.0885000467300418,11.804102824737967,40.36187410727283,-28.557771282534866,3.705000042915344,3.705000042915344,3.705000042915344,3.705000042915344,6.25,21.699408348101787,10.073189704385808,35.42751784353303,-204.36505961231376,3.790000081062317,3.790000081062317,48.0,96.0,-48.0,3.861805074173415,3.8882743640280153,0.0,0.0,21.66848719569792,0.0,0.0,5.625006970170189e-17,-19.190319768417456,18.201672938779893,1.886790755296604,1.982497433529307,-98.1132092447034,-0.151774198009122,-11.082475620472044,-1.64810301466712,-0.1760287391446031,-1.472074275522517,25.82148452223612,7.626496835467492,18.194987686768624,3.553300012542865,0.0,0.0,-8.970974078930515,0.0,3.102255344390869,2
2021-10-28,3.450000047683716,3.4800000190734863,3.4100000858306885,3.430000066757202,3.102255344390869,7278213,-95085683.16888514,-14967170,-0.4140104846808279,-1011357.9005659414,-0.0432797719969815,-0.0284258555166653,-42192.49830933587,3.671044573679208,19.294838328388977,964.3356421552432,3.793500053882599,4.146842687437353,3.440157420327845,18.628845579855057,-0.0143732352199568,0.0,1.0,3.723666707674662,3.826666704813639,3.620666710535686,5.532181326899556,-0.9255662576437724,0.0,1.0,3.4100000858306885,3.9700000286102295,3.690000057220459,14.762091335846646,0.0357142553037495,0.0971522250768556,6.805201920121911,-0.0788999971500965,-0.0208953183370745,-0.0580046788130219,3.7375000715255737,3.7734615894464345,3.658040584264471,3.736940581414568,0.606060671740646,1.3409090826990857,-0.7348484109584394,-0.0537847654508192,25.27197392936197,0.1265000224113461,-1.355778834114005,34.92660621108649,-36.28238504520049,3.685000061988831,3.690000057220459,3.6875000596046448,3.690000057220459,3.125,24.341925324082645,9.527392888829716,36.604122611844986,-180.5555317386656,3.790000081062317,3.790000081062317,44.0,100.0,-56.0,3.861805074173415,3.852412419483411,0.0,0.0,20.91171208457048,0.0,0.0,0.0,-25.592180067974123,18.535658102361133,3.571425530374956,2.4483356803227214,-96.42857446962503,-0.2287812434136866,-12.051282490185418,-2.1113527344400547,-0.5630935382036935,-1.5482591962363612,19.730284098862835,10.04725428814656,9.683029810716274,3.502313378204008,-0.5797095840604838,-0.5813964224045565,-9.498678066471856,0.5797210413401217,3.0479886531829834,3
2021-10-29,3.4200000762939453,3.490000009536743,3.369999885559082,3.369999885559082,3.0479886531829834,14285077,-109370760.16888514,-29252247,-0.4968356893120895,-989322.0874035351,-0.01260066325284,-0.0256980046894547,-292077.9769529052,3.640266349630642,18.232948326122,964.3356421552432,3.771500051021576,4.169910700265739,3.3730894017774125,21.12743703324342,-0.0038773012521021,0.0,1.0,3.671333360671997,3.779333376884461,3.563333344459534,5.883421939798735,-0.8950621753616972,0.0,1.0,3.369999885559082,3.9700000286102295,3.669999957084656,15.908793183991262,0.0,0.0994370149669362,7.787702184256588,-0.0960331585114877,-0.0359228863719572,-0.0601102721395305,3.691666722297669,3.7600000454829288,3.6137266306174887,3.709759789128976,0.62500004382694,1.3161764886346223,-0.6911764448076824,-0.1086529295243315,25.412339999174165,0.1485000252723689,-16.777020216720263,27.59293653070177,-44.36995674742204,3.6649999618530273,3.669999957084656,3.6674999594688416,3.669999957084656,1.5625,26.994568642397013,8.661025577005557,36.30670754840948,-155.27953519601417,3.790000081062317,3.790000081062317,40.0,100.0,-60.0,3.861805074173415,3.8081711861181375,0.0,0.0,18.79137691803004,0.0,0.0,0.0,-31.667453439441417,16.49768708329348,0.0,1.8194054285571863,-100.0,-0.2859999981793493,-14.030616837508974,-2.588662446363828,-0.9682073198357204,-1.6204551265281075,19.0405477635365,11.845912983224547,7.194634780311953,3.4435073814729296,-1.749276385724552,-1.7647570235049148,-11.081796319823622,1.7492657819416593,3.0751218795776367,4
2021-11-01,3.4200000762939453,3.430000066757202,3.380000114440918,3.400000095367432,3.0751218795776367,10967121,-111564184.36888497,-18285126,-0.4982256009271383,-800988.0847753787,-0.0113976280133733,-0.0270209415250703,-152254.6352707132,3.613628800673753,13.447222424599955,972.9202927703064,3.749000060558319,4.176873926498488,3.3211261946181496,22.82602608848442,0.0921695703194824,0.0,0.0,3.620333361625671,3.7263333797454834,3.5143333435058595,5.855815336972936,-0.5393076820477349,0.0,1.0,3.369999885559082,3.9700000286102295,3.669999957084656,16.004271361942646,0.0500003377595739,0.0954933315900546,8.577037013508548,-0.1059690014337184,-0.0499321093843094,-0.0560368920494089,3.648333390553793,3.748846200796274,3.580845625194403,3.6868146266281214,0.616541407296862,1.3684208356301284,-0.7518794283332664,-0.1617895781505315,25.485526348743992,0.1810000061988832,-30.798287188327013,18.66260630665529,-49.4608934949823,3.6649999618530273,3.669999957084656,3.6674999594688416,3.669999957084656,0.78125,29.45773743797464,8.256736543688751,34.61194246924465,-130.47944564037422,3.785000085830689,3.785000085830689,36.0,96.0,-60.0,3.861805074173415,3.755590630051052,0.0,0.0,22.99561035412184,0.0927900036097309,0.0309300012032436,0.0103100004010812,-35.09827256300676,16.411437080737155,5.000033775957394,2.857153102110784,-94.9999662240426,-0.3081176400184633,-13.265305377701225,-2.874269855293358,-1.3494198269272482,-1.5248500283661095,16.213628811510286,12.719456148881696,3.494172662628589,3.427672940641744,0.8902139711311374,0.8862749265819758,-10.290234047783851,-0.8902010303194032,3.0570333003997803,0
2021-11-02,3.4100000858306885,3.4200000762939453,3.369999885559082,3.380000114440918,3.0570333003997803,5218768,-114695405.3529968,-23503894,-0.5585489976603129,-701471.967016025,-0.0095809469015842,-0.0278562187261401,66932.23821631052,3.5879109508820592,7.117976428590509,967.197237843062,3.7230000615119936,4.173604139719691,3.272395983304296,24.206503935683365,0.1193998638057418,0.0,0.0,3.569000029563904,3.6750000715255737,3.4629999876022337,5.940041528922159,-0.3915086806820736,0.0,1.0,3.369999885559082,3.9700000286102295,3.669999957084656,16.116039031368533,0.0166670441626602,0.0909440175045354,9.356119903151324,-0.1141413098776524,-0.062773949482978,-0.0513673603946744,3.602500061194102,3.7373077410918016,3.549946315847713,3.6640876257253656,0.589552038309228,1.358208687009696,-0.7686566487004681,-0.2123235758190066,25.542653371324395,0.1870000243186953,-45.40860954516736,7.908632134841834,-53.31724168000919,3.6449999809265137,3.669999957084656,3.6574999690055847,3.669999957084656,0.390625,31.79771150439924,7.924756227638392,34.02445241025761,-115.34216086763377,3.775000095367432,3.775000095367432,32.0,92.0,-60.0,3.861805074173415,3.709319740712015,0.0,0.0,22.171528626709502,0.0746020158056126,0.0557973398051145,0.0289091136694527,-38.09405373868548,16.671209807227935,1.6667044162660245,2.222246064074473,-98.33329558373396,-0.318029405088986,-13.99490949042428,-3.1151359229586206,-1.7025630461335226,-1.412572876825098,9.973378572155688,12.170240633536496,-2.196862061380809,3.4103224549345463,-0.5882347166332291,-0.5899716318173542,-10.817938035325202,0.5882231627300882,3.066077709197998,1
2021-11-03,3.450000047683716,3.450000047683716,3.390000104904175,3.390000104904175,3.066077709197998,8757369,-123452774.3529968,-14746525,-0.5812261637062649,-588751.170801847,0.0171284810715292,-0.0290731975343726,-4789.255003252343,3.566690433230287,8.652408948720051,967.197237843062,3.700500071048737,4.1700307283330265,3.230969413764447,25.3766057705397,0.1693507001859501,0.0,0.0,3.519000029563904,3.623000073432922,3.414999985694885,5.910772548751972,-0.120191683871769,0.0,1.0,3.369999885559082,3.9700000286102295,3.669999957084656,16.21402868615822,0.0333336909611167,0.0888496090783617,10.050089540042038,-0.1184456399334932,-0.0739082875730811,-0.0445373523604121,3.559166729450226,3.7269231264407816,3.5253392064717843,3.6437848464052776,0.5851851681786514,1.35555529260839,-0.7703701244297386,-0.2581573419308591,25.53333396651726,0.1895000338554382,-59.60294243473629,-4.388158529011757,-55.21478390572454,3.6449999809265137,3.669999957084656,3.6574999690055847,3.669999957084656,0.1953125,33.294793583407376,9.92131950801774,32.07978218094215,-94.67820046010168,3.755000054836273,3.765000104904175,28.000000000000004,88.0,-60.0,3.861805074173415,3.668601358093663,0.0,0.0,23.644919483480862,0.1071206532686761,0.0915042242280066,0.0594105217454549,-40.04416763365962,17.519040476023697,3.333369096111672,3.333369096111697,-96.66663090388832,-0.3208529247957119,-13.299231956820758,-3.250621124085963,-2.012174661724011,-1.238446462361952,7.26321482714245,11.188835472257688,-3.925620645115238,3.4034006244862502,0.2958576959962933,0.2954208984356166,-10.554086041554534,-0.29585574998594666,3.066077709197998,2
2021-11-04,3.390000104904175,3.4200000762939453,3.380000114440918,3.390000104904175,3.066077709197998,3948043,-125426795.8529968,-10798482,-0.6083018434276839,-504643.8606872975,-0.0202631651712461,-0.029840153841786,25909.350153293268,3.5540321094971765,8.447660312472891,967.197237843062,3.6750000715255737,4.15372758492084,3.196272558130308,26.053197500838998,0.2023359232059783,0.0,0.0,3.470000036557516,3.57300005753835,3.367000015576681,5.93660057035722,0.1116508963225048,0.0,0.0,3.369999885559082,3.9700000286102295,3.669999957084656,16.32653418703402,0.0333336909611167,0.0839646443558282,10.659889269723658,-0.120468170433841,-0.083220264145233,-0.0372479062886079,3.5175000627835598,3.715000051718492,3.5045178062306137,3.624985976664455,0.5757575702842395,1.3863633284885002,-0.8106057582042607,-0.2985082788611009,25.40945464520353,0.215000033378601,-73.58736345439358,-17.493797380020265,-56.093566074373314,3.5,3.669999957084656,3.584999978542328,3.669999957084656,0.09765625,34.754139180563385,9.5842199164472,31.839230339055064,-87.23985453398276,3.755000054836273,3.765000104904175,24.0,84.0,-60.0,3.861805074173415,3.632769181389513,0.0,0.0,23.644919483480848,0.1163139840083454,0.0993455510275447,0.0822157050202219,-41.60209039695154,18.747355864717345,3.389866808909579,2.796646773762425,-96.61013319109044,-0.3177940971711099,-12.85347009039006,-3.323272730138678,-2.2743942754069444,-1.0488784547317338,1.2912846702366203,9.209325311853474,-7.918040641616853,3.398836382441035,0.0,0.0,-10.554086041554534,0.0,3.0841665267944336,3
2021-11-05,3.4100000858306885,3.440000057220459,3.380000114440918,3.4100000858306885,3.0841665267944336,7984595,-125426795.8529968,-2813887,-0.6180534313201336,-409738.7737739784,0.0075144557186853,-0.0264818096315017,47106.70878001358,3.539245379072077,12.947061064583336,967.197237843062,3.648500072956085,4.1242847221251004,3.17271542378707,26.08110947814921,0.2493614101022905,0.0,0.0,3.438000043233236,3.5170000394185386,3.359000047047933,4.595694891906279,0.3227850711734812,0.0,0.0,3.369999885559082,3.9700000286102295,3.669999957084656,16.445118022569087,0.0666669845580296,0.0815681741981995,11.156499376725971,-0.1190844773851744,-0.0903931067932213,-0.028691370591953,3.477500061194102,3.700384671871479,3.489976618476779,3.6090610958619536,0.5877862387024207,1.358778350871956,-0.7709921121695352,-0.3319647227394955,25.22810373451741,0.2415000319480897,-82.9550860238065,-30.59883559568514,-52.35625042812136,3.4749999046325684,3.669999957084656,3.572499930858612,3.669999957084656,0.048828125,35.644788792573806,10.81990112357785,30.182615294575104,-74.88985525629197,3.755000054836273,3.765000104904175,20.0,80.0,-60.0,3.861805074173415,3.6012368658898617,0.0,0.0,26.85675329972348,0.2106206171796969,0.1446850848189061,0.1118449533581525,-42.04204419941761,22.843544385781257,6.779693207900947,4.500976370974066,-93.22030679209904,-0.3112058373058546,-12.339331777095428,-3.299597158987232,-2.479434852123002,-0.8201623068642299,-0.3976002939635821,7.287940190690064,-7.685540484653646,3.4012601214004605,0.5899699205784925,0.5882364128172224,-10.026382054013194,-0.5899660514856038,3.120344638824463,4
2021-11-08,3.440000057220459,3.490000009536743,3.430000066757202,3.450000047683716,3.120344638824463,6659495,-127646627.51966348,3845608,-0.6113226057231558,-313150.4423833492,0.0450483749587142,-0.0227876916999829,125223.87571713269,3.5277662365120963,16.67447759093396,978.5426488824436,3.627000069618225,4.097833405285849,3.156166733950601,25.96268688338808,0.3120353758686924,0.0,0.0,3.428333377838135,3.501333355903625,3.355333399772644,4.258627736578146,0.6484018928481259,0.0,0.0,3.369999885559082,3.9700000286102295,3.669999957084656,16.542600814295074,0.1333335717518556,0.081411349148985,11.553831205500234,-0.1134524191805912,-0.0950049692706953,-0.0184474499098958,3.440833389759064,3.686538522060101,3.483826376816308,3.597278795996899,0.6156716756497659,1.2873131639577398,-0.6716414883079739,-0.3567437158672785,25.096927014815886,0.0230000257492068,-88.31241951327678,-42.9992671539782,-45.31315235929858,3.4499999284744263,3.669999957084656,3.559999942779541,3.669999957084656,0.0244140625,35.39668949578006,14.41254564309739,28.08441096098601,-55.55141916755841,3.7500000596046448,3.765000104904175,16.0,76.0,-60.0,3.861805074173415,3.573488428250168,0.0,0.0,32.9330421792327,0.3692978633983849,0.2320774881954757,0.1587027080139755,-40.730924115543246,25.463645006501025,13.559346005883684,7.90963534089807,-86.44065399411632,-0.2919705545201019,-11.311055150506167,-3.1538400445037134,-2.614315890599144,-0.5395241539045692,-2.8896653920094333,5.252419074150165,-8.142084466159599,3.403632641424821,1.1730193796544386,1.1661928398920107,-8.970974078930515,-1.1730271927836355,3.0932106971740723,0
2021-11-09,3.440000057220459,3.4600000381469727,3.4200000762939453,3.4200000762939453,3.0932106971740723,6359454,-134006081.51966348,-2513846,-0.6396419963166987,-295669.441764951,-0.0125796723134064,-0.0249268328037498,22817.62043924264,3.513758098282332,13.525955537390727,970.0335906029072,3.603000068664551,4.064566993853338,3.1414331434757625,25.621255420062617,0.3017622338345025,0.0,0.0,3.4226667165756224,3.4856667041778566,3.3596667289733886,3.681339307571583,0.4788361840758304,0.0,0.0,3.369999885559082,3.9700000286102295,3.669999957084656,16.652792995186843,0.0833336313564861,0.0772702104193892,11.991797313511,-0.1101400930151523,-0.0980319940195867,-0.0121080989955656,3.42166672150294,3.670000067124,3.474006945966713,3.584147038981865,0.5999999633202305,1.3384612873461943,-0.7384613240259638,-0.3755734240986833,24.857822710179303,-0.083000087738037,-92.68910031943363,-54.60962305888616,-38.07947726054748,3.4299999475479126,3.669999957084656,3.549999952316284,3.669999957084656,0.01220703125,35.270700156041634,13.892517841595255,27.973120458205265,-57.35097395956482,3.7600000500679016,3.765000104904175,12.0,72.0,-60.0,3.861805074173415,3.549069803127238,0.0,0.0,30.8622446623137,0.3152207031486003,0.298379727908894,0.225047433641092,-40.19919517692978,28.056820691554265,9.090940617321849,9.809993277035494,-90.90905938267817,-0.2738528938854441,-6.3013702209323785,-3.072979200274089,-2.706048552534133,-0.3669306477399559,-5.180627626734536,3.1658097339732247,-8.34643736070776,3.403967607570923,-0.8695643760907257,-0.8733671481950367,-9.762530060242526,0.8695815620101826,3.120344638824463,1
2021-11-10,3.450000047683716,3.4800000190734863,3.430000066757202,3.450000047683716,3.120344638824463,6425232,-135291127.91966346,3911386,-0.6803048466892962,-225894.2677738669,0.0116727079969907,-0.0207645582583498,1062.082704634333,3.503311774382896,17.05370769129614,970.0335906029072,3.579500067234039,4.021562309996205,3.137437824471873,24.699663889307168,0.3535273915940434,0.0,0.0,3.4203333854675293,3.480333375930786,3.3603333950042726,3.5084293664581,0.7472222244298028,0.0,0.0,3.369999885559082,3.9700000286102295,3.669999957084656,16.762121295747907,0.1333335717518556,0.0755431836554044,12.076124019910589,-0.1038966478115344,-0.0992049247779763,-0.0046917230335581,3.4158333937327066,3.6526923729823184,3.470313577000098,3.5742102248116323,0.6183206634805938,1.274809042214461,-0.6564883787338669,-0.3873718091769263,24.57827839092022,-0.1295000195503233,-96.7079767390464,-65.20431171498976,-31.50366502405663,3.4299999475479126,3.669999957084656,3.549999952316284,3.669999957084656,0.006103515625,34.73039141825192,14.963231570218245,26.43248528681785,-46.99453565795231,3.785000085830689,3.785000085830689,8.0,68.0,-60.0,3.861805074173415,3.527581413019059,0.0,0.0,35.24704725299215,1.0,0.5615061888489951,0.3639878016511216,-38.50908518288397,27.787704016019603,14.545478978424438,12.398588533876657,-85.45452102157556,-0.2581764312351451,-1.9886344779005616,-2.9068421071122077,-2.7462072634497483,-0.1606348436624589,-6.959757907348363,1.1406962057089072,-8.100454113057271,3.4041592098190514,0.8771921263311722,0.8733671481950367,-8.970974078930515,-0.8772096150831175,3.102255344390869,2
2021-11-11,3.4600000381469727,3.470000028610229,3.430000066757202,3.430000066757202,3.102255344390869,7838164,-143129291.91966346,-3926778,-0.6932976129755165,-216018.3910202982,-0.0025516130886067,-0.0109730281277999,10923.041280132413,3.4639804952822155,19.132283038880036,970.0335906029072,3.555000066757202,3.9724926118128137,3.13750752170159,23.48762515981833,0.3502967280728934,0.0,0.0,3.420666718482971,3.477666711807251,3.363666725158692,3.332683246589929,0.5818714856783604,0.0,0.0,3.369999885559082,3.9700000286102295,3.669999957084656,16.877640837808908,0.1000002781549426,0.0719888614751667,11.934405675646913,-0.0994164923804836,-0.0992472382984777,-0.0001692540820058,3.414166728655497,3.636923148081853,3.464111498501191,3.5635279908816746,0.7523809502184251,1.3619046602659974,-0.6095237100475723,-0.394277855445295,24.27968145825769,-0.1050000190734863,-100.46131701042916,-74.50256691429074,-25.95875009613843,3.4299999475479126,3.669999957084656,3.549999952316284,3.669999957084656,0.0030517578125,34.2286761617329,14.394069547965485,25.42706298158836,-46.58590660876083,3.785000085830689,3.785000085830689,4.0,64.0,-60.0,3.861805074173415,3.5086716297238616,0.0,0.0,33.71203054708556,0.906718068929392,0.7406462573593308,0.5335107247057399,-37.51316220879753,27.01347835244957,23.076972453508414,15.571130683084904,-76.92302754649158,-0.2399411474957182,-0.5797095840604812,-2.7898333515232587,-2.7549324810644507,-0.034900870458808,-6.998566490710808,-0.487156333575036,-6.5114101571357725,3.404266768016505,-0.5797095840604838,-0.5813964224045565,-9.498678066471856,0.5797210413401217,3.1384334564208984,3
2021-11-12,3.450000047683716,3.5,3.440000057220459,3.470000028610229,3.1384334564208984,7869133,-143129291.91966358,3942355,-0.6763508747814347,-140192.18947219918,0.0152494272390966,-0.0045185195402356,46329.63764327909,3.442429079099493,28.899796289140863,970.0335906029072,3.532000064849853,3.913449964735877,3.1505501649638306,21.59965418359858,0.4187310885936134,0.0,0.0,3.426666728655497,3.4776667038599647,3.3756667534510294,2.976652195439983,0.9248364806159354,0.0,0.0,3.369999885559082,3.9600000381469727,3.6649999618530273,16.704420774493155,0.1694917240487497,0.0717899686519298,11.589364182321065,-0.0915825674661086,-0.0977143041320039,0.0061317366658953,3.4158333937327066,3.620384683975807,3.4650174262102738,3.5565999936763824,0.8673467923084203,1.0714285192962174,-0.2040817269877971,-0.3947654070913916,24.140842222182595,-0.1019999980926513,-99.1294140567347,-82.09491434411382,-17.034499712620885,3.434999942779541,3.669999957084656,3.5524999499320984,3.669999957084656,39.80564299623861,33.1094404427695,16.29798455148225,23.72622884536732,-32.86190373153927,3.790000081062317,3.790000081062317,20.0,60.0,-40.0,3.369999885559082,3.5086716297238616,1.0,0.0,39.39665334205453,1.0,0.968906022976464,0.7570194897282633,-35.02015205520975,32.49100325304111,47.61910708852346,28.413852840152103,-52.38089291147654,-0.2215441009577583,0.5797095840604684,-2.575003307342461,-2.718946646320053,0.1439433389775919,-6.929174521269675,-1.775559971113964,-5.153614550155711,3.4108062458795203,1.1661796231637878,1.159432156320106,-8.443270091389188,-1.166187435068565,3.111299753189087,4
2021-11-15,3.430000066757202,3.4800000190734863,3.430000066757202,3.440000057220459,3.111299753189087,6285658,-146900686.7196636,-2343303,-0.6832219374345506,-147103.2424284392,-0.0119319022684531,-0.0028697502401011,37425.41328579609,3.4327139274526,33.539621967365335,961.6471411143584,3.508500063419342,3.849690659659303,3.167309467179381,19.449370960389317,0.3996162160478969,0.0,0.0,3.4313333908716834,3.4823333660761517,3.380333415667216,2.9726039061166256,0.5849673584548754,0.0,0.0,3.369999885559082,3.9600000381469727,3.6649999618530273,16.816307308624744,0.1186443280638799,0.0696109670183652,11.104911358306238,-0.0867943611344732,-0.0955303155324978,0.0087359543980245,3.4166667262713117,3.601153914745037,3.461168600211841,3.547962961346314,0.9213481099297336,1.044943516219163,-0.1235954062894294,-0.391745436819562,24.00883290149905,-0.1385001778602599,-97.55234220158036,-87.8886624170486,-9.66367978453178,3.440000057220459,3.669999957084656,3.5550000071525574,3.669999957084656,69.90282149811931,32.21597022824596,15.50041993800741,23.543880637870465,-37.33333208133024,3.795000076293945,3.795000076293945,16.0,56.00000000000001,-40.00000000000001,3.3725998878479,3.5086716297238616,0.0,0.0,36.84461658821367,0.8761464441765343,0.927621504368642,0.8790579282348122,-33.6133331171376,32.593728495016336,43.75008381898675,38.14872112033954,-56.24991618101325,-0.2165146869771623,0.2915449057909508,-2.446315310505332,-2.6644203791571086,0.2181050686517767,-8.353849500586591,-3.0912178770084897,-5.262631623578102,3.4115998392916995,-0.8645524824904771,-0.8683114184629304,-9.234826072701184,0.8645620054903134,3.0751218795776367,0
2021-11-16,3.430000066757202,3.470000028610229,3.390000104904175,3.400000095367432,3.0751218795776367,8607123,-153356028.96966347,-10950426,-0.6838738723261686,-175272.00660499226,-0.0232365238106224,-0.0036291742737212,-154425.54075007382,3.426562244181589,34.86556371084974,961.6471411143584,3.484000062942505,3.7793913545405937,3.188608771344416,16.95701987723893,0.3578157685004408,0.0,0.0,3.434333395957947,3.4883333444595337,3.38033344745636,3.1447120751376336,0.1820987654321035,0.0,0.0,3.369999885559082,3.9600000381469727,3.6649999618530273,16.934562053066966,0.0508478000840533,0.0706498626871341,10.609525740171604,-0.0852446880465738,-0.093473190035313,0.0082285019887392,3.419166743755341,3.5826923755499034,3.4517580610050085,3.5370027490515823,0.8651683797981745,0.9999997321139164,-0.1348313523157418,-0.3878807218213054,23.94325188655096,-0.0839999675750728,-95.41923421395886,-91.86825039251778,-3.550983821441079,3.440000057220459,3.669999957084656,3.5550000071525574,3.669999957084656,59.840794405854766,31.939038195993955,14.29504497319732,25.601214830923187,-50.72461997521537,3.795000076293945,3.795000076293945,12.0,52.0,-40.0,3.3751478900909424,3.5086716297238616,0.0,0.0,33.709172206919675,0.7239793818779544,0.8667086086848296,0.9210787120099786,-33.309871544767475,28.88163463746272,23.077064152881537,38.14875168679725,-76.92293584711847,-0.2112352749880623,0.8902139711311303,-2.410082606507203,-2.613552824627128,0.2034702181199246,-7.120558367808755,-3.897085975168543,-3.223472392640212,3.41145734239812,-1.1627895694091062,-1.1696028347801146,-10.290234047783851,1.162789717524575,3.0751218795776367,1
2021-11-17,3.380000114440918,3.430000066757202,3.369999885559082,3.400000095367432,3.0751218795776367,8544193,-153355995.0181933,-2406233,-0.6551628822782439,-150233.14851856482,-0.021067067093447,-0.0020425524948973,-100082.72847021245,3.423603175643914,34.49317014645351,961.6471411143584,3.4595000624656675,3.6903658398222814,3.228634285109053,13.34677110495967,0.3711373167138436,0.0,0.0,3.4333333889643347,3.48733336130778,3.3793334166208906,3.145629405930407,0.1913582345477845,0.0,0.0,3.369999885559082,3.920000076293945,3.6449999809265137,15.89825641867064,0.054545817099202,0.0695848945382327,10.064336759834314,-0.0830591072734718,-0.0913903734829448,0.0083312662094729,3.419166743755341,3.5634616063191342,3.443795297060766,3.526854404334238,0.8863632176533761,0.988636105021203,-0.1022728873678269,-0.3828973676062223,23.97323579697981,-0.0794999480247495,-92.61675336967689,-93.98262704977148,1.3658736800946087,3.434999942779541,3.669999957084656,3.5524999499320984,3.669999957084656,42.25447268812005,31.937109376631646,13.450240096474014,26.058181229187444,-67.18121626543095,3.810000061988831,3.795000076293945,8.0,48.0,-40.0,3.3751478900909424,3.5,0.0,1.0,33.70917220691966,0.7239793818779537,0.7747017359774807,0.8563439496769841,-33.06440820038314,28.668877353640195,23.077064152881537,29.968070708249943,-76.92293584711847,-0.2120882286744962,0.0,-2.3550478060959508,-2.5618518209208925,0.2068040148249417,-6.134065151972085,-4.344481810529252,-1.7895833414428337,3.4113673991010924,0.0,0.0,-10.290234047783851,0.0,3.0841665267944336,2
2021-11-18,3.430000066757202,3.430000066757202,3.390000104904175,3.4100000858306885,3.0841665267944336,6161998,-153355995.0181933,3755765,-0.6513502006608233,-119968.424268112,0.0064914660054733,-0.0006788289764464,18123.5057371214,3.424690504354411,43.275788399233,964.4755122821308,3.435500061511993,3.555579198754188,3.3154209242697994,6.990489599313017,0.393820124515582,0.0,0.0,3.4346667210261024,3.4886666933695474,3.3806667486826583,3.144408277686525,0.2716051126977216,0.0,0.0,3.369999885559082,3.920000076293945,3.6449999809265137,16.00931977549734,0.0727276116362098,0.0666264012697122,9.327446253863098,-0.0796024950949298,-0.0890327978053418,0.0094303027104119,3.421666741371155,3.543846222070547,3.4385960337946004,3.5181985288895303,0.9500000447034862,0.9999997019767584,-0.0499996572732721,-0.3761263581422233,23.9735970295568,-0.0454999566078186,-89.21760555233529,-94.67846255294134,5.460857000606055,3.434999942779541,3.669999957084656,3.5524999499320984,3.669999957084656,27.18365774345148,31.93531833008093,12.90278797198776,24.997560260948653,-60.86743969726606,3.817500054836273,3.795000076293945,4.0,44.0,-40.0,3.3751478900909424,3.497399997711182,0.0,0.0,35.30542725708257,0.7624849658518128,0.736814576535907,0.7927416403994058,-32.43297917876047,33.11512522755096,30.76935773759308,25.64116201445205,-69.23064226240693,-0.2092058714698339,0.8875730879888675,-2.262592472860117,-2.501999951308737,0.2394074784486197,-7.64619972860917,-5.004825394145236,-2.6413743344639347,3.41135060236016,0.2941173583165923,0.2936856794354847,-10.026382054013194,-0.2941232110786842,3.0841665267944336,3
2021-11-19,3.450000047683716,3.450000047683716,3.4100000858306885,3.4100000858306885,3.0841665267944336,5634237,-158990232.0181933,9390002,-0.6426983947945911,-102830.07794409602,0.0141988786435824,0.0011494929276218,18123.5057371214,3.42704351412083,51.485887408400494,964.4755122821308,3.423500061035156,3.492572457853319,3.3544276642169937,4.035191797091851,0.4022766269425447,0.0,0.0,3.43600005308787,3.4880000273386638,3.384000078837077,3.026773774584877,0.2500001910406209,0.0,0.0,3.369999885559082,3.630000114440918,3.5,7.594573513844782,0.1538467886879653,0.0639637573280437,8.615331214899708,-0.0759871722189222,-0.0864236726880579,0.0104365004691356,3.4233334064483643,3.5242308378219604,3.434196657184768,3.5101838294036902,0.9743589900341,0.91025646511935,0.0641025249147501,-0.3677313161468855,23.932130057158798,-0.0334999561309814,-84.18303696191664,-94.21964226945688,10.036605307540228,3.434999942779541,3.669999957084656,3.5524999499320984,3.669999957084656,45.79405408689978,31.41858136792502,14.460585672801871,23.94785491190346,-30.336617640760945,3.847500026226044,3.805000066757202,4.0,40.0,-36.0,3.3751478900909424,3.49485199546814,0.0,0.0,35.30542725708257,0.7624849658518128,0.7496497711938597,0.7537220279024158,-31.9084219711046,28.616288792344164,30.76935773759308,28.205259876022563,-69.23064226240693,-0.205147044798907,0.5899699205784836,-2.164763326136995,-2.434552626274389,0.2697893001373939,-9.368654202863794,-5.877591155888948,-3.4910630469748467,3.411344981063471,0.0,0.0,-10.026382054013194,0.0,3.0389442443847656,4
2021-11-22,3.4100000858306885,3.4100000858306885,3.3499999046325684,3.359999895095825,3.0389442443847656,6867739,-163568733.78148013,2522263,-0.6083171263855152,-137195.53251169075,-0.0436826931170999,-0.0012863460877721,-100700.36694254469,3.425251171552686,50.64555220202226,964.4755122821308,3.415500056743622,3.4743133463523845,3.3566867671348595,3.4439050582148614,0.0281664907965979,0.0,0.0,3.427666711807251,3.4796667098999023,3.3756667137146,3.0341338563359983,-0.1506424922445194,0.0,1.0,3.3499999046325684,3.5799999237060547,3.4649999141693115,6.734007180569954,0.0434782157998942,0.0635673997150513,7.807170067532935,-0.0762773228194872,-0.0843944027143438,0.0081170798948565,3.420833388964335,3.502307754296523,3.422781770709546,3.4990590935290333,0.9113924585460866,0.9493671191691924,-0.0379746606231057,-0.3606018889014839,23.91878043788903,-0.0054999709129335,-81.31593466113709,-92.95595719631282,11.640022535175731,3.424999952316284,3.6549999713897705,3.539999961853028,3.659999966621399,38.88752330783203,31.746079536998817,13.541979010721708,28.77905668506625,-139.45601246069776,3.847500026226044,3.805000066757202,4.0,100.0,-96.0,3.3751478900909424,3.4923549532699583,0.0,0.0,30.979626944238063,0.4656444507386676,0.6635381274807645,0.7166674917368437,-32.624955872891874,28.94151974427413,6.666656070292111,22.73512384849275,-93.3333439297079,-0.2055882306659922,-0.8849619138639415,-2.1799381142362058,-2.3836297238667523,0.2036916096305465,-9.38389683603419,-6.578852291917997,-2.8050445441161926,3.407282329255968,-1.4662812163150685,-1.477137371208315,-11.345648313594292,1.466272395371277,3.120344638824463,0
2021-11-23,3.390000104904175,3.450000047683716,3.369999885559082,3.450000047683716,3.120344638824463,7162171,-156406562.78148013,9684434,-0.4958861824275093,-25510.95888708276,0.0335094285645513,-0.0001162784096991,91143.83037466438,3.4264948341705592,49.84661249899837,964.4755122821308,3.415500056743622,3.4743133463523845,3.3566867671348595,3.4439050582148614,0.7933009798431144,0.0,0.0,3.426666704813639,3.482666722933451,3.370666686693828,3.2684835114629025,0.7083333510728061,0.0,0.0,3.3499999046325684,3.5299999713897705,3.439999938011169,5.270094093595663,0.5555561442431869,0.0662106750023352,6.891292173818379,-0.0684558921967424,-0.0812067006108235,0.0127508084140811,3.424166719118754,3.484615445137024,3.426969197936341,3.495425090133084,0.913580028881028,0.9382716594464096,-0.0246916305653818,-0.3490912621148541,24.023481047177828,0.0344999909400938,-74.93660153218453,-90.5369155066615,15.600313974476975,3.424999952316284,3.6549999713897705,3.539999961853028,3.659999966621399,69.44376165391601,31.105137622126232,16.41795918526574,26.100684242894207,-3.9332851854402624,3.847500026226044,3.805000066757202,4.0,96.0,-92.0,3.3751478900909424,3.4866607513244627,0.0,0.0,44.22639620042279,1.0,0.7427098055301601,0.7186325680682614,-29.187697333333656,38.02126561954581,66.66671964853946,34.70091115214154,-33.33328035146055,-0.1962058964897606,1.1730193796544497,-1.9584425479458936,-2.2985922886825807,0.3401497407366869,-8.98909324447821,-7.06090048243004,-1.9281927620481705,3.4079263867738754,2.6785760535068093,2.6433302111003254,-8.970974078930515,-2.678574790903312,3.111299753189087,1
2021-11-24,3.430000066757202,3.4600000381469727,3.4100000858306885,3.440000057220459,3.111299753189087,6092147,-155188133.38148013,3592287,-0.4244606371953374,-30569.595031893616,0.0205182766646001,0.0027966817214327,174185.81730018253,3.42831967651166,54.93604795985735,961.6799337918228,3.415000057220459,3.4727928177204666,3.357207296720452,3.384641846656145,0.7162900662964237,0.0,0.0,3.425000039736429,3.481000057856241,3.3690000216166185,3.270074012852913,0.6339286842009285,0.0,0.0,3.3499999046325684,3.5,3.424999952316284,4.392389249021562,0.6000006357824734,0.0645896027337301,5.90844788600359,-0.0623455866210429,-0.0774344778128674,0.0150888911918244,3.423333386580149,3.4673077509953427,3.4289739455185133,3.4913195321395563,0.9756097773722724,0.8902439981752254,0.0853657791970469,-0.3349759661491561,24.05284234630405,0.0050000190734862,-69.66817173712606,-87.11545492073893,17.447283183612868,3.424999952316284,3.6549999713897705,3.539999961853028,3.659999966621399,84.721880826958,30.286155573904075,16.606890240144303,24.724030524494808,45.901685690971846,3.8550000190734863,3.805000066757202,4.0,92.0,-88.0,3.3751478900909424,3.481194317456787,0.0,0.0,43.23352181373115,0.9428385262513564,0.8028276589966747,0.7363585306691998,-26.714518757442107,41.33524770315578,60.000063578247335,44.44447976569296,-39.999936421752665,-0.175823528626386,-0.2898547920302406,-1.7857313272851945,-2.196020096403104,0.4102887691179091,-9.744764304525216,-7.597673246849076,-2.14709105767614,3.408159647752835,-0.2898547920302419,-0.2902756845473808,-9.234826072701184,0.2898681614471741,3.1746113300323486,2
2021-11-25,3.450000047683716,3.539999961853028,3.440000057220459,3.509999990463257,3.1746113300323486,8427793,-151817016.18148017,12020080,-0.3779682217848824,58075.339598965336,0.0652601399866794,0.0069213734548608,153837.24136990978,3.4356203507357077,55.23325304931322,961.6799337918228,3.4190000534057616,3.489964838294383,3.3480352685171404,4.151201157071129,1.141162635808162,1.0,0.0,3.4303333679835,3.492333380381266,3.3683333555857344,3.614809742775063,1.142472633462147,1.0,0.0,3.3499999046325684,3.539999961853028,3.444999933242798,5.557182048920855,0.8421054612896163,0.068130632923614,4.902459158403837,-0.0512637788985363,-0.0722003380300012,0.0209365591314648,3.430833379427592,3.452692361978384,3.4414394908946275,3.492703269793164,1.0116278973058974,0.8255815404115376,0.1860463568943597,-0.3152338211593791,24.23310923248824,0.0309999942779541,-62.33575078425169,-83.02727011268527,20.691519328433586,3.444999933242798,3.634999990463257,3.539999961853028,3.659999966621399,92.360940413479,28.260427262788784,23.07383866989545,22.20184742000303,201.0356705628145,3.8600000143051143,3.805000066757202,4.0,88.0,-84.0,3.3499999046325684,3.481194317456787,1.0,0.0,51.44998391827808,1.0,0.9809461754171188,0.8421612133146512,-21.812679444693668,48.94335555283323,84.21054612896162,70.29244311858281,-15.789453871038372,-0.1468823657316318,2.631576378993511,-1.4677393107480383,-2.0503639392720907,0.5826246285240522,-7.710099732393847,-7.620158543958031,-0.0899411884358167,3.412489673466262,2.034881746465955,2.0144546741592384,-7.387862116306499,-2.0348915844051163,3.111299753189087,3
2021-11-26,3.5299999713897705,3.5299999713897705,3.430000066757202,3.440000057220459,3.111299753189087,6786364,-157246107.38148016,5233716,-0.3357392888186334,-18084.712766790653,-0.0147354031209097,0.0026511035920306,36155.157497468,3.436332370768807,48.38871188317601,942.5011499316324,3.4225000619888304,3.4902864706280625,3.3547136533495983,3.961221762540518,0.6290818881168775,0.0,0.0,3.430000034968058,3.4960000435511267,3.36400002638499,3.8483969626946632,0.5757577344843408,0.0,0.0,3.3499999046325684,3.539999961853028,3.444999933242798,5.551499014730464,0.4736848709653931,0.0713175600945094,3.896103781433117,-0.0475812885609716,-0.0672765281361953,0.0196952395752236,3.430000046888987,3.435384667836703,3.44121803956014,3.488799328121112,0.9659091186178655,0.920454610108353,0.0454545085095126,-0.2957266964051752,23.981980443265435,0.0075000047683717,-58.72345510610475,-78.71294932429909,19.989494218194334,3.444999933242798,3.634999990463257,3.539999961853028,3.659999966621399,96.1804702067395,26.276729952329443,20.78985267683467,20.994035880906484,101.54523434433663,3.8600000143051143,3.805000066757202,4.0,84.0,-80.0,3.3537999057769774,3.481194317456787,0.0,0.0,44.51170411190895,0.6629897182926934,0.8686094148480166,0.8841277497539367,-19.839532569647677,42.54125509724906,47.368487096539305,63.85969893458275,-52.631512903460695,-0.1245294353541206,-0.2898547920302406,-1.3638299049603548,-1.913057132409744,0.5492272274493888,-7.792341697219683,-7.654595174610361,-0.1377465226093219,3.412843064914053,-1.9943000978059569,-2.0144546741592384,-9.234826072701184,1.9943095472609116,3.0841665267944336,4
2021-11-29,3.4049999713897705,3.440000057220459,3.390000104904175,3.4100000858306885,3.0841665267944336,6487710,-158543649.38148016,-1253994,-0.3401415735785444,-43305.62728369599,-0.0500946220025232,-2.8535671477733703e-05,-191919.27526960275,3.435020351854499,48.34460179284542,934.2816711344078,3.4230000615119933,3.4902607289136056,3.355739394110381,3.9299249893616537,0.4033612348530367,0.0,0.0,3.426333371798197,3.492333380381266,3.360333363215129,3.852515293830304,0.376263001186192,0.0,0.0,3.3499999046325684,3.539999961853028,3.444999933242798,5.550688104181143,0.3157903322550117,0.0691857993166869,2.3091506977122074,-0.0465470697627932,-0.0631306364615148,0.0165835666987216,3.4283333818117776,3.426153898239136,3.436415277447917,3.48296234721071,0.9325843238421292,0.9887640539736884,-0.0561797301315589,-0.2782784741524792,23.733440318971315,0.0469999670982357,-56.75466944851594,-74.41688657258321,17.66221712406727,3.444999933242798,3.490000009536743,3.4674999713897705,3.659999966621399,98.09023510336974,25.092917848558702,19.737824078188652,23.97991378532933,-41.807063838778205,3.794999957084656,3.794999957084656,92.0,80.0,12.0,3.3575239068984986,3.481194317456787,0.0,0.0,41.90359504535834,0.5336481486362827,0.7322126223096587,0.860589404191598,-19.106458465869363,42.61407392478441,31.57903322550117,54.38602215033404,-68.42096677449884,-0.1031176567077638,-0.5830898115819017,-1.3364218479154648,-1.7977300755108878,0.461308227595423,-8.109370449374062,-7.745550229563102,-0.3638202198109601,3.41280654472214,-0.872092177056838,-0.8759171553446299,-10.026382054013194,0.8720865409011651,3.0479886531829834,0
2021-11-30,3.4100000858306885,3.430000066757202,3.369999885559082,3.369999885559082,3.0479886531829834,12849096,-171392745.38148016,-14103090,-0.3890101496101913,-110542.8824301819,-0.0070044539494552,-0.0013626186676524,-207302.0959468248,3.4284289900824843,39.36345610576795,934.2816711344078,3.4225000500679017,3.491165922043129,3.3538341780926744,4.012614812021114,0.1177128244453065,0.0,0.0,3.4233333587646486,3.487333393096924,3.359333324432373,3.739047742365979,0.0833324640993978,0.0,0.0,3.3499999046325684,3.539999961853028,3.444999933242798,5.55149903406692,0.1052630258069209,0.0682672375048302,2.0794067726135665,-0.0483972326091026,-0.0601839556910324,0.0117867230819297,3.420000036557516,3.420384663801926,3.426197524849635,3.4745947574587377,0.9101121879831156,1.033707829049077,-0.1235956410659614,-0.264628603728321,23.486333277074777,0.0175000071525572,-55.030523319393154,-70.24063878921835,15.210115469825196,3.444999933242798,3.4649999141693115,3.4549999237060547,3.659999966621399,98.90663466442496,24.299986822198765,18.52629886926017,24.55405126222687,-104.74291227027818,3.740000009536743,3.740000009536743,88.0,76.0,12.0,3.3611734279975893,3.481194317456787,0.0,0.0,38.6516335862218,0.3747861677113486,0.5238080115467749,0.7082100162348167,-19.5712736500973,40.38653250672935,10.526302580692091,29.824607634244188,-89.4736974193079,-0.0901176515747521,-2.881848479153993,-1.392888552117071,-1.7167617708321246,0.3238732187150535,-1.5828538083453765,-6.513010945319556,4.93015713697418,3.41225665772055,-1.1730263714014644,-1.1799606060174606,-11.081796319823622,1.1730194623781216,3.020855188369751,1
2021-12-01,3.369999885559082,3.4100000858306885,3.319999933242798,3.3399999141693115,3.020855188369751,8506452,-176118562.06341973,-22609542,-0.3619721450666913,-131207.2301727925,-0.0370307425057707,-0.0038254136260213,-226448.3069092711,3.421586181969207,39.19417087755396,925.9646312662092,3.4200000405311584,3.4964199789040147,3.343580102158302,4.469002191063575,-0.0234244365097666,0.0,1.0,3.4190000216166183,3.48600005308787,3.351999990145366,3.919276457890873,-0.0895527637267101,0.0,1.0,3.319999933242798,3.539999961853028,3.4299999475479126,6.432749298332226,0.0909089923890295,0.0704405290131362,2.35213233858019,-0.0516884150911898,-0.0584848475710639,0.0067964324798741,3.411666691303253,3.4161538894359884,3.4129363539757387,3.4646247690669285,0.8617020494099522,1.0425531375241046,-0.1808510881141524,-0.2552777733314789,23.41807657876741,-0.0199999451637262,-54.21643008988192,-66.3516192933902,12.135189203508284,3.4299999475479126,3.4299999475479126,3.4299999475479126,3.6449999809265137,95.95314319958985,24.260175087371834,16.85505886706838,27.350654540059377,-170.86675802967187,3.705000042915344,3.705000042915344,84.0,100.0,-16.0,3.3611734279975893,3.539999961853028,0.0,1.0,36.37180439178706,0.2634139431172215,0.3906160864882843,0.5488789067815726,-20.691501739214115,40.35916985779828,9.090899238902953,17.065411681698738,-90.90910076109704,-0.0872058959568247,-2.9069808542953397,-1.4918907107250818,-1.6717875588107165,0.1798968480856344,-0.9901497916179248,-5.408438714579231,4.418288922961306,3.410524295997097,-0.8902068963955956,-0.8941929114742564,-11.87335230113563,0.8902088524803844,3.011810541152954,2
2021-12-02,3.3499999046325684,3.359999895095825,3.305000066757202,3.3299999237060547,3.011810541152954,13284358,-177326262.38323107,-35893900,-0.3351961725747286,-131440.97633532068,-0.0134556445600379,-0.005875775897388,-115498.51237978908,3.4074810763049173,30.27403223914344,925.9646312662092,3.4170000314712525,3.5021117917729576,3.3318882711695474,4.981665760480468,-0.0110933404314452,0.0,1.0,3.411166675885519,3.4796666940053305,3.3426666577657067,4.016222285709898,-0.0924578883869556,0.0,1.0,3.305000066757202,3.539999961853028,3.4225000143051147,6.877374683389806,0.1063824174843072,0.0688964589456849,2.722313604027208,-0.0544756551344383,-0.0576830090837388,0.0032073539493004,3.405833343664805,3.411538500052232,3.400176903165018,3.4546525582994563,0.8432432961864377,1.1405406352809937,-0.297297339094556,-0.2493018195303481,23.39265966269378,-0.0169999361038204,-53.11160389321466,-62.89923784131219,9.787633948097536,3.4225000143051147,3.4225000143051147,3.4225000143051147,3.637500047683716,89.63342302631334,24.41566325573544,15.91048413694649,27.346278582439087,-201.93646918236456,3.705000042915344,3.705000042915344,80.0,100.0,-20.0,3.3611734279975893,3.5355999612808238,0.0,0.0,35.617645097373014,0.2265724119524035,0.2882575075936578,0.4008938685429057,-21.820899173231822,34.7702852436122,10.638241748430728,10.085147856008591,-89.36175825156927,-0.1009853110593907,-2.0588285205272205,-1.5768779700744726,-1.6528056410634675,0.0759276709889951,3.9585149025861472,-3.5350479911461554,7.493562893732303,3.4077699466754914,-0.2994009197675007,-0.2998500209540289,-12.1372042949063,0.29940684517478644,3.011810541152954,3
2021-12-03,3.369999885559082,3.380000114440918,3.319999933242798,3.3299999237060547,3.011810541152954,11359946,-184899574.76330888,-24533954,-0.3759140173829518,-112663.69400170344,0.0092430522635893,-0.0043632791450993,-39773.49003720829,3.3989518016730136,38.600324660432825,925.9646312662092,3.413000023365021,3.506188087969305,3.3198119587607366,5.4607714014842665,0.0546634646216789,0.0,0.0,3.4031666676203414,3.473666707674662,3.33266662756602,4.143202313603878,-0.0189127825878592,0.0,1.0,3.305000066757202,3.539999961853028,3.4225000143051147,6.885434910256148,0.1063824174843072,0.0680068311709284,3.0390898016288004,-0.0560385850243401,-0.057354124271859,0.0013155392475189,3.399999996026357,3.407692340704111,3.389380444786716,3.445419029811056,0.8716576790127486,1.0962565494956749,-0.2245988704829262,-0.2453930704736945,23.32630864884244,-0.0029999375343323,-53.07992513647317,-59.76190344968288,6.681978313209704,3.4225000143051147,3.4225000143051147,3.4225000143051147,3.637500047683716,81.9120396440605,24.123968304495676,16.98674168954789,25.65704905192453,-150.24629134044582,3.6875000596046448,3.690000057220459,76.0,96.0,-20.0,3.3611734279975893,3.5263759654998785,0.0,0.0,35.617645097373014,0.2265724119524035,0.2388529223406762,0.3059088388075394,-22.72577331147925,32.24167744114482,10.638241748430728,10.12246091192147,-89.36175825156927,-0.1103676613639379,-2.0588285205272205,-1.6264664628445271,-1.6475378054196796,0.0210713425751523,5.821070869053389,-1.663824219106247,7.484895088159636,3.405109810322824,0.0,0.0,-12.1372042949063,0.0,3.0027663707733154,4
2021-12-06,3.3399999141693115,3.3550000190734863,3.309999942779541,3.319999933242798,3.0027663707733154,14394915,-192896766.71150327,-38928869,-0.3932060526258735,-117133.02524708764,-0.0054707045254369,-0.0030942920533003,-43227.93273796466,3.389179273517501,36.88348989168384,925.9646312662092,3.406500017642975,3.5063550028954764,3.306645032390473,5.862614691638435,0.0668714777662531,0.0,0.0,3.398666667938232,3.4676666975021364,3.3296666383743285,4.060417587568959,-0.070048557896471,0.0,1.0,3.305000066757202,3.539999961853028,3.4225000143051147,6.898573136025601,0.0638292475810647,0.0657061556832301,3.3224045521883654,-0.0574222064277503,-0.0573677407030373,-5.446572471299455e-05,3.3924999833106995,3.405769265615023,3.378706519933805,3.4361287263615554,0.8999998940362545,1.1166666136847934,-0.2166667196485389,-0.2431441117879865,23.31179722231782,0.0035000681877135,-51.84260717139608,-57.19590407626193,5.35329690486585,3.4225000143051147,3.4225000143051147,3.4225000143051147,3.637500047683716,64.25888881075159,23.997312070670272,16.179504751011695,25.493817829241365,-152.03105272889215,3.6674999594688416,3.669999957084656,72.0,100.0,-28.0,3.3611734279975893,3.5175209295501717,0.0,0.0,34.78124752648603,0.1857134483325855,0.2129527574124642,0.2466877291155994,-23.71370462715437,27.422379930216056,6.382924758106477,9.219802751655978,-93.61707524189352,-0.1098823876941907,-2.6393005959695235,-1.6711308277601544,-1.6522564098877748,-0.0188744178723796,9.593249239380691,0.5875904725911409,9.005658766789551,3.403639822179172,-0.3003000207918216,-0.3007518260451647,-12.40105628867697,0.30029014959806943,3.0298993587493896,0
2021-12-07,3.3399999141693115,3.3499999046325684,3.309999942779541,3.3499999046325684,3.0298993587493896,7711115,-185185651.71150327,-31217754,-0.3059230925591168,-67352.13172847082,-0.0012968577624473,-0.0016821342439432,26450.752212271556,3.3850931642930435,43.42492884713352,934.331773737442,3.403000009059906,3.5055866557385693,3.300413362381243,6.029188739673447,0.2416812706952373,0.0,0.0,3.389999993642172,3.4550000031789145,3.3249999841054283,3.834808829418785,0.192307052762878,0.0,0.0,3.305000066757202,3.539999961853028,3.4225000143051147,6.90566836527119,0.1914887572907923,0.0631355363002098,3.497415650213536,-0.0554586960611214,-0.0569859317746541,0.0015272357135327,3.387499968210856,3.40384618135599,3.3742901175797684,3.42974881364089,0.9204546532108332,1.0795456177192615,-0.1590909645084285,-0.2399874598465756,23.319583830782808,-0.0430001139640809,-50.89668260185095,-55.11018306123137,4.21350045938042,3.4225000143051147,3.4225000143051147,3.4225000143051147,3.637500047683716,32.12944440537579,23.879702710689543,15.475513870627108,24.384549311189254,-117.4863873870592,3.6674999594688416,3.669999957084656,68.0,96.0,-28.0,3.3611734279975893,3.5090200950384527,0.0,0.0,39.38028933783459,0.4103818220781412,0.27422256078771,0.2420094135136168,-23.297532345342788,34.29377125085875,19.148875729079236,12.056680745205478,-80.85112427092076,-0.1065294525202582,-1.7595360612286863,-1.6169900209761598,-1.645203132105452,0.028213111129292,6.92171313345212,1.854415004763337,5.067298128688783,3.399866323700132,0.903613614246912,0.8995554548278717,-11.60950030736496,-0.903599701933743,3.0570333003997803,1
2021-12-08,3.380000114440918,3.4100000858306885,3.3299999237060547,3.380000114440918,3.0570333003997803,7431177,-183327840.851562,-23786577,-0.2854206057077636,-25882.27446397756,0.0430619936785766,0.0009300463041355,136227.00598591517,3.3831348322623125,43.97631239191957,942.698982704812,3.399500012397766,3.50019270565106,3.2988073191444727,5.923970753703393,0.4031712365275802,0.0,0.0,3.383666658401489,3.4516666889190675,3.3156666278839118,4.01931025615287,0.4730401300362386,0.0,0.0,3.305000066757202,3.539999961853028,3.4225000143051147,6.912778180285207,0.3191492815481179,0.0648219988826522,3.6052978704022265,-0.0508951461759323,-0.0557677746549097,0.0048726284789774,3.3891666531562805,3.40384618135599,3.37516857863533,3.426063724811262,0.9239129026356122,1.0108695483162735,-0.0869566456806613,-0.234224914582507,23.42905755275824,0.0505000352859497,-49.46199400025383,-53.67976564078717,4.217771640533336,3.4175000190734863,3.4225000143051147,3.4200000166893005,3.637500047683716,17.494871643182837,22.460441397639908,20.57597062480272,22.295120377906287,-50.94485880491792,3.6574999690055847,3.669999957084656,64.0,92.0,-28.0,3.3611734279975893,3.5008592939072027,0.0,0.0,43.658950894869,0.6193992594614023,0.4051648432907097,0.2974467204969613,-21.72300998329164,37.99469251711909,31.914928154811783,19.148909547332497,-68.08507184518821,-0.0903823950711419,0.5952446419502754,-1.4855282990609329,-1.6132681654965482,0.1277398664356153,4.473327401685304,2.3781974841477305,2.095129917537573,3.399240983751767,0.8955286764893211,0.8915425984101999,-10.817938035325202,-0.8955393707067003,3.066077709197998,2
2021-12-09,3.3399999141693115,3.400000095367432,3.3399999141693115,3.390000104904175,3.066077709197998,5263173,-179819051.8802596,-18523404,-0.2213874087932283,-14665.995282484928,2.531308875761251e-16,-8.4159313263137e-05,82119.82340977772,3.381010200572495,43.77147130519625,945.488030195223,3.397500014305115,3.497274848258427,3.2977251803518026,5.873426550888125,0.4624158261969673,0.0,0.0,3.3716666618982947,3.4356667200724287,3.307666603724161,3.796345522371459,0.643229893291639,0.0,0.0,3.305000066757202,3.539999961853028,3.4225000143051147,6.916847508649379,0.3617024514513604,0.064339817114199,3.690458826362691,-0.0459419936514251,-0.0538026184542128,0.0078606248027877,3.384166657924652,3.40384618135599,3.37745035190746,3.4233923455588853,0.9148935144873408,1.04255311593804,-0.1276596014506992,-0.2259411787559505,23.58930907997636,0.0425000429153441,-48.87249134429683,-52.5852141116974,3.712722767400564,3.3725000619888306,3.4225000143051147,3.3975000381469727,3.637500047683716,33.25238677983013,21.142555892665246,19.24411487473427,20.851986305874263,-40.55548303663115,3.6574999690055847,3.669999957084656,60.0,88.0,-28.0,3.3611734279975893,3.493024924821203,0.0,0.0,45.051185362217865,0.6874114816768947,0.572397521072146,0.4172616417168553,-20.022994125490836,46.07070537226093,36.17024514513604,29.078016343009025,-63.82975485486397,-0.0711176851216484,-1.7391287521814438,-1.342001997259385,-1.5590149318491158,0.2170129345897307,0.5140321138890616,2.005364410095997,-1.4913322962069353,3.3981574060381674,0.2958576959962933,0.2954208984356166,-10.554086041554534,-0.29585574998594666,3.066077709197998,3
2021-12-10,3.4200000762939453,3.430000066757202,3.369999885559082,3.390000104904175,3.066077709197998,4777788,-181411622.5667044,-13745616,-0.2353877986454796,-12570.853099272796,0.0376744158452538,0.0057270627554764,15571.50237409877,3.3820682102011794,48.497451281550845,945.488030195223,3.393500018119812,3.487579861475535,3.299420174764089,5.5447085813100285,0.4813992397797497,0.0,0.0,3.364666660626729,3.424666746457418,3.304666574796041,3.566480242028629,0.7111117336476206,0.0,0.0,3.305000066757202,3.539999961853028,3.4225000143051147,6.925000555209329,0.3617024514513604,0.0639058535225911,3.706287096031876,-0.0415377631134052,-0.0513496473860513,0.009811884272646,3.3799999952316284,3.40384618135599,3.379381083137724,3.420918846251129,1.01063827898451,0.9680851630464696,0.0425531159380405,-0.2158729093509834,23.743307440420235,0.116499972343445,-46.79402748843072,-51.47847611613237,4.684448627701656,3.367500066757202,3.4225000143051147,3.3950000405311584,3.637500047683716,56.43403850029411,19.940090228498416,21.24831826951945,19.49316045691369,-1.21211175420262,3.584999978542328,3.669999957084656,56.00000000000001,84.0,-27.999999999999996,3.3611734279975893,3.485503930498643,0.0,0.0,45.051185362217865,0.6161197582312788,0.640976833123192,0.5395130658286825,-18.616894162153542,48.46805091766241,36.17024514513604,34.75180614836128,-63.82975485486397,-0.0561176924144519,-1.4534869617614032,-1.214228252123699,-1.4900575959040323,0.2758293437803336,-3.2588464682139446,0.9525222344340084,-4.211368702647953,3.3977518374691216,0.0,0.0,-10.554086041554534,0.0,3.0479886531829834,4
2021-12-13,3.369999885559082,3.4200000762939453,3.3499999046325684,3.369999885559082,3.0479886531829834,4784754,-183462240.73626724,-18530370,-0.2269011972532522,-24445.892586849543,-0.0219447347462412,0.0017660510904198,-28228.945885243586,3.3794831372839123,43.3708718165295,945.488030195223,3.390000009536743,3.482087018415918,3.297913000657568,5.432861865493566,0.3914063763114366,0.0,0.0,3.361333314577738,3.4233334223429366,3.2993332068125403,3.689018729342336,0.5698915799805134,0.0,0.0,3.305000066757202,3.539999961853028,3.4225000143051147,6.93215027831045,0.2765950970972773,0.0645152853364697,3.853464876842205,-0.0392092494132727,-0.0489215677914956,0.0097123183782228,3.368333319822947,3.4023077121147742,3.377937821971779,3.417147071385052,0.9782609090011488,1.0326086364982767,-0.0543477274971279,-0.2057359429853111,23.914218475712406,0.0500000476837159,-43.89282632326808,-50.24095422767402,6.348127904405949,3.367500066757202,3.4225000143051147,3.3950000405311584,3.637500047683716,75.92798457060303,18.612642797445567,19.64028379885706,20.180180078583533,-26.475357049531592,3.572499930858612,3.669999957084656,52.0,80.0,-28.0,3.3611734279975893,3.4782837759489853,0.0,0.0,42.60892176769778,0.4696021376321136,0.5910444591800957,0.6014729377918112,-18.0289184324986,44.92375750090637,27.659509709727736,33.33333333333327,-72.34049029027226,-0.0419412199188684,-3.988606988164046,-1.147426452364554,-1.421531367196137,0.274104914831583,-6.38822564555204,-0.5156273415632012,-5.872598303988839,3.396660246437994,-0.5899769535747001,-0.5917241932002382,-11.081796319823622,0.5899738274978716,3.0298993587493896,0
2021-12-14,3.3499999046325684,3.359999895095825,3.319999933242798,3.3499999046325684,3.0298993587493896,5818428,-180553026.73626724,-24348798,-0.1717572554427626,-37577.68636334148,-0.030936213959185,-0.0019092696684219,-62759.64409711833,3.374743640856847,38.26984422454562,945.488030195223,3.3875,3.4810682550266,3.2939317449734005,5.524325020020647,0.2996110146717429,0.0,0.0,3.3566666444142657,3.416666730244954,3.296666558583577,3.5749803115262018,0.4444439146261421,0.0,0.0,3.305000066757202,3.539999961853028,3.4225000143051147,6.937266275891532,0.1914887572907923,0.0630637520344512,4.03485090296601,-0.0385335263384942,-0.0468439595008953,0.008310433162401,3.36083330710729,3.398461552766653,3.3736396808426696,3.412173207181164,0.8913042858553377,1.0978261686452366,-0.2065218827898989,-0.1967144251322952,24.05572224477651,0.0225000858306883,-41.66343316377568,-48.84617679144,7.182743627664323,3.367500066757202,3.4225000143051147,3.3950000405311584,3.637500047683716,87.96399228530152,17.94821067470234,18.559844686294728,22.370723318126267,-87.22749776657342,3.559999942779541,3.669999957084656,48.0,76.0,-28.0,3.3611734279975893,3.471352427581314,0.0,0.0,40.25861449701288,0.3286012113806055,0.4714410357479993,0.5678207760170957,-18.141700625521715,48.556823090764986,19.148875729079236,27.659543527981,-80.85112427092076,-0.0355294543154096,-2.6162834619430586,-1.1292957302811502,-1.3630842398131395,0.2337885095319893,-7.832631304023761,-1.9790281340553133,-5.853603169968448,3.3957485141618333,-0.593471264263723,-0.5952393036455783,-11.60950030736496,0.5934829978682217,3.066077709197998,1
2021-12-15,3.359999895095825,3.4100000858306885,3.359999895095825,3.390000104904175,3.066077709197998,4914503,-179570107.38899758,-19434295,-0.1694339009140284,-4126.430563519745,0.0457831116957435,-0.0033004859749174,24150.2300960835,3.3662715936779017,36.21344310279519,956.7774963560778,3.387000000476837,3.480402452150749,3.293597548802925,5.515349965205942,0.5160600946419027,0.0,0.0,3.3596666495005287,3.4156667391459146,3.303666559855143,3.333669407571206,0.7708339896929559,0.0,0.0,3.305000066757202,3.539999961853028,3.4225000143051147,6.938290376815509,0.3617024514513604,0.0627573949508181,4.05350756115111,-0.0343740860008221,-0.0443499848008807,0.0099758988000585,3.3591666420300803,3.397307707713201,3.3761566691598244,3.4105307551606465,0.8863636117336479,1.1249997290701257,-0.2386361173364778,-0.1861932064161541,24.180429030426232,-0.0170001149177552,-37.37072581010533,-47.09719033776119,9.726464527655857,3.370000004768372,3.4225000143051147,3.396250009536743,3.637500047683716,93.98199614265076,16.988383627928183,22.85907970263582,20.88590444077849,-5.040903965365678,3.549999952316284,3.669999957084656,44.0,72.0,-28.0,3.3611734279975893,3.4646983331483496,0.0,0.0,46.60259081528407,1.0,0.5994011163375731,0.5539622037552228,-16.472789719734813,51.16732291521963,37.77781074431133,28.195398727706102,-62.22218925568867,-0.0307647494708791,-0.5865096898272248,-1.0078808393329683,-1.2920435597171054,0.284162720384137,-9.956136278705085,-3.5744497629852674,-6.381686515719816,3.395412922607014,1.1940358629948689,1.1869634968458165,-10.554086041554534,-1.1940446254142643,3.0479886531829834,2
2021-12-16,3.440000057220459,3.440000057220459,3.3499999046325684,3.369999885559082,3.0479886531829834,6901737,-183404413.84825456,-26336032,-0.1932926073437268,-23256.405320465863,0.013040205205886,-0.0013165139515748,17962.270611620377,3.3615499626491263,36.2277629397551,956.7774963560778,3.384999990463257,3.47805920717319,3.2919407737533235,5.498328920065825,0.4194055922965142,0.0,0.0,3.365166648228963,3.424666770299276,3.3056665261586504,3.5362362872356936,0.5406153564223548,0.0,0.0,3.305000066757202,3.539999961853028,3.4225000143051147,6.942389830366426,0.2765950970972773,0.0654816707145253,4.030523607106717,-0.0323189968407064,-0.0419437872088458,0.0096247903681393,3.3591666420300803,3.3942307784007144,3.375209471682787,3.407528468523493,0.8850574807141586,1.0804595716693386,-0.19540209095518,-0.1758782904774697,24.420378617125145,-0.0450000762939453,-34.41977530730212,-45.02384035674218,10.60406504944006,3.375,3.4225000143051147,3.3987500071525574,3.637500047683716,96.99099807132538,16.612271464182363,23.873353018298577,18.86340289673643,-2.9297757209225,3.549999952316284,3.669999957084656,40.0,68.0,-28.0,3.3611734279975893,3.458310402492704,0.0,0.0,44.08198638588858,0.7867751263273084,0.7051254459026378,0.5919891993294034,-15.74217181367964,45.37711514565155,48.14801732861677,35.02490126733578,-51.85198267138323,-0.0247353434562684,0.0,-0.9484586009845004,-1.2233265679705845,0.2748679669860842,-9.34995870872826,-4.7295515521338665,-4.6204071565943945,3.394413339921577,-0.5899769535747001,-0.5917241932002382,-11.081796319823622,0.5899738274978716,3.0841665267944336,3
2021-12-17,3.380000114440918,3.440000057220459,3.369999885559082,3.4100000858306885,3.0841665267944336,11088316,-181820336.3341232,-15247716,-0.1418814830292803,43428.0612502947,0.0063129608593415,0.0027125991099869,90894.0650742078,3.3629297443416526,44.24619667954831,956.7774963560778,3.384999990463257,3.47805920717319,3.2919407737533235,5.498328920065825,0.6343235858375922,0.0,0.0,3.371499983469645,3.432000104586283,3.3109998623530066,3.588914217011325,0.8181820271633772,0.0,0.0,3.305000066757202,3.539999961853028,3.4225000143051147,6.942389830366426,0.4468087912578454,0.0659335208092105,3.957947572995044,-0.0271496774276021,-0.0389849652525971,0.011835287824995,3.364999989668528,3.3934615483650794,3.3805618738593872,3.4077115512869893,0.9550560322877134,0.9775281500866476,-0.0224721177989342,-0.1635344354973505,24.62636840499348,-0.0550000667572021,-29.28376610783172,-42.51730246079059,13.233536352958868,3.375,3.4225000143051147,3.3987500071525574,3.637500047683716,98.49549903566268,16.263024454989818,22.082254293652948,17.448175766935076,38.90007744521252,3.549999952316284,3.669999957084656,36.0,64.0,-28.0,3.3611734279975893,3.4521779890632835,0.0,0.0,49.91646074646903,1.0,0.9289250421091028,0.744483868116438,-13.37922052009358,45.34688674695128,77.77779740070748,54.567875157878525,-22.222202599292515,-0.0237353409037872,2.0958135766535384,-0.7967128971743074,-1.1380038338113292,0.3412909366370218,-4.210217274029406,-4.625684696512975,0.4154674224835686,3.395665899949256,1.1869496032629767,1.1799606060174606,-10.026382054013194,-1.186942529253514,3.102255344390869,4
2021-12-20,3.390000104904175,3.440000057220459,3.369999885559082,3.430000066757202,3.102255344390869,3640988,-179219627.07666582,-11606728,-0.0992554691616285,47626.86543649048,0.0,0.0032129172492337,152967.47019599215,3.3614343652080105,51.34034274656822,962.3890890822926,3.3884999990463256,3.4827921938132107,3.2942078042794405,5.565423921701232,0.7200609913337765,0.0,0.0,3.379999987284342,3.443000117937724,3.316999856630961,3.727818395881061,0.8968252046011896,0.0,0.0,3.305000066757202,3.539999961853028,3.4225000143051147,6.935218980727904,0.5319151310643304,0.0663401858944271,3.8116916019948417,-0.0211948027431105,-0.0354269327506998,0.0142321300075892,3.3733333349227905,3.391923088293809,3.38816774968982,3.4093625524329307,0.9777778366464628,0.9666667549696945,0.0111110816767684,-0.1488935776275113,24.825765716208416,-0.0585000753402709,-23.007508129716403,-39.41850529722008,16.410997167503677,3.3799999952316284,3.4225000143051147,3.401250004768372,3.637500047683716,99.24774951783137,15.938723660739598,20.431469739312373,16.143817132420356,47.15126658429004,3.5524999499320984,3.669999957084656,32.0,60.0,-28.0,3.3611734279975893,3.44629087217104,0.0,0.0,52.58060715759397,1.0,0.9289250421091028,0.8543251767069479,-10.596973582888088,47.95824389224827,92.59259913356917,72.83947128763114,-7.407400866430838,-0.0200294620850507,3.003007367635443,-0.6216646782838016,-1.0347360027058237,0.4130713244220221,-8.200099197120743,-5.3405675966345285,-2.859531600486214,3.3999321420334696,0.5865096898272304,0.5847964174874543,-9.498678066471856,-0.5865058659863109,3.156522512435913,0
2021-12-21,3.4200000762939453,3.5,3.4100000858306885,3.490000009536743,3.156522512435913,5308806,-175090555.74333248,-6297922,-0.1199001796735567,86327.03554951813,0.0847648632434689,0.0119126033741794,114220.06813339256,3.367051298164081,57.91462563196135,962.3890890822926,3.390499997138977,3.4913911129713653,3.2896088813065885,5.951400437547494,0.9931059170911878,0.0,0.0,3.392999998728434,3.4610001246134443,3.324999872843424,4.008259705894127,1.2132340532158603,1.0,0.0,3.305000066757202,3.539999961853028,3.4225000143051147,6.931128013394096,0.7872341504837855,0.0687061587219156,3.58517061931528,-0.011501446198852,-0.0306418354403302,0.0191403892414782,3.3866666754086814,3.393846163382897,3.4038342512047315,3.415335697403584,1.0777778572505237,0.8777780691778465,0.1999997880726771,-0.129625177235742,24.98541409287653,-0.070500063896179,-16.221088207830544,-35.72507132028416,19.50398311245361,3.409999966621399,3.4225000143051147,3.416249990463257,3.637500047683716,99.62387475891566,16.638407150767765,24.768293955145605,14.6295400939583,137.41617217731363,3.5550000071525574,3.669999957084656,28.000000000000004,56.00000000000001,-28.000000000000004,3.305000066757202,3.44629087217104,1.0,0.0,59.53485433475307,1.0,1.0,0.952616694739402,-5.827103182589244,55.49535034355896,94.87179800682,88.41406484703221,-5.128201993180004,0.0019411528811739,4.804807492386357,-0.3367588787127349,-0.895140577907206,0.5583816991944711,-9.558616053563716,-6.184177288020367,-3.374438765543349,3.413543796207048,1.749269434745715,1.7341458306337376,-7.915566103847837,-1.7492811526028476,3.102255344390869,1
2021-12-22,3.5,3.509999990463257,3.414999961853028,3.430000066757202,3.102255344390869,3840822,-177718478.46822515,-10138744,-0.1467027160881797,41073.30186724378,0.0185505569547514,0.0141987606252357,26834.06007852513,3.3752278108338936,63.38532823880726,945.843733747392,3.3899999976158144,3.4900000834466107,3.289999911785018,5.899710082662322,0.7000001740451968,0.0,0.0,3.400833328564962,3.470333441098531,3.3313332160313927,4.087240144926242,0.7098323091070711,0.0,0.0,3.305000066757202,3.539999961853028,3.4225000143051147,6.932150302687344,0.5319151310643304,0.0713355457107469,3.34456280286637,-0.0085621856956059,-0.0262259054913854,0.0176637197957794,3.395833353201548,3.39500000843635,3.407859761289727,3.416421946985333,1.095744438007717,0.8191491412379281,0.2765952967697889,-0.1112195089005329,25.17059761943355,-0.040000092983246,-11.104921740677977,-31.52867469765984,20.423752956981865,3.414999961853028,3.4225000143051147,3.418749988079071,3.637500047683716,99.81193737945785,17.435049785534254,23.39603821075328,13.219942945362734,106.00649674968942,3.5550000071525574,3.669999957084656,24.0,52.0,-28.0,3.308900065422058,3.44629087217104,0.0,0.0,51.41467029422662,0.6719595611491038,0.8906531870497013,0.9398594097196016,-4.266001285156594,52.11980682230067,60.00004768370445,82.48814827469788,-39.99995231629555,0.0156029182321884,3.3132571001880136,-0.2506185075634839,-0.7662361638384616,0.5156176562749777,-12.386181542598536,-7.424578138936001,-4.9616034036625365,3.4140101112975407,-1.71919606348383,-1.7341458306337376,-9.498678066471856,1.7192073818971636,3.147477865219116,2
2021-12-23,3.4200000762939453,3.4800000190734863,3.4100000858306885,3.4800000190734863,3.147477865219116,2924835,-174793643.46822515,-7213909,-0.1551685522474739,56097.34596235168,-0.0418824819580557,0.0105469367522611,-23395.22340296716,3.381990263655561,59.98752131048432,959.6315298598092,3.3884999990463256,3.4819399171709247,3.2950600809217265,5.515119855446198,0.9896195430369944,0.0,0.0,3.408833328882853,3.4793334166208902,3.338333241144816,4.136317674477893,1.0047276710851272,1.0,0.0,3.305000066757202,3.5299999713897705,3.4175000190734863,6.6401034291247845,0.7777778955153976,0.071201984463952,3.051802725801083,-0.0021731713194492,-0.0214153586569981,0.0192421873375489,3.4066666960716248,3.3980769285788903,3.4189582624872283,3.4211314338066776,1.073684295062433,0.8736844958357113,0.1999997992267217,-0.0911127472461849,25.35661358124412,-0.0084998846054076,-5.158277102794918,-26.90248021036697,21.74420310757205,3.414999961853028,3.4225000143051147,3.418749988079071,3.637500047683716,99.90596868972892,18.040649493198877,21.73427880354373,12.788291338113227,126.62852760175122,3.5524999499320984,3.669999957084656,20.0,48.0,-28.0,3.316944062423706,3.44629087217104,0.0,0.0,56.713179591362845,0.8860095514465447,0.8526563708652161,0.9144365193049724,-1.134699409103913,57.21200441163485,85.00001788138917,79.95728785730454,-14.99998211861083,0.0245735217543208,3.880600541544688,-0.0635220061402667,-0.6256933322988227,0.5621713261585559,-15.899026847929118,-9.119467880734623,-6.779558967194493,3.4174627900060903,1.4577245289547625,1.447201862668024,-8.179418097618507,-1.4577304511704057,3.1293890476226807,3
2021-12-24,3.5,3.509999990463257,3.4600000381469727,3.4600000381469727,3.1293890476226807,987498,-175781141.46822515,-8201407,-0.1302748162876845,45262.01922987709,0.2025316694620701,0.0254042491799402,36960.76680785516,3.393475009446887,71.75796307586526,954.1164114148422,3.3894999980926515,3.4855157167362787,3.293484279449024,5.665479787441066,0.8671275966594061,0.0,0.0,3.4168333292007445,3.486333394050598,3.3473332643508917,4.068098040129492,0.8105515731494964,0.0,0.0,3.305000066757202,3.509999990463257,3.407500028610229,6.0480874412572,0.75609770280706,0.0690817812491852,2.6969053566134784,0.00126179213576,-0.0168799284984465,0.0181417206342065,3.413333356380462,3.4000000036679783,3.425272381819497,3.4240105896837365,1.1361256152378003,0.816754190732144,0.3193714245056563,-0.0716824615015378,25.49345195893416,0.0005001068115233,-0.7812434621584069,-22.112304336910345,21.331060874751937,3.414999961853028,3.4225000143051147,3.418749988079071,3.637500047683716,99.95298434486446,19.061920109385376,23.71667108231986,12.125781676338892,161.04335887128724,3.5524999499320984,3.669999957084656,16.0,44.0,-28.0,3.3246662995452883,3.44629087217104,0.0,0.0,54.16846125008241,0.7337380843748722,0.7639023989901735,0.8357373189683637,0.5399108301732131,53.223652078949,75.00002980231528,73.33336512246963,-24.99997019768472,0.0398382369209739,2.366861567970313,0.0368512918611212,-0.4931844074668339,0.5300356993279551,-21.65337399770913,-11.626249104129528,-10.027124893579604,3.4189177761124974,-0.5747120924395444,-0.5763699172500303,-8.707122085159845,0.5747083338162327,3.1746113300323486,4
2021-12-29,3.490000009536743,3.5299999713897705,3.4800000190734863,3.509999990463257,3.1746113300323486,3660592,-175049023.06822515,-4540815,-0.1183611090561666,64943.07726123341,0.0273179336198155,0.0274481628501018,47223.406873727086,3.40542291983485,70.25923395431583,954.1164114148422,3.39449999332428,3.5037658037601003,3.2852341828884595,6.437814738589226,1.0285276184667955,1.0,0.0,3.4294999996821085,3.497000042597453,3.361999956766764,3.936436385572304,1.0962958488938168,1.0,0.0,3.305000066757202,3.5299999713897705,3.4175000190734863,6.6283666246887485,0.9111111582061592,0.0691735964485465,2.406050476119949,0.0079272236072576,-0.0119184980773057,0.0198457216845633,3.4233333468437195,3.4038461538461537,3.4383073985339214,3.430380174926664,1.1319796659432628,0.7766499636684373,0.3553297022748255,-0.0505448578191537,25.53994133490217,-0.004499888420105,4.384562848698398,-16.995860335524338,21.38042318422273,3.439999938011169,3.4225000143051147,3.431249976158142,3.637500047683716,99.97649217243224,20.29351816805981,24.068391767222,11.247285016980792,180.1618594297616,3.5524999499320984,3.669999957084656,12.0,40.0,-28.0,3.332079647182007,3.44629087217104,0.0,0.0,59.10832850723841,0.9778729756889836,0.8658735371701335,0.8274774356751745,3.625502254987643,57.653962612223616,90.47620128882248,83.49208299084232,-9.523798711177514,0.0579264788066637,3.539819523470902,0.2310887774247088,-0.3483297704885253,0.5794185479132342,-22.46399010025991,-13.793797303355603,-8.670192796904304,3.426386757797504,1.4450853111279691,1.4347434665984204,-7.387862116306499,-1.4450834243195914,3.210789203643799,2
2021-12-30,3.539999961853028,3.559999942779541,3.5199999809265137,3.549999952316284,3.210789203643799,2621987,-173738029.56822515,-1918828,-0.0181492372691175,70648.26336379058,0.0533945183447968,0.0281862003262604,82778.84260973113,3.41444177103532,68.19376341534443,964.9895225725728,3.40349999666214,3.531292850464973,3.2757071428593068,7.509496337779431,1.0731930671185004,1.0,0.0,3.44950000445048,3.517000047365824,3.3819999615351355,3.9136131513701695,1.2444435849607327,1.0,0.0,3.305000066757202,3.559999942779541,3.432500004768372,7.492283715951838,0.9607843320583388,0.0672562320353202,2.1930036394250463,0.0162499691688462,-0.0062848046280753,0.0225347737969215,3.4366666674613957,3.411153848354633,3.455490868346593,3.439240899177747,1.1465968338041783,0.7905763083550781,0.3560205254491002,-0.0267848967648443,25.445476163045814,-0.0335001111030579,10.807636260743845,-11.642708994318872,22.45034525506272,3.4549999237060547,3.432500004768372,3.443749964237213,3.632500052452088,99.98824608621612,21.830662933250725,25.96514536932519,10.653564629303332,188.12867691796976,3.539999961853028,3.659999966621399,100.0,36.0,64.0,3.3439548666344727,3.44629087217104,0.0,0.0,62.58285888101357,1.0,0.9038703533546184,0.844548763171642,7.359132250913401,59.37916867562105,95.8333374725446,87.10318952122746,-4.166662527455388,0.0724264649783861,4.719759364627869,0.4724870878550928,-0.1841663988198017,0.6566534866748945,-24.675404978508197,-15.970118838386124,-8.70528614012207,3.4429085189928625,1.1396000558891115,1.133155529453811,-6.33245414122382,-1.1396000911734205,3.156522512435913,3
2021-12-31,3.559999942779541,3.5799999237060547,3.490000009536743,3.490000009536743,3.156522512435913,2254970,-175992999.56822515,-4173798,0.001021076459888,41227.35845902313,-0.0199558815280701,0.0267607802171125,-8231.96786200576,3.421318437913913,63.10250820262491,948.6798558359768,3.4110000014305117,3.5405994286943385,3.281400574166684,7.598911006125804,0.8047853288171194,0.0,0.0,3.4628333330154417,3.534333348274231,3.391333317756653,4.129567229071731,0.689976718347356,0.0,0.0,3.305000066757202,3.5799999237060547,3.4424999952316284,8.062147664424584,0.6727274145962531,0.0695306002487194,2.0441219839444376,0.0177991337128187,-0.0014680169598965,0.0192671506727152,3.446666677792867,3.4126923084259038,3.460799966991232,3.443000833278413,1.1015229249608849,0.7664978293030537,0.3350250956578312,-0.0056646395038868,25.46680099971461,-0.0610000967979429,14.576989797214718,-6.198623982705889,20.775613779920608,3.4749999046325684,3.4424999952316284,3.4587499499320984,3.632500052452088,99.99412304310806,22.394877272905,23.554842313666448,12.758891406080696,133.02748391620273,3.539999961853028,3.659999966621399,96.0,32.0,64.0,3.361238472726078,3.44629087217104,0.0,0.0,55.0296125735365,0.6616572468230855,0.879843407504023,0.8831957660095918,7.960969297035028,49.18967628860055,65.38464712673508,83.89806196270072,-34.61535287326493,0.0844264654552233,3.560834660317893,0.5169657102833299,-0.0439399769991754,0.5609056872825053,-27.077046320853043,-18.19150433487951,-8.885541985973532,3.4449436357837024,-1.690139255928513,-1.7045851108364871,-7.915566103847837,1.690135594896745,3.24696683883667,4
2022-01-04,3.559999942779541,3.609999895095825,3.539999961853028,3.5899999141693115,3.24696683883667,4287116,-174155664.13965374,113318,0.027818740228338,96582.19170041382,0.0653118473917284,0.0287348824704321,84727.74933556461,3.433979060200246,62.9523903463555,948.6798558359768,3.4240000009536744,3.56965714231835,3.278342859588999,8.508010591361337,1.0698310143270984,1.0,0.0,3.482166663805644,3.551666657129924,3.4126666704813635,3.9917671975139584,1.275778854111029,1.0,0.0,3.309999942779541,3.609999895095825,3.459999918937683,8.761680847918408,0.9333333863152482,0.0745775287797556,1.828541397769327,0.0267872278565595,0.0041830320033946,0.0226041958531648,3.4666666785875955,3.4184615336931667,3.4806768819417058,3.4538896540851463,1.066985790028813,0.7320577524914729,0.3349280375373404,0.0184941342331731,25.37964840940803,-0.0339998960494996,21.500204835792243,-0.5559605445254492,22.05616538031769,3.4899998903274536,3.4574999809265137,3.473749935626984,3.632500052452088,99.99706152155404,23.340670214722,23.724814437133556,11.25825525690047,170.20496079331983,3.539999961853028,3.659999966621399,100.0,28.000000000000004,72.0,3.383114617824076,3.44629087217104,0.0,0.0,63.03681893437797,1.0,0.8872190822743619,0.8903109477110012,11.479013616197417,51.55007440195317,93.10345394574578,84.77381284834183,-6.89654605425421,0.1073382083107445,7.164179593105589,0.7755669850331341,0.1199614154072865,0.6556055696258476,-25.319453858904573,-19.617094239684526,-5.702359619220047,3.460688850214524,2.8653267724730425,2.825043964499052,-5.277046166141142,-2.8653154236799736,3.301234006881714,1
2022-01-05,3.619999885559082,3.680000066757202,3.5999999046325684,3.650000095367432,3.301234006881714,6035367,-172646808.89958453,6148685,0.1127739657721881,134516.60911423434,0.0861590540516786,0.0364565816702835,223709.8330038044,3.4576515172106013,71.1975886327006,948.6798558359768,3.440000009536744,3.6092335976993466,3.27076642137414,9.839162075199734,1.1204444641004605,1.0,0.0,3.505833331743877,3.576333324114482,3.4353333393732712,4.021867881296977,1.5224594271280036,1.0,0.0,3.309999942779541,3.680000066757202,3.495000004768372,10.7558175276717,0.9189190234120534,0.0761197911605691,1.4856673656969257,0.0383102536447355,0.0110084763316628,0.0273017773130726,3.4883333444595337,3.4238461531125584,3.506726607084125,3.4684163534393897,1.1314554610711816,0.6525823635221908,0.4788730975489907,0.0470279234662752,25.257229064540592,-0.0700001239776613,28.27357454261412,5.141937530177942,23.131637012436176,3.5450000762939453,3.492500066757202,3.5187500715255737,3.6125000715255737,99.99853076077702,25.02059271834008,28.41420754480484,10.28154049705489,195.75961706034477,3.539999961853028,3.659999966621399,100.0,24.0,76.0,3.4103408510966857,3.44629087217104,0.0,0.0,66.85069423527267,1.0,0.8872190822743619,0.8847605240175822,15.749903665615443,57.1460687262173,91.66667770455987,83.38492625901358,-8.333322295440123,0.1328970278010652,7.669616000516516,1.1045459870106384,0.3168783297279569,0.7876676572826815,-20.632096329637044,-19.820094657675032,-0.8120016719620118,3.482887413613117,1.6713142794601898,1.6575015130545934,-3.693927912789363,-1.6713188258025724,3.237922430038452,2
2022-01-06,3.619999885559082,3.650000095367432,3.569999933242798,3.5799999237060547,3.237922430038452,5538454,-176800653.52604598,610231,0.1612959402896696,59915.274849537695,-0.0433334388064974,0.0355710656097612,-5347.233239659719,3.48036100194843,71.04242099591048,930.4859514455376,3.453000009059906,3.6233056136164,3.282694404503412,9.864211069194903,0.8728588820575779,0.0,0.0,3.5244999965031942,3.5959999879201248,3.4530000050862637,4.057312611029588,0.8881114256310151,0.0,0.0,3.309999942779541,3.680000066757202,3.495000004768372,10.715323573902776,0.729729433665852,0.0765078282569756,0.9928255849169584,0.0413176219371878,0.0170703054527678,0.0242473164844199,3.505833347638448,3.4292307633620043,3.5179994250259603,3.4766818030887725,1.1369863252310968,0.6438356850394036,0.4931506401916932,0.0731507377058077,25.24253766430465,-0.0429999232292175,33.21427910665331,10.634756120676148,22.57952298597716,3.5450000762939453,3.492500066757202,3.5187500715255737,3.6125000715255737,99.99926538038852,25.79915811173593,26.235410265336,12.368639421906463,136.22218347222133,3.539999961853028,3.659999966621399,96.0,20.0,76.0,3.4480931412891582,3.44629087217104,0.0,0.0,59.17892629998623,0.6630565078161005,0.8876855026053668,0.8873745557180301,16.372587018703925,49.083280711626514,69.69694123562897,84.82235762864487,-30.303058764371038,0.1486029155114114,6.231455349504669,1.188421152044463,0.4911868941912581,0.6972342578532048,-17.56895939660157,-19.369867605460342,1.8009082088587718,3.487715710959063,-1.9178128721207832,-1.936441462101257,-5.540898159911811,1.917815480856035,3.301234006881714,3
2022-01-07,3.5799999237060547,3.670000076293945,3.5799999237060547,3.650000095367432,3.301234006881714,4527064,-174285612.64044425,5137295,0.1128270615364249,96626.70088846686,0.0298206740915481,0.0344308914951758,-17698.953595681916,3.498484278780326,71.01699158241355,948.6798558359766,3.468000018596649,3.651695419457883,3.284304617735416,10.593737017081525,0.9953855020797951,0.0,0.0,3.541166663169861,3.61266667842865,3.469666647911072,4.038218025851757,1.2610727900102985,1.0,0.0,3.319999933242798,3.680000066757202,3.5,10.380626631601949,0.9166667770455988,0.0778570606900671,0.9136743965560712,0.0487870253536959,0.0234136494329534,0.0253733759207424,3.5258333484331765,3.438461532959572,3.53830722046311,3.489520195109414,1.1155556083019642,0.6888891055259256,0.4266665027760385,0.1003583394396632,25.29289655679839,-0.0379999518394469,38.455025637469255,16.141416940470283,22.313608696998973,3.5450000762939453,3.492500066757202,3.5187500715255737,3.492500066757202,99.99963269019426,26.754458937856164,25.89426953949843,11.317259648186043,144.56525909578045,3.4674999713897705,3.659999966621399,92.0,16.0,76.0,3.480560110854684,3.44629087217104,0.0,0.0,63.66898252861099,0.8602594522399413,0.8411053200186807,0.8720033016328032,18.552887018749725,54.42036441373677,90.90910404509444,84.0909076617611,-9.090895954905545,0.1589852753807519,7.038123269673722,1.3981012467579723,0.672569764704601,0.7255314820533714,-16.631225237679804,-18.82213913190424,2.1909138942244333,3.496347399667655,1.955312099250328,1.936441462101257,-3.693927912789363,-1.955314811000889,3.292189598083496,4
2022-01-10,3.680000066757202,3.700000047683716,3.609999895095825,3.640000104904175,3.292189598083496,4360574,-175739121.90503544,776721,0.0811299946991097,76593.50098806765,0.0619184997826368,0.037922198250658,76571.46375609536,3.521937011602094,80.87814193646246,946.080735489902,3.481000018119812,3.67448389253532,3.287516143704304,11.116568423347166,0.910887179266704,0.0,0.0,3.560999997456868,3.632000025113424,3.489999969800313,3.987645476397684,1.0563385681302075,1.0,0.0,3.319999933242798,3.700000047683716,3.509999990463257,10.916406563139487,0.8421054612896183,0.0790713698798494,0.8613230111233502,0.0532854245136782,0.0293880044490984,0.0238974200645798,3.543333351612091,3.448846156780536,3.553952279607889,3.5006668550942117,1.1511111148787114,0.6888891055259252,0.4622220093527862,0.126315352102807,25.308052534297094,0.0089999914169309,43.80063421490713,21.58129597577052,22.21933823913661,3.580000042915344,3.502500057220459,3.5412500500679016,3.502500057220459,99.99981634509712,27.970800128938844,26.51814066177965,10.368135472876364,135.91910375255392,3.4549999237060547,3.659999966621399,88.0,12.0,76.0,3.508481704681037,3.44629087217104,0.0,0.0,62.60950250360087,0.7495492350169884,0.75762173169101,0.8288041847716858,19.82652243330257,51.93040778459981,81.81820809018865,80.80808445697069,-18.181791909811352,0.175779397347394,6.122449972588815,1.522150684979825,0.8424859487596458,0.6796647362201792,-15.998397783907755,-18.25739086230494,2.258993078397186,3.509545068338197,-0.2739723343007316,-0.2743483253986323,-3.957779906560044,0.273970544934528,3.265055894851685,0
2022-01-11,3.619999885559082,3.650000095367432,3.5899999141693115,3.609999895095825,3.265055894851685,4855339,-177357581.1005858,-4078618,0.026430499499246,44842.83103396336,-0.0432514462782535,0.0343818834551155,-51963.57530328576,3.553628450625473,69.88490840729642,946.080735489902,3.4920000076293944,3.688529922382612,3.2954700928761773,11.256008838707588,0.8002084634662447,0.0,0.0,3.576999990145365,3.647000042597453,3.5069999376932777,3.9138972683778577,0.7357134301652614,0.0,0.0,3.319999933242798,3.700000047683716,3.509999990463257,10.882019290111277,0.7631575645173029,0.0771642510116766,0.9097594018294354,0.0538093908849219,0.0342722817362631,0.0195371091486588,3.553333342075348,3.459230771431556,3.5625749896829566,3.508765598798034,1.1165919800301536,0.7309418641673275,0.385650115862826,0.1483217225954622,25.318532083899655,-0.0619999408721922,47.55251287429038,26.95171334648704,20.60079952780334,3.590000033378601,3.502500057220459,3.54625004529953,3.502500057220459,99.99990817254856,28.570281386754164,25.01213527902008,11.672356329010736,96.25667166587708,3.4299999475479126,3.6449999809265137,84.0,8.0,76.0,3.5391246395614653,3.44629087217104,0.0,0.0,59.41522949313784,0.5183044046489768,0.7093710306353023,0.769366027448331,19.77579178435772,49.21355907225232,72.72723988726419,81.81818400751577,-27.27276011273581,0.1791911791352665,3.438392126967662,1.5335704073066314,0.980702840469043,0.5528675668375884,-14.5026011071004,-17.506432911264035,3.003831804163635,3.5143193110487827,-0.824181564388704,-0.8275967183016153,-4.749342178599802,0.824184100685045,3.256011486053467,1
2022-01-12,3.630000114440918,3.640000104904175,3.5899999141693115,3.5999999046325684,3.256011486053467,4757411,-180212036.77459252,-8836029,0.0128835941145916,31640.417367712427,-0.0052549740868476,0.0340065281631978,-53195.22056432088,3.567548817164662,61.99838810073245,943.4600156540864,3.502499997615814,3.698548480786165,3.306451514445463,11.194774207212172,0.7486627426034055,0.0,0.0,3.5903333187103272,3.660333395004273,3.520333242416382,3.899363656803304,0.5690469670465006,0.0,0.0,3.319999933242798,3.700000047683716,3.509999990463257,10.849396565298722,0.7368418080655726,0.0744478449839952,0.980663378391383,0.0528089733794554,0.0379796200649016,0.0148293533145538,3.5674999952316284,3.469615386082576,3.568332668905974,3.5155236955265186,1.1187215108981188,0.7351599744380559,0.3835615364600628,0.165844936401869,25.291372233198977,-0.0224999785423278,51.00852990232055,32.13215413022284,18.87637577209771,3.595000028610229,3.5049999952316284,3.550000011920929,3.502500057220459,99.99995408627429,29.12694255472553,23.799168196971063,11.106303737374857,81.78033202495499,3.4225000143051147,3.637500047683716,80.0,4.0,76.0,3.5648647048610256,3.44629087217104,0.0,0.0,58.34664795417151,0.4490779287736148,0.5723105228131934,0.6797677617131686,19.398698832424756,51.12721093299381,65.517187515415,73.35421183095595,-34.482812484585004,0.1672794187770172,4.956263398446165,1.5021651950932526,1.084995311393885,0.4171698836993676,-13.326661076871227,-16.670478544385475,3.3438174675142456,3.518975535713045,-0.2770080541232622,-0.2773924314350084,-5.013194172370472,0.2770062470440138,3.3283674716949463,2
2022-01-13,3.609999895095825,3.690000057220459,3.609999895095825,3.680000066757202,3.3283674716949463,6806448,-175107195.7034039,-2029581,0.0878264985872766,104908.492528452,0.0411375067299226,0.0308902884122302,138076.29889493794,3.5878213316776333,63.1980178043887,943.4600156540864,3.51800000667572,3.718658935208684,3.3173410781427566,11.407557029687055,0.9036702011365249,0.0,0.0,3.605666653315226,3.678666750590007,3.532666556040445,4.04918725404972,1.0091322903459743,1.0,0.0,3.319999933242798,3.700000047683716,3.509999990463257,10.801595046044165,0.9473684870965394,0.0760030757443848,0.980663378391383,0.0578051381428985,0.041944723680501,0.0158604144623975,3.584166665871938,3.483076930046081,3.585512268575393,3.527707130432495,1.091324051780561,0.7351600321026585,0.3561640196779022,0.1838022126530719,25.34498696476652,-0.0579999685287475,55.53648431023852,37.10202613572225,18.434458174516276,3.595000028610229,3.5049999952316284,3.550000011920929,3.502500057220459,99.99997704313714,30.235419272615072,26.527919646301747,10.151960835264005,107.78935886149137,3.4225000143051147,3.637500047683716,100.0,4.0,96.0,3.586486359712656,3.44629087217104,0.0,0.0,63.9348666615628,0.8111024195838172,0.5928282510021363,0.624836601483544,20.897356734953966,51.09113248692661,93.10345394574578,77.115960449475,-6.89654605425421,0.1682205873377182,5.747127775503971,1.638603659703794,1.195716981055867,0.4428866786479271,-8.914943958512692,-15.11937162721092,6.204427668698228,3.529665624131286,2.222226784553172,2.1978951350272613,-2.902371931477365,-2.2222275919911,3.3283674716949463,3
2022-01-14,3.650000095367432,3.700000047683716,3.640000104904175,3.680000066757202,3.3283674716949463,5065119,-173418822.7034039,3035538,0.0755918552504136,89921.56502438744,0.0236915433523532,0.0312575017263447,151254.71053268408,3.604113585397747,70.39692318174185,943.4600156540864,3.534500014781952,3.7314238619055367,3.3375761676583675,11.142953532324883,0.8694322808043096,0.0,0.0,3.618666664759318,3.6936667601267503,3.543666569391886,4.145178449168956,0.9088888267235272,0.0,0.0,3.3499999046325684,3.700000047683716,3.524999976158142,9.902394725912584,0.9428572207080756,0.0744027624479004,0.8663624348534885,0.0610607642322871,0.0457679317908582,0.0152928324414289,3.602500001589457,3.496923089027405,3.6000488529110566,3.538988088678769,1.1179246800188476,0.7264153001654305,0.391509379853417,0.2008697486796737,25.417823664010665,-0.0245000243186952,58.4605228849781,41.97797425658485,16.482548628393253,3.620000004768372,3.5049999952316284,3.5625,3.502500057220459,99.99998852156855,31.37253069090384,25.954911458288866,9.56206047523819,106.8073484191882,3.4225000143051147,3.637500047683716,96.0,20.0,76.0,3.5899999141693115,3.44629087217104,0.0,0.0,63.9348666615628,0.7700856326236207,0.6767553269936842,0.6139647002696714,22.06425901515539,51.81199816551048,93.10345394574578,83.9080318023022,-6.89654605425421,0.1703088374698862,6.358382259673386,1.7253735447039409,1.301648293785482,0.423725250918459,-8.154351476971076,-13.726367597162954,5.572016120191877,3.5372270179105327,0.0,0.0,-2.902371931477365,0.0,3.310278415679932,4
2022-01-17,3.650000095367432,3.690000057220459,3.619999885559082,3.660000085830689,3.310278415679932,3826355,-172872189.38987055,-790817,0.0717968967960146,66143.19473260803,-0.0274415185791934,0.0322889991105491,-20795.387399409414,3.6147261902805896,64.43415977152762,938.3325205519906,3.5480000138282777,3.740416256501967,3.3555837711545884,10.846462340684884,0.7910359085234491,0.0,0.0,3.632333334287007,3.705333455403646,3.55933321317037,4.019461563593929,0.6894979838422165,0.0,0.0,3.3499999046325684,3.700000047683716,3.524999976158142,9.86471650752613,0.8857144414161525,0.073962503369248,0.8751098392354633,0.0613201791944244,0.0488783812715714,0.0124417979228529,3.615000009536744,3.50884617291964,3.6092721195140767,3.547951940319652,1.1037733981771336,0.7075474711232607,0.3962259270538729,0.2150380147736806,25.42165727667076,0.0019999384880065,63.09442007078508,46.5995537271396,16.494866343645477,3.634999990463257,3.509999990463257,3.572499990463257,3.502500057220459,99.99999426078428,31.84930903894845,24.18895956638917,10.855459577542495,85.80793843371255,3.4225000143051147,3.637500047683716,92.0,16.0,76.0,3.607599935531616,3.44629087217104,0.0,0.0,61.541020631170674,0.5813297539713714,0.7208392687262698,0.6634742822406968,22.31032333417905,55.10033599789448,83.33334989017862,89.84675259389007,-16.66665010982137,0.1654558974153852,4.273507002136339,1.7283260942057694,1.3869838538695396,0.3413422403362298,-9.456548075291604,-12.872403692788684,3.41585561749708,3.5476947777943044,-0.5434777327093077,-0.5449599457100884,-3.4300759190186936,0.5434813363862787,3.2831451892852783,0
2022-01-18,3.680000066757202,3.690000057220459,3.619999885559082,3.630000114440918,3.2831451892852783,4307883,-175949223.522683,-5098700,0.0821998205958536,38231.82880645251,0.0,0.0178224512918298,-56105.86929005358,3.619080864737753,59.45154580127264,938.3325205519906,3.561000025272369,3.7380762896947943,3.383923760849944,9.945311045533131,0.6948315585762103,0.0,0.0,3.6390000104904177,3.7120001554489135,3.5659998655319214,4.012099189230726,0.4383569987798221,0.0,0.0,3.369999885559082,3.700000047683716,3.534999966621399,9.267064301674449,0.7878790943855342,0.0735662701984609,0.9191837505243602,0.0584314589633603,0.0507889968099292,0.007642462153431,3.621666689713797,3.5184615575350247,3.612461041810514,3.554029582847153,1.0555554451766973,0.7407410350843612,0.3148144100923361,0.2245094539064429,25.431326961694484,-0.0710000157356263,64.22102912285668,50.59371534716655,13.627313775690126,3.634999990463257,3.509999990463257,3.572499990463257,3.502500057220459,99.99999713039216,32.292031790704165,22.537564500425272,10.114350711908047,71.41623977798338,3.4200000166893005,3.637500047683716,88.0,12.0,76.0,3.607599935531616,3.700000047683716,0.0,1.0,58.03111601073335,0.2539110652549213,0.5351088172833046,0.6442344710010862,21.477418094033755,49.32392641754791,68.1818526638396,81.53955216658801,-31.8181473361604,0.1673088333185983,2.253525723921087,1.644090393770739,1.4384051618497795,0.2056852319209592,-9.636870342380968,-12.225297022707142,2.588426680326174,3.5490411743445605,-0.8196713302251801,-0.8230491061099965,-4.2216319003307134,0.8196659914202655,3.301234006881714,1
2022-01-19,3.5999999046325684,3.670000076293945,3.5999999046325684,3.650000095367432,3.301234006881714,5227552,-173708833.91988724,128852,0.0956148429724077,47705.98759015369,-0.0267812180171565,0.0139582261749032,-6508.570872395248,3.627159743230989,52.388180360797136,938.3325205519906,3.5730000257492067,3.739745369099872,3.406254682398542,9.333632362104494,0.730891214324032,0.0,0.0,3.638666677474976,3.710666823387146,3.566666531562805,3.957501595729255,0.578704131421357,0.0,0.0,3.369999885559082,3.700000047683716,3.534999966621399,9.2359406590107,0.84848506741824,0.0732096603447525,0.9446526513781908,0.0570977711187628,0.0520507516716959,0.0050470194470668,3.635000030199688,3.528461557168227,3.6182362808192714,3.561138509700508,1.037036955274938,0.796296525230173,0.2407404300447648,0.2310999279280923,25.444410264918425,0.0169998884201048,64.94952540134972,54.11985382435504,10.829671576994675,3.639999985694885,3.509999990463257,3.574999988079071,3.502500057220459,99.99999856519608,32.107108986665736,20.994036787412824,11.378411918292072,60.789610531930734,3.3975000381469727,3.637500047683716,84.0,8.0,76.0,3.607599935531616,3.698400044441223,0.0,0.0,59.68202362555573,0.3935689799926417,0.4096032664063115,0.5551837841386288,21.25256955784592,52.85440611218236,76.19050322205642,75.90190192535822,-23.809496777943576,0.1648382439332851,4.584529667434787,1.603357211836299,1.4713955718470837,0.1319616399892156,-8.16201296854002,-11.412640211873718,3.250627243333698,3.5494613987817005,0.5509636445175214,0.5494513919280797,-3.693927912789363,-0.550960026241583,3.2831451892852783,2
2022-01-20,3.619999885559082,3.660000085830689,3.619999885559082,3.630000114440918,3.2831451892852783,3908906,-175663251.9717192,-3780054,0.0417890204766295,29722.554299626507,0.0051165418309428,0.0105097992810565,7383.268990606266,3.631067274890339,47.41669811140155,933.1909775318722,3.583000028133392,3.737803173147393,3.428196883119391,8.64097927984933,0.6518059801151805,0.0,0.0,3.642333348592122,3.7103334983189904,3.574333198865255,3.733878435544723,0.4093146544475048,0.0,0.0,3.4100000858306885,3.700000047683716,3.555000066757202,8.093775037007363,0.7586208881011026,0.0698887143374379,1.0120421762729754,0.0538067320655386,0.0524019477504645,0.0014047843150741,3.638333380222321,3.537692326765794,3.620046101376447,3.5662393693109085,1.0280373144571455,0.841121661922069,0.1869156525350767,0.2338839000513889,25.36401061929511,0.0670000672340398,65.43654388608371,57.117800296423326,8.318743589660386,3.6449999809265137,3.509999990463257,3.5774999856948853,3.502500057220459,99.99999928259804,31.93539495434434,20.145007585091385,10.91825248861705,53.33001067578603,3.3950000405311584,3.637500047683716,80.0,4.0,76.0,3.607599935531616,3.694464038848877,0.0,0.0,57.25650363917943,0.1883830202147389,0.2786210218207673,0.4077777018367945,20.372977844262397,52.14169800685536,66.6667045108787,70.34635346559158,-33.333295489121305,0.1557794220307293,1.1142117333688593,1.508780720906447,1.4788726016589564,0.0299081192474905,-9.09388468482696,-10.948889106464367,1.8550044216374089,3.551743609526077,-0.5479446686014633,-0.5494513919280797,-4.2216319003307134,0.547941089869056,3.2288780212402344,3
2022-01-21,3.609999895095825,3.630000114440918,3.559999942779541,3.569999933242798,3.2288780212402344,5158835,-179348139.13481754,-8938889,-0.050116853161686,-18742.244139063565,-0.0610603890351312,0.0075737630305522,-106688.89685210484,3.631378915330767,45.4074582457046,933.1909775318722,3.5870000243186952,3.7360101368276575,3.437989911809733,8.308341873360584,0.4429565860005812,0.0,0.0,3.63766667842865,3.703666830062866,3.5716665267944334,3.628708041096619,-0.0126256797171626,0.0,1.0,3.4100000858306885,3.700000047683716,3.555000066757202,8.08474936958243,0.5517236843403368,0.0698998600698318,1.207641223599402,0.0458287612921877,0.0510873104588091,-0.0052585491666214,3.631666700045269,3.545384636292091,3.612346690894348,3.56651792960216,0.9999999999999996,0.8857143700526809,0.1142856299473186,0.2301754606149356,25.373164527480068,-0.0070001006126405,61.65642648535652,59.10177721536214,2.5546492699943784,3.629999995231629,3.509999990463257,3.569999992847442,3.502500057220459,49.99999964129902,30.16611649350656,18.71836187167359,16.21519880327137,-3.088160364902528,3.3950000405311584,3.637500047683716,76.0,8.0,68.0,3.607599935531616,3.690685473480225,0.0,0.0,50.61118936711096,0.0,0.1939840000691269,0.2940694294320686,17.577436323169156,51.06878936567203,18.749972060337523,53.86905993109088,-81.25002793966247,0.1340147060506487,-2.191785206421506,1.284972126785294,1.440092506684224,-0.15512037989893,-7.653359578520391,-10.289783200875572,2.6364236223551814,3.552765238171097,-1.652897501557271,-1.6667102711131363,-5.80475015368248,1.6529018644118452,3.237922430038452,4
2022-01-24,3.559999942779541,3.5999999046325684,3.5199999809265137,3.5799999237060547,3.237922430038452,3760111,-177468083.63481754,-5178778,0.0029502498598321,-10693.198670513468,-0.0744659983750597,-0.0024103688099326,-74737.74086258312,3.6310405042559295,39.55932827129626,935.8049554170874,3.594500017166138,3.7251101890745386,3.463889845257737,7.267223329233549,0.4444909487208532,0.0,0.0,3.629333337148031,3.694333465894064,3.5643332084019974,3.5819321460899984,0.1205129559455941,0.0,0.0,3.4100000858306885,3.700000047683716,3.555000066757202,8.06788038581399,0.5862064146116078,0.0709098664334541,1.4091993397613976,0.0398536693409936,0.048840582235246,-0.0089869128942523,3.631666700045269,3.5542307908718405,3.607370265173072,3.567516595832078,0.9603961517897288,0.9900990379474324,-0.0297028861577034,0.2224116878438345,25.438674199290453,0.0555000782012942,59.79646442438309,60.462216276483545,-0.6657518521004562,3.6100000143051143,3.524999976158142,3.5674999952316284,3.502500057220459,24.99999982064951,28.348598309131123,17.21764870047743,18.923838399501232,-36.21354001845052,3.3950000405311584,3.637500047683716,72.0,4.0,68.0,3.607599935531616,3.682844341638184,0.0,0.0,51.61904162809997,0.0620617604521275,0.0834815935556222,0.1853622051485055,15.569451141388404,48.87707503961449,33.33328918176098,39.58332191765907,-66.66671081823901,0.1083235249799838,0.0,1.1171263894764951,1.3754992832426782,-0.2583728937661831,-8.787021821932392,-9.989230925086936,1.2022091031545443,3.553785478061287,0.2801117829202226,0.2797202009399591,-5.540898159911811,-0.28010995580265785,3.120344638824463,0
2022-01-25,3.539999961853028,3.559999942779541,3.440000057220459,3.450000047683716,3.120344638824463,10261715,-186019512.8014842,-15440493,-0.1217433579935265,-199740.12425709367,-0.0701635766253145,-0.0135762710011464,-362099.24754821096,3.609068671815989,29.055870043927683,935.8049554170874,3.593000018596649,3.7293965557467863,3.4566034814465114,7.592348257399192,-0.0242067500420736,0.0,1.0,3.616000008583069,3.687000107765198,3.54499990940094,3.9269966268584335,-0.669012176120567,0.0,1.0,3.440000057220459,3.700000047683716,3.5700000524520874,7.236292488659863,0.0384615031925165,0.0778188664386682,2.185411108270204,0.0243477961427944,0.0439420250167557,-0.0195942288739612,3.6150000294049582,3.556538480978745,3.583159462482401,3.5588116663396065,0.8207551604610829,1.084905675230754,-0.2641505147696711,0.2046001288474468,25.522675806581496,0.0470000863075257,53.63424416536291,60.75396230571047,-7.119718140347565,3.5700000524520874,3.524999976158142,3.5475000143051147,3.502500057220459,12.499999910324757,27.973234259264977,14.957614897666817,23.940567209158136,-148.3179725782264,3.396250009536743,3.637500047683716,68.0,4.0,64.0,3.607599935531616,3.66981679278125,0.0,0.0,40.14887508337335,0.0,0.0206872534840425,0.0993842823695972,9.672491133055471,39.3277139442984,3.846150319251659,18.64313718711672,-96.15384968074834,0.0729117666973784,-5.479453218030204,0.6841552300472604,1.2372304726035948,-0.5530752425563343,0.7887677182512239,-7.833631196419304,8.622398914670528,3.543286789473248,-3.631281530524766,-3.6988534236815696,-8.970974078930515,3.631272637145699,3.120344638824463,1
2022-01-27,3.549999952316284,3.565000057220459,3.4200000762939453,3.450000047683716,3.120344638824463,10447888,-192144140.3557828,-4992605,-0.1609427503057072,-171205.8207917946,-0.0104087082207984,-0.0112245045307393,-372631.76151009,3.5920418748549263,27.33878060663633,935.8049554170874,3.592500019073486,3.730901661855475,3.454098376291497,7.705032264282802,-0.0148059247180941,0.0,1.0,3.6028333504994707,3.683333428700765,3.522333272298177,4.468709505541463,-0.449274250601281,0.0,1.0,3.4200000762939453,3.700000047683716,3.5600000619888306,7.794014471904809,0.1071427659112486,0.0845369778874528,2.7024962378614603,0.0119218522280482,0.0375379904590142,-0.025616138230966,3.599166691303253,3.559615410291232,3.5626733986672185,3.5507515464391703,0.8400003560379588,1.0488888860631913,-0.2088885300252325,0.1804919294832802,25.710813161154935,0.017499876022339,47.25272763968894,59.83354489787163,-12.580817258182693,3.5600000619888306,3.534999966621399,3.5475000143051147,3.502500057220459,6.2499999551623775,27.89579628010044,13.047369887265466,22.644627728712518,-155.28549888830935,3.3987500071525574,3.637500047683716,64.0,4.0,60.0,3.607599935531616,3.646835119225171,0.0,0.0,40.14887508337333,0.0,0.0206872534840425,0.0416187001745691,5.099268686535535,35.45023675551577,10.714276591124868,15.964572030712503,-89.28572340887513,0.0397058970787944,-5.219781641337641,0.3357557427526544,1.0569355266334068,-0.7211797838807523,7.546049300162401,-4.757695097102964,12.303744397265366,3.534400944589951,0.0,0.0,-8.970974078930515,0.0,3.1384334564208984,3
2022-01-28,3.430000066757202,3.5299999713897705,3.430000066757202,3.470000028610229,3.1384334564208984,20914958,-196327131.95578295,15922353,-0.1789218289295915,-86990.88052456321,-0.0059766009392614,-0.0137814527472257,121246.01602822164,3.564281661979204,17.803681568908132,935.8049554170874,3.590500020980835,3.734649295498027,3.4463507464636427,8.029481892486617,0.0820305278184587,0.0,0.0,3.5845000187555947,3.667000071207682,3.501999966303507,4.603155364509025,-0.1939388930198692,0.0,1.0,3.4200000762939453,3.700000047683716,3.5600000619888306,7.798355932421956,0.1785712765187462,0.0860832705619643,3.1031459132819896,0.0036460045940738,0.0307595932860261,-0.0271135886919523,3.587500035762787,3.561923100398137,3.5484159571199894,3.5447699525259155,0.8414100081083239,1.0969163162162272,-0.2555063081079033,0.1540090923663954,25.856387390986125,0.0094998836517334,40.06923342117407,57.7900682907823,-17.720834869608233,3.555000066757202,3.534999966621399,3.5450000166893005,3.502500057220459,3.1249999775811887,27.82388958516194,11.917025174398018,20.682835011163803,-150.17960509204698,3.3987500071525574,3.637500047683716,60.0,8.0,52.0,3.607599935531616,3.619614914073424,0.0,0.0,42.43132891288752,0.0959579011878185,0.0319859670626062,0.0244534913435638,2.0246193099017047,36.34961003804562,17.85712765187462,10.80585152075038,-82.14287234812538,0.0032941362437082,-3.878112757725716,0.1028558874878685,0.8661195988042992,-0.7632637113164307,22.79850986792399,0.7535458959024268,22.044963972021563,3.520027619464561,0.5797095840604616,0.5780357339155495,-8.443270091389188,-0.579705759785881,3.183655500411988,4
2022-01-31,3.490000009536743,3.5799999237060547,3.490000009536743,3.5199999809265137,3.183655500411988,9363964,-199448453.28911632,25286317,-0.2045932693623284,-7678.218522281939,0.052862127178498,-0.0144283365046642,256173.3213974161,3.5572395349844617,21.81756747164272,949.2891637059666,3.5890000224113465,3.735410450244081,3.442589594578612,8.15884240281311,0.2643609047995494,0.0,0.0,3.570166675249735,3.6556667248408,3.484666625658671,4.789695124532735,0.2066276887372437,0.0,0.0,3.4200000762939453,3.700000047683716,3.5600000619888306,7.801615203157524,0.3571425530374956,0.0884749330153505,3.312764860199698,0.0011091286599906,0.024829500360819,-0.0237203717008283,3.580833375453949,3.565384635558495,3.544044268474839,3.5429351398148485,0.8528141110658125,1.060606160689865,-0.2077920496240521,0.1295708321959639,25.90151777561082,0.0910000443458556,34.06569226602012,54.56465409025286,-20.498961824232737,3.555000066757202,3.555000066757202,3.555000066757202,3.502500057220459,1.5624999887905944,26.622524921177316,15.038553536644622,18.757765549864576,-80.47056122906871,3.401250004768372,3.637500047683716,56.00000000000001,4.0,52.00000000000001,3.607599935531616,3.5956611335398865,0.0,0.0,47.79168960944126,0.3213157837437392,0.1390912283105193,0.0639214829523894,0.993414612259046,35.695610073558484,35.71425530374956,21.428553182249683,-64.28574469625045,-0.0135588162085591,-2.222220161814694,0.0313053616908338,0.6991567513816062,-0.6678513896907723,21.55257307613211,4.913351331948364,16.639221744183747,3.5200245704863398,1.440920804150836,1.4306381987611028,-7.124010122535829,-1.4409113533559434,3.2288780212402344,0
2022-02-01,3.4800000190734863,3.575000047683716,3.4600000381469727,3.569999933242798,3.2288780212402344,5363027,-194551787.0982633,30649344,-0.1441189614037575,31725.96901960756,-0.037525289227307,-0.0140193252867395,211106.59392713456,3.5531273115201363,27.11131012887914,962.7733719948455,3.593000018596649,3.732585167047632,3.453414870145666,7.769838448567666,0.4176127059035653,0.0,0.0,3.5580000082651777,3.6480000416437774,3.4679999748865766,5.05902378693267,0.5666662251509429,0.0,0.0,3.4200000762939453,3.700000047683716,3.5600000619888306,7.792929861969014,0.5357138295562434,0.0911274406674897,3.39511927658381,0.00309750834188,0.0204831019570312,-0.0173855936151512,3.571666697661082,3.5684615557010355,3.54803744766991,3.54493993932803,0.8512399039154017,1.0206612229762069,-0.1694213190608051,0.1100701171455278,25.919679449970285,0.087000048160553,29.770797713296822,50.73685060030177,-20.966052887004945,3.5450000762939453,3.555000066757202,3.5500000715255737,3.502500057220459,0.7812499943952972,25.98267777852459,13.612117461473105,19.452951014691745,-76.45063917928198,3.416249990463257,3.637500047683716,52.0,84.0,-32.0,3.4200000762939453,3.5956611335398865,1.0,0.0,52.549760437590194,0.5213524655237765,0.3128753834851114,0.161317526286079,1.5976819840737184,43.39205427474874,53.57138295562434,35.7142553037495,-46.42861704437566,-0.0263970325974858,-2.989134008666904,0.0873783024506532,0.5768010615954156,-0.4894227591447623,16.58937452658204,7.248555970875099,9.340818555706942,3.522093638545722,1.4204531985003932,1.4104592900649582,-5.80475015368248,-1.4204589919479105,3.2831451892852783,1
2022-02-02,3.5999999046325684,3.670000076293945,3.5899999141693115,3.630000114440918,3.2831451892852783,10534796,-194551755.7021882,41184140,-0.1510578047285685,117492.21185755378,0.0854313118575455,-0.0075417334335685,253235.22152852544,3.5582658001340426,35.822351394016266,962.7733719948455,3.595000028610229,3.735499191600787,3.454500865619672,7.816365055489161,0.624556207616129,0.0,0.0,3.556333343187968,3.647333375612895,3.465333310763041,5.117632327646369,0.9047623351877554,0.0,0.0,3.4200000762939453,3.700000047683716,3.5600000619888306,7.788594413391816,0.7500002128737531,0.0920147109058554,3.3947985425544056,0.0094063956715073,0.0182677606999264,-0.0088613650284191,3.567500034968058,3.5761538652273326,3.5606470887116037,3.551240693040096,0.9444445285426613,0.944444339321673,1.8922098821150257e-07,0.097808844067998,25.915109455887503,0.0650000572204594,28.225470370194746,46.65640004128455,-18.430929671089803,3.5450000762939453,3.555000066757202,3.5500000715255737,3.502500057220459,3.4468994123926637,24.57380990742468,20.25161011465981,17.86600844318633,40.9024090387491,3.418749988079071,3.637500047683716,48.0,80.0,-32.0,3.4231000757217407,3.5956611335398865,0.0,0.0,57.54944177650068,0.7315468281373971,0.5247383591349709,0.3255683236435339,3.742767896738534,46.65161143039139,75.0000212873753,54.76188651558306,-24.99997871262469,-0.0071617399944976,-1.3586943317733111,0.2648763202658298,0.5144161133294984,-0.2495397930636685,17.460270370528242,9.290898850805728,8.169371519722514,3.5225427810052232,1.6806773759129756,1.6667102711131363,-4.2216319003307134,-1.6806818866511293,3.310278415679932,2
2022-02-03,3.670000076293945,3.680000066757202,3.5999999046325684,3.660000085830689,3.310278415679932,7461985,-190820752.0829865,48646125,-0.1331928063244926,132687.51537946038,0.010721019384324,-0.0097143396725399,238725.1697346118,3.55795517948022,36.21516953912103,970.7301688830262,3.5955000281333924,3.736847171090114,3.4541528851766707,7.862447050520658,0.7281618727767474,0.0,0.0,3.5570000092188514,3.649000040690104,3.464999977747599,5.1729002661125305,1.0597828335744777,1.0,0.0,3.4200000762939453,3.700000047683716,3.5600000619888306,7.787511311330257,0.8571429787850033,0.0908132560277333,3.3979044810143555,0.0166352208335451,0.0179412527266502,-0.001306031893105,3.567500034968058,3.583076944717994,3.5759321651914626,3.559296944357917,0.9440000854491696,0.983999833679294,-0.0399997482301245,0.0923730153199243,25.94284331914574,0.0345000863075255,26.17341574708706,42.2938302480627,-16.120414500975638,3.5500000715255737,3.5600000619888306,3.555000066757202,3.502500057220459,11.538436934858067,23.416424068926023,19.7425770373754,16.692788245532654,61.63879683701614,3.418749988079071,3.637500047683716,44.0,76.0,-32.0,3.432976075744629,3.5956611335398865,0.0,0.0,59.82859686711476,0.8273660452224629,0.6934217796278789,0.5103451740826538,6.230547699559743,46.21136115070447,85.71429787850033,71.42856737383333,-14.285702121499664,0.0148382439332852,0.0,0.4673737845872848,0.5050076475810558,-0.0376338629937709,14.993337599979837,10.43138660064055,4.561950999339286,3.5233902506286885,0.8264454667762822,0.8230491061099965,-3.4300759190186936,-0.8264400393623959,3.310278415679932,3
2022-02-04,3.630000114440918,3.670000076293945,3.609999895095825,3.660000085830689,3.310278415679932,6778805,-186301539.7708298,55424930,-0.0690026402289472,113732.15603953748,-1.9653488379687532e-16,-0.0114065927691365,61669.23676402643,3.5581131561972787,32.89204279883978,970.7301688830262,3.599500036239624,3.7433715601898734,3.455628512289374,7.99397263518585,0.7102572070202903,0.0,0.0,3.5580000082651773,3.652000037829081,3.463999978701274,5.28386899075564,1.0425534334336002,1.0,0.0,3.4200000762939453,3.700000047683716,3.5600000619888306,7.778857301590272,0.8571429787850033,0.0877319485447719,3.3979044810143555,0.0221092551247874,0.0187748532062776,0.0033344019185097,3.5700000325838723,3.590769254244291,3.588865691443651,3.5667564363188635,0.9279999328613788,0.9999998092652822,-0.0719998764039032,0.0915447629009132,25.95397219745768,0.0505000591278079,23.92176612384224,38.10109020789445,-14.179324084052208,3.5500000715255737,3.5600000619888306,3.555000066757202,3.502500057220459,25.06335029601536,22.341708647462983,18.74818507261679,15.852007709670984,56.93296736414722,3.418749988079071,3.637500047683716,40.0,72.0,-32.0,3.4477975152053832,3.5956611335398865,0.0,0.0,59.82859686711476,0.9199508174516776,0.8262878969371793,0.6814826785666764,8.20350472024962,52.914528352021016,88.8888987003539,83.20107262207652,-11.111101299646092,0.0380147057421065,0.8264454667762858,0.6198700561568402,0.5279801292962127,0.0918899268606274,12.22873812181212,10.790856904874865,1.4378812169372566,3.5250007057588637,0.0,0.0,-3.4300759190186936,0.0,3.301234006881714,4
2022-02-07,3.619999885559082,3.670000076293945,3.5999999046325684,3.650000095367432,3.301234006881714,7501215,-183086718.74287343,47923715,-0.062568786640914,86768.6939677694,-0.0046659177815867,-0.0097797641407361,-20495.102924516483,3.5602498059283607,31.7099756756257,970.7301688830262,3.599500036239624,3.7433715601898734,3.455628512289374,7.99397263518585,0.6755040112915971,0.0,0.0,3.563333344459534,3.6573333740234366,3.46933331489563,5.275960482903448,0.960993210906284,0.0,0.0,3.4200000762939453,3.700000047683716,3.5600000619888306,7.778857301590272,0.8214287234812538,0.0859587708564324,3.3955838047969458,0.025348351069578,0.0200895527789377,0.0052587982906402,3.5700000325838723,3.596153873663682,3.5982709843550023,3.5729226332854243,0.936000109863197,0.991999822998182,-0.0559997131349848,0.0930939526733831,25.997400743465285,0.0305000782012938,22.171159955558416,33.920500822469485,-11.74934086691107,3.5500000715255737,3.5600000619888306,3.555000066757202,3.502500057220459,42.1900264674828,21.146657957720727,17.632361643386076,15.758784755819477,48.15606082234227,3.431249976158142,3.637500047683716,36.0,68.0,-32.0,3.461729668298492,3.5956611335398865,0.0,0.0,58.612059187661245,0.9381831870987848,0.8951666832576417,0.8049587866075667,9.486170823771914,58.62153876964187,85.18519826713847,86.59613161533089,-14.814801732861511,0.0506617693340074,0.0,0.70945703759248,0.5642755109554662,0.1451815266370137,10.634235821336873,10.759532688167267,-0.1252968668303946,3.529917414825184,-0.2732237767417156,-0.2735977141819168,-3.693927912789363,0.273221997140098,3.337411880493164,0
2022-02-08,3.630000114440918,3.7100000381469727,3.619999885559082,3.690000057220459,3.337411880493164,7955818,-178666810.48701364,55879533,-0.0202947908861582,119834.94004517733,0.0339374531030211,-0.0073556603476631,66691.85822475152,3.5648502949374663,38.20524704573746,970.7301688830262,3.6020000338554383,3.750270108714092,3.4537299589967847,8.232652607720894,0.7967558472230873,0.0,0.0,3.574000016848246,3.6690000693003335,3.4789999643961584,5.316175266046244,1.1105261911866662,1.0,0.0,3.4200000762939453,3.7100000381469727,3.565000057220459,8.051081597093237,0.9310345394574578,0.0863629090295782,3.3761114674429527,0.0307881143528363,0.0222292650937174,0.0085588492591188,3.5750000278155007,3.6015384930830736,3.6123831494112255,3.58159503505839,0.9527559853344518,0.9606298000476832,-0.0078738147132314,0.0981815285662629,25.97619600163283,-0.0320001006126404,20.858057652232805,30.27870232101058,-9.420644668777776,3.565000057220459,3.565000057220459,3.565000057220459,3.5075000524520874,71.0950132337414,20.703380982642337,19.673643838339057,14.559017164755591,86.08605630051969,3.443749964237213,3.632500052452088,100.0,64.0,36.0,3.474825892206015,3.5956611335398865,0.0,0.0,61.94532140850077,1.0,0.952711334850154,0.891388638348325,11.580423688684473,63.4074549258277,93.10345394574578,89.05918363774606,-6.89654605425421,0.072220577211941,1.652890933552547,0.8596201985837971,0.6233444484811325,0.2362757501026646,9.72150965999584,10.551928082532982,-0.8304184225371429,3.53870942058926,1.0958893372028822,1.089927983687189,-2.638519937706696,-1.0958894018428964,3.3555006980896,1
2022-02-09,3.690000057220459,3.7200000286102295,3.674999952316284,3.7100000381469727,3.3555006980896,6963524,-174798177.84389916,62843057,0.017486286080828,122611.42677891202,0.0210023512091827,-0.0039425482600674,124929.60207654956,3.569661228358552,44.14288347548411,975.9915739132136,3.607000041007995,3.762576438452818,3.4514236435631727,8.62635961608396,0.8310270671857778,0.0,0.0,3.595833349227905,3.6833334207534794,3.508333277702332,4.866747873305159,1.152380546258756,1.0,0.0,3.4200000762939453,3.7200000286102295,3.5700000524520874,8.317159659151198,0.966666693157624,0.0822266257560149,3.369073875128296,0.0362946155249934,0.0250423351799726,0.0112522803450208,3.586666703224182,3.610000032645005,3.627401132293649,3.5911065167686558,1.0120482689099315,0.9357428849815922,0.0763053839283393,0.1063129789165604,25.876374253504636,-0.0270001173019407,23.725303013530795,27.66454402921523,-3.939241015684434,3.575000047683716,3.5700000524520874,3.5725000500679016,3.512500047683716,85.54750661687069,20.44925986783043,19.77400564743942,13.985676724290256,109.16343925013084,3.4587499499320984,3.632500052452088,100.0,60.0,40.0,3.493639823881292,3.5956611335398865,0.0,0.0,63.52701256160839,1.0,0.979394395699595,0.9424241379357968,13.800260134256892,66.59385198143703,96.6666693157624,91.65177384288222,-3.333330684237589,0.0771176345208108,3.921571639274687,1.010680561980435,0.7008116711809931,0.309868890799442,7.896629097078048,10.020868285441995,-2.124239188363948,3.6053323486896174,0.5420048947527345,0.5405413342211229,-2.1108159501653567,-0.5420013544676152,3.337411880493164,2
2022-02-10,3.7200000286102295,3.7300000190734863,3.660000085830689,3.690000057220459,3.337411880493164,9257255,-176120642.84389922,53585802,0.0271193616766851,78646.23389165699,-0.0018903605214826,-0.0044430412852407,-12161.650589746923,3.576914912062078,41.99583153688864,975.9915739132136,3.61150004863739,3.771159108272758,3.4518409890020223,8.841703308053766,0.7458363739657138,0.0,0.0,3.617333348592122,3.697333415349324,3.537333281834921,4.423151479160089,0.954166549941003,0.0,0.0,3.4200000762939453,3.7300000190734863,3.575000047683716,8.583689287128854,0.8709678411732042,0.0810039565046931,3.352544695557988,0.0385997719190127,0.0277538225277806,0.010845949391232,3.5958333810170493,3.6138461919931264,3.6370317361285434,3.5984319642095297,0.9843139344844738,0.9215685504530884,0.0627453840313853,0.1148052636973289,25.75301878099944,-0.1615000009536742,26.199472230193933,26.12345945243966,0.076012777754272,3.595000028610229,3.575000047683716,3.5850000381469727,3.517500042915344,92.77375330843536,19.87699233212165,18.55023774843997,14.446289883328228,90.40317495088765,3.473749935626984,3.632500052452088,96.0,56.00000000000001,39.99999999999999,3.516275844354185,3.5956611335398865,0.0,0.0,60.80531506564645,0.8835793698922413,0.9611931232974136,0.9644329512823876,14.927110701516732,61.57168376134555,87.09678411732042,92.2889691262762,-12.90321588267958,0.0795882337233599,3.0726294932579488,1.0726831103917231,0.7751859590231391,0.297497151368584,8.693878146402575,9.755470257634112,-1.061592111231537,3.630595032457826,-0.5390830382983824,-0.5405413342211229,-2.638519937706696,0.5390795360803935,3.292189598083496,3
2022-02-11,3.660000085830689,3.714999914169312,3.640000104904175,3.640000104904175,3.292189598083496,7699218,-183819860.8438992,45886584,-0.0574112192139638,12416.695782466442,-0.0170471842826444,-0.0012992409457774,-154229.63756123788,3.581967682989064,41.02536918139854,962.766768655754,3.6095000505447383,3.7666592548540208,3.452340846235457,8.70808710949118,0.5970355331508721,0.0,0.0,3.636166683832805,3.713666741053263,3.5586666266123457,4.262734025095218,0.5247317305874095,0.0,0.0,3.4200000762939453,3.7300000190734863,3.575000047683716,8.58844544780534,0.7096776426397094,0.0804035417807375,3.2947885242665995,0.035977322505404,0.0293985225233053,0.0065787999820987,3.611666719118754,3.613461576975309,3.6374884082478713,3.6015110857424664,1.015625168802189,0.9101562572759556,0.105468911526233,0.1201868616404498,25.63009708855734,-0.1595000028610229,26.443146414495555,25.27650991338137,1.16663650111418,3.595000028610229,3.575000047683716,3.5850000381469727,3.517500042915344,96.38687665421767,18.907404151481625,17.313875037363164,15.260773814970324,59.19510526792457,3.5187500715255737,3.6125000715255737,92.0,52.0,40.0,3.5419227453205018,3.5956611335398865,0.0,0.0,54.51695106842555,0.6145945543535636,0.8327246414152683,0.9244373868040924,14.102091158551358,56.34973878498846,70.96776426397095,84.91040589901792,-29.03223573602905,0.0805441218263962,5.507247959257928,0.998950763967653,0.8199389200120419,0.1790118439556111,7.643803181992963,9.333136842505883,-1.6893336605129203,3.63191561191763,-1.3550122368818365,-1.3642763090858212,-3.957779906560044,1.3550105299854494,3.274100542068481,4
2022-02-14,3.5999999046325684,3.690000057220459,3.569999933242798,3.619999885559082,3.274100542068481,9387784,-185384507.053759,36498800,-0.0766630071086739,-16179.652067079109,-0.0607172854163929,-0.0003171900201583,-155907.1410313541,3.5856411805947728,39.105820137720606,962.766768655754,3.606500041484833,3.760418897157433,3.4525811858122326,8.535635874232812,0.5438537696218471,0.0,0.0,3.645833349227906,3.726333427429199,3.5653332710266112,4.4160042706473,0.3395438597946115,0.0,0.0,3.4200000762939453,3.7300000190734863,3.575000047683716,8.595589608032027,0.645160794133979,0.0843632000004299,3.278495928763296,0.031917239826126,0.0299022659838695,0.0020149738422565,3.6258333722750336,3.6150000370465794,3.634797866295749,3.602880626469623,0.9924242520025796,0.9090906627908002,0.0833335892117794,0.1219183109348717,25.580731321190203,-0.1365000128746039,26.69342707521865,24.9345798424838,1.7588472327348512,3.649999976158142,3.575000047683716,3.612500011920929,3.517500042915344,97.9285507075008,18.401868567176447,15.530332796435417,19.697786142315344,20.76374942234364,3.5187500715255737,3.6125000715255737,88.0,48.0,40.0,3.56449201817086,3.5956611335398865,0.0,0.0,52.19181495848164,0.5151368404057093,0.6711035882171714,0.8216737843099512,12.73637663394884,51.70908624554788,64.51607941339789,74.19354259822974,-35.4839205866021,0.0746176516308501,4.9275314645140895,0.8858811361008369,0.833127363229801,0.0527537728710358,8.402013092986653,9.146912092602037,-0.7448989996153834,3.631077360089304,-0.5494565595793977,-0.550971624431118,-4.485490184829133,0.5494536531415264,3.2198336124420166,0
2022-02-15,3.5899999141693115,3.6050000190734863,3.5350000858306885,3.559999942779541,3.2198336124420166,11763491,-188745544.5485802,24735309,-0.0967776982464728,-114698.0998985886,-0.0357036188418859,0.0021442355358008,-246556.60415862035,3.591932557538639,38.562697103871095,962.766768655754,3.6015000343322754,3.7546372758262336,3.448362792838317,8.504081079224544,0.3645003294173491,0.0,0.0,3.649000016848246,3.7250000874201454,3.5729999462763464,4.165528650095406,-0.0855262593770011,0.0,1.0,3.4200000762939453,3.7300000190734863,3.575000047683716,8.607522971661323,0.4516125558937853,0.0844268599732263,3.0209256687466413,0.0235862139174845,0.0286390555705925,-0.005052841653108,3.633333365122477,3.611538492716276,3.6232904934471017,3.599704279529617,1.0316207030952562,0.944663910938151,0.0869567921571051,0.1176068492776228,25.4829551882221,-0.0815000534057617,24.633804100414263,24.53550581250819,0.098298287906072,3.632500052452088,3.575000047683716,3.6037500500679016,3.517500042915344,93.54113834505404,18.4622280450545,14.39887448285558,21.2626040413661,-40.61006110857508,3.5187500715255737,3.492500066757202,84.0,44.0,40.0,3.56449201817086,3.7300000190734863,0.0,1.0,45.87122111362455,0.2447733929008971,0.45816826255339,0.6539988307286099,9.563416778171598,48.49676991388596,45.16125558937853,60.21503308891579,-54.83874441062147,0.0519411991624272,2.593657447471488,0.6552264321158785,0.7975471770070165,-0.142320744891138,11.063002960110165,9.530130266103663,1.5328726940064996,3.630576550337634,-1.6574570352582918,-1.6713465433389585,-6.06860214745315,1.6574606958215128,3.2831451892852783,1
2022-02-16,3.5999999046325684,3.6549999713897705,3.569999933242798,3.630000114440918,3.2831451892852783,9179043,-184965905.28838992,33914352,-0.0533879308329644,-6522.001957767323,0.0393558795802486,0.0056988489501613,-14487.563099924068,3.6029158931005982,46.31287453102449,981.6976226330024,3.6015000343322754,3.7546372758262336,3.448362792838317,8.504081079224544,0.5930540469144046,0.0,0.0,3.6478333473205566,3.72433340549469,3.571333289146424,4.19427374500674,0.3834430109906206,0.0,0.0,3.4200000762939453,3.7300000190734863,3.575000047683716,8.607522971661323,0.6774196029330105,0.0854841768369266,2.5822353250990724,0.0223743273817929,0.0273861099328325,-0.0050117825510396,3.642500042915344,3.611153877698458,3.6243227428307656,3.6019484154489727,1.0699588566194294,0.8971193746724194,0.1728394819470099,0.1130528937786628,25.454077206199276,-0.0315001010894775,25.05736186375682,24.4114998254715,0.6458620382853226,3.632500052452088,3.575000047683716,3.6037500500679016,3.517500042915344,85.47221282755322,17.542255119337586,17.481193516475994,19.548410832410998,18.2584185635009,3.5412500500679016,3.502500057220459,80.0,40.0,40.0,3.56449201817086,3.7261000204086314,0.0,0.0,53.0195654734993,0.5019148341871249,0.4206083558312438,0.5166267355339351,8.995964440810347,51.19001288223649,66.66669315762411,58.7813427201335,-33.33330684237589,0.0311911933562334,3.125003809956008,0.6211728986963854,0.7622723213448903,-0.1410994226485049,10.538997168926644,9.73190364666826,0.8070935222583859,3.6305741510206864,1.966296988384864,1.947215101240629,-4.2216319003307134,-1.9662996435161801,3.3283674716949463,2
2022-02-17,3.660000085830689,3.690000057220459,3.619999885559082,3.680000066757202,3.3283674716949463,11738107,-176581531.72277388,45652459,-0.0163779390804092,78253.25407669108,0.025344875717659,0.0079360972827985,342169.00138296565,3.630611120240983,60.01039844268508,981.6976226330024,3.603000032901764,3.7585764275881206,3.447423638215407,8.635936345582525,0.7474669567021109,0.0,0.0,3.649500012397766,3.7250000715255736,3.5739999532699587,4.137556315732302,0.7019869567771143,0.0,0.0,3.4200000762939453,3.7300000190734863,3.575000047683716,8.603939493441388,0.8387098014665053,0.0839357763193716,2.0949023588748763,0.0251584657237122,0.0269405810910085,-0.0017821153672962,3.6516667207082114,3.6138461919931264,3.632888484973295,3.6077300192495834,1.105485173491168,0.8354429844919359,0.2700421889992322,0.111045173212835,25.46259778794625,0.0270000815391542,25.996193793889187,24.64199178881005,1.3542020050791417,3.632500052452088,3.575000047683716,3.6037500500679016,3.517500042915344,78.31845352477204,16.490140523799152,19.43646452647084,18.373015880217768,66.46384913605256,3.54625004529953,3.502500057220459,76.0,36.0,40.0,3.56449201817086,3.722278021717072,0.0,0.0,57.35199154009981,0.6502552128744294,0.4656478133208172,0.4481414772351504,9.925531130048428,52.05377873305059,81.4814978339229,64.43648219364184,-18.51850216607709,0.0187794131391187,3.081236290514046,0.6973489033124852,0.7492876377384093,-0.0519387344259241,12.242731894220924,10.234069296178792,2.0086625980421324,3.631067784636268,1.3774091112937814,1.368009051820085,-2.902371931477365,-1.3774073274996539,3.3555006980896,3
2022-02-18,3.680000066757202,3.714999914169312,3.670000076293945,3.7100000381469727,3.3555006980896,8145571,-170246049.24993527,53798030,0.0301563675889903,101983.77448764157,0.020716718241189,0.0056399966444193,228085.8021919565,3.6430871901683672,59.72566065498325,989.700584605323,3.6070000290870663,3.769123482200878,3.444876575973256,8.989379085469244,0.8176591883581446,0.0,0.0,3.6546666781107584,3.728666702906291,3.580666653315226,4.04961827237203,0.8738739290230262,0.0,0.0,3.4200000762939453,3.7300000190734863,3.575000047683716,8.59439812253071,0.935483920586602,0.0800421824749712,1.743088622186372,0.0294462246412239,0.0274417098010516,0.0020045148401723,3.658333381017049,3.618076966359065,3.644751800846168,3.615305576204944,1.120535853984025,0.8660714152668271,0.254464438717198,0.112240330672852,25.3765276997463,0.0530000567436221,27.709952579163584,25.257413191432843,2.452539387730741,3.632500052452088,3.575000047683716,3.6037500500679016,3.5199999809265137,80.47293138847255,15.913300429555973,20.87988316080268,17.638777028059618,97.76832290119192,3.550000011920929,3.502500057220459,72.0,32.0,40.0,3.56449201817086,3.718532462999344,0.0,0.0,59.75033998981949,0.7860944051748998,0.6460881507454848,0.5107814399658487,11.45614795156662,53.52045432561958,92.59259913356917,80.2469300417054,-7.407400866430838,0.0172941151787253,2.2038545780700627,0.8144878495204323,0.7623276800948139,0.0521601694256184,10.257835120622422,10.238822461067516,0.0190126595549049,3.632747717657327,0.8152165990639837,0.8119116580163066,-2.1108159501653567,-0.8152112597361878,3.382634401321411,4
2022-02-21,3.7100000381469727,3.75,3.650000095367432,3.740000009536743,3.382634401321411,7691263,-164093038.84993526,61489293,0.08374122508277,120377.18812529284,0.0097513832246799,0.0090169018195612,128597.48827642082,3.652262807193453,60.64406733420907,997.7035465776438,3.615500032901764,3.786552689506602,3.444447376296926,9.46218531590237,0.8639229553815007,0.0,0.0,3.6620000123977663,3.739000010490418,3.585000014305115,4.205352148113971,1.0064935004616604,1.0,0.0,3.4200000762939453,3.75,3.5850000381469727,9.127366082229022,0.9696969915903244,0.0820379546907308,1.5492414988671324,0.03486317051776,0.0289260019443932,0.0059371685733667,3.665000041325887,3.6203846564659705,3.659405371413949,3.624542200896189,1.131221859068576,0.8280543240264542,0.3031675350421219,0.1169315417209257,25.389608774035548,0.044500052928925,29.87835229705091,26.25966815196819,3.618684145082721,3.642500042915344,3.5850000381469727,3.6137500405311584,3.5299999713897705,84.50114922218611,15.900706383495152,22.11243480032841,16.099092884654745,102.93116725765248,3.550000011920929,3.502500057220459,100.0,28.000000000000004,72.0,3.5350000858306885,3.718532462999344,1.0,0.0,62.04873397651244,0.9162723127167002,0.7842073102553432,0.6319810914405485,13.446939979080003,57.93850828531003,95.3488397881955,89.80764558522918,-4.651160211804497,0.0264411821084866,2.1857902139337555,0.9618641082214432,0.8022349657201397,0.1596291425013034,8.177936284507235,9.826645225755462,-1.648708941248227,3.637188131712412,0.8086245574475681,0.8053727074825323,-1.319259968853348,-0.8086335147317669,3.3193228244781494,0
2022-02-22,3.7200000286102295,3.740000009536743,3.670000076293945,3.670000076293945,3.3193228244781494,8213660,-172306698.84993526,53275633,0.0276567324431956,21043.92529610207,0.0042611860294712,0.0032190356889845,-91538.01588031014,3.657038898058948,52.54867414461015,997.7035465776438,3.620000040531159,3.791813923707934,3.448186157354383,9.492479627241408,0.6455063899328275,0.0,0.0,3.664000018437704,3.738999994595846,3.5890000422795616,4.093885140869701,0.5400003984240584,0.0,0.0,3.4200000762939453,3.75,3.5850000381469727,9.11601988981288,0.7575759327225949,0.0808341525459376,1.586981295839553,0.0331258750852194,0.0297659765725585,0.0033598985126609,3.665833373864492,3.620000041448153,3.661035326010872,3.627909450925652,1.0511630609654992,0.9116281256667398,0.1395349352987593,0.1196987274973106,25.382397147601115,0.0300000548362735,29.05913541984493,26.85231619711421,2.2068192227307293,3.642500042915344,3.5850000381469727,3.6137500405311584,3.5299999713897705,92.25057461109306,15.889011912152965,20.74720579972708,15.105129592598871,76.87007947727407,3.5625,3.502500057220459,96.0,24.0,72.0,3.5393000841140747,3.718532462999344,0.0,0.0,54.26256149339404,0.4752740994076319,0.7258802724330774,0.7187252444779686,12.659790395909218,56.99229549989631,62.79071830556382,83.57738574244283,-37.20928169443618,0.0496176474234637,0.2732237767416967,0.9130843956639404,0.8244048517089,0.0886795439550404,6.921818759465967,9.245679932497564,-2.323861173031596,3.6374730825614527,-1.8716559642861783,-1.8893931121352288,-3.166223925248046,1.871664783475552,3.400722980499268,1
2022-02-23,3.670000076293945,3.7699999809265137,3.6649999618530273,3.759999990463257,3.400722980499268,10183117,-164063220.98114267,63458750,0.117700029296183,148963.31539323914,0.0128889094393396,0.0033738849786284,95990.51463764992,3.663876681195992,53.75620806687175,997.7035465776438,3.635500037670136,3.798898350053163,3.472101725287108,8.989041985417973,0.8809707425290813,0.0,0.0,3.6670000155766806,3.747999986012777,3.5860000451405845,4.417778570604012,1.0740741285822273,1.0,0.0,3.4200000762939453,3.7699999809265137,3.595000028610229,9.62728375755625,0.9714285908913178,0.0832507391986924,1.5803201940672242,0.0385667236677007,0.0315261259915869,0.0070405976761137,3.675000031789144,3.623846191626329,3.676260659003546,3.637693935335845,1.0363638136997466,0.8954547671246832,0.1409090465750634,0.1257203624539418,25.43355609189666,0.0545000195503235,29.631053501754533,27.23360300506538,2.397450496689153,3.652500033378601,3.595000028610229,3.6237500309944153,3.544999957084656,96.12528730554652,16.32130570482105,21.456778561392134,13.735251296819232,113.34081806776118,3.572499990463257,3.502500057220459,100.0,20.0,80.0,3.543514082431793,3.718532462999344,0.0,0.0,61.03300560347559,0.8587428399638467,0.7500964173627264,0.7533946666837158,14.316955171034223,62.93640832105406,95.74468300967574,84.62808036781168,-4.25531699032426,0.0683382398941936,3.013695677307961,1.0601970466253678,0.8715632906921936,0.1886337559331742,7.636362185516159,8.923816383101283,-1.2874541975851237,3.639417084927061,2.452313686603413,2.4227272010415746,-0.7915559813120088,-2.4523121228474167,3.2831451892852783,2
2022-02-24,3.7300000190734863,3.75,3.5999999046325684,3.630000114440918,3.2831451892852783,10277734,-170229835.2435301,53181016,0.1175822041819904,-63189.1790615917,-0.0620273585027654,-0.0010566406287119,-105624.87627217974,3.6644865710189705,49.37521735235994,997.7035465776438,3.644500041007996,3.7841388924190857,3.5048611895969053,7.662990799279504,0.448080615027438,0.0,0.0,3.663666677474976,3.752666664123536,3.574666690826416,4.8585198645799945,0.3108619770528762,0.0,0.0,3.430000066757202,3.7699999809265137,3.600000023841858,9.329123620349154,0.5882355828599438,0.090925673861892,1.8306455246106017,0.0320196294707955,0.0316248266874286,0.0003948027833668,3.670000036557516,3.623846191626329,3.669143652147757,3.6371240226769617,0.9625001365939722,0.9041668612095964,0.0583332753843757,0.1263263792366472,25.60409276211029,0.0654999971389771,27.472093984991595,27.34793051289828,0.1241634720933184,3.652500033378601,3.595000028610229,3.6237500309944153,3.544999957084656,73.70377006897145,15.445720900737824,18.677167318380537,17.218676659762817,25.965367340601908,3.572499990463257,3.502500057220459,96.0,16.0,80.0,3.552573518371582,3.718532462999344,0.0,0.0,49.60957919565118,0.2117355142668227,0.5152508178794338,0.6637425025584126,11.459379370174052,56.66690211029693,40.42556213546037,66.32032115023331,-59.57443786453963,0.0704264731968149,-1.6260146842582102,0.8803557225752429,0.8733217770688035,0.0070339455064393,8.155448065467057,8.770142719574437,-0.6146946541073799,3.6392705770560583,-3.4574435200017684,-3.518627506225269,-4.2216319003307134,3.4574351362405906,3.2831451892852783,3
2022-02-25,3.680000066757202,3.680000066757202,3.5899999141693115,3.630000114440918,3.2831451892852783,7086513,-171017204.7181783,60267529,0.1466851933569943,-54162.15348136432,-0.0508007629462087,-0.0043519867118991,-355346.84818601824,3.664191142185872,49.54231210419668,997.7035465776438,3.65250004529953,3.7673695680524175,3.537630522546642,6.289912187720074,0.4020630959396646,0.0,0.0,3.6605000098546334,3.7510000308354696,3.569999988873799,4.944680821592417,0.3314923295974973,0.0,0.0,3.4600000381469727,3.7699999809265137,3.615000009536743,8.487335768235942,0.5483874441062148,0.0908331217344919,2.0493369481144863,0.0265252436530398,0.0306049100805509,-0.004079666427511,3.6633333762486777,3.6230769615906935,3.663121569423628,3.636596325770588,0.9631148878523978,0.9631148878523974,4.440892098500626e-16,0.1230422914345821,25.79504208767897,0.0375000119209287,26.29458733546505,27.303614986258985,-1.0090276507939393,3.652500033378601,3.595000028610229,3.6237500309944153,3.544999957084656,36.851885034485726,14.45640518715908,17.318139090829114,16.774262694687284,-24.39021143881207,3.574999988079071,3.502500057220459,92.0,12.0,80.0,3.56127057687378,3.718532462999344,0.0,0.0,49.60957919565118,0.2117355142668227,0.4274046228324974,0.5642506193582193,9.347471381450854,53.71054293875132,40.42556213546037,58.86526909353216,-59.57443786453963,0.0586323548765741,-2.1563321531935107,0.7293975266121742,0.8445369269774777,-0.1151394003653035,5.643834581763805,8.14488109201231,-2.5010465102485053,3.6392177830484265,0.0,0.0,-4.2216319003307134,0.0,3.259860277175904,4
2022-02-28,3.5799999237060547,3.5799999237060547,3.494999885559082,3.5,3.259860277175904,12344965,-181909788.3048336,47922564,0.099920102750995,-275688.5405224732,-0.0671327218419949,-0.0115712849222574,-442106.55982756097,3.6504065892727136,41.88795163511729,997.7035465776438,3.651500046253204,3.771212228660037,3.531787863846372,6.556876948675871,-0.1327678737755493,0.0,1.0,3.650333340962728,3.737333353360494,3.563333328564962,4.7666886430060105,-0.3639845950561508,0.0,1.0,3.4600000381469727,3.7699999809265137,3.615000009536743,8.489660108251435,0.1290321588267957,0.0952498324492263,2.7595638558893985,0.0115478639412431,0.0267935008526893,-0.0152456369114461,3.6475000381469727,3.61807695718912,3.6380259433584543,3.626478079417211,0.8498023387635596,1.0355731798910437,-0.1857708411274841,0.1100131616828858,25.91456461291112,-0.0114999413490295,22.36876318491332,27.05194377342555,-4.683180588512229,3.632499933242798,3.595000028610229,3.6137499809265137,3.544999957084656,18.425942517242863,14.72673319562314,15.496632510320971,22.411443663883635,-198.9226500248272,3.5774999856948853,3.502500057220459,88.0,8.0,80.0,3.56127057687378,3.7699999809265137,0.0,1.0,40.76145061515444,0.0,0.1411570095112151,0.3612708167410488,4.12268097831188,44.12177131251998,1.8182228025183929,27.5564490244797,-98.1817771974816,0.0295882105827329,-5.149052961359004,0.3184319245381726,0.7393159264896167,-0.4208840019514441,8.241479845740349,8.164200842757918,0.077279002982431,3.635002923997512,-3.581270257368574,-3.646971130781451,-7.651714110077168,0.709225780978727,3.2784879207611084,0
2022-03-01,3.5799999237060547,3.5799999237060547,3.509999990463257,3.5199999809265137,3.2784879207611084,11646249,-190228537.5905479,59568813,0.0237789275655716,-203029.49789563008,0.0045079164198155,-0.0127494588357837,-375556.62900886696,3.6379146117268095,43.71685075273743,1003.4047042638916,3.64900004863739,3.777203037745809,3.520797059528971,7.026746363365638,-0.0031086584174074,0.0,1.0,3.647333335876465,3.734333348274231,3.560333323478699,4.770609340363992,-0.2318007862331113,0.0,1.0,3.494999885559082,3.7699999809265137,3.632499933242798,7.536313831240485,0.0909094061732184,0.0937248415749091,3.244281983893902,0.0012772901219646,0.0216902587065444,-0.0204129685845797,3.6375000278155007,3.616153882100032,3.619868102984309,3.6185908128623447,0.8153846012770067,1.0346154445727218,-0.219230843295715,0.0919207319240182,25.93305957610555,-0.0290001630783081,18.83282561680792,26.36032863487567,-7.527503018067751,3.632499933242798,3.595000028610229,3.6137499809265137,3.544999957084656,9.212971258621431,14.977752060625482,14.52188472407506,21.001749971825305,-180.56683699917048,3.569999992847442,3.502500057220459,84.0,4.0,80.0,3.56127057687378,3.764499979019165,0.0,0.0,42.46170308790549,0.0798717452052829,0.0972024198240352,0.2219213507225826,0.7381824061491052,40.55536649992987,9.09094061732184,17.11157518510019,-90.90905938267817,-0.0002059228280009,-3.29670660767248,0.0352979982545828,0.5985123408426101,-0.5632143425880272,9.451676540626364,8.421695982331608,1.0299805582947563,3.633774206771397,0.5714280264718097,0.5698015696033565,-7.124010122535829,-0.5714246010979878,3.2132906913757324,1
2022-03-02,3.4800000190734863,3.509999990463257,3.440000057220459,3.450000047683716,3.2132906913757324,14671931,-200708488.3048336,44896882,-0.0331101033699913,-320744.4539881024,-0.0333970399260748,-0.0149999359361117,-225221.1476210867,3.6163078663086754,42.27749211236394,1003.4047042638916,3.64000004529953,3.794790247676896,3.4852098429221643,8.504956068736988,-0.113733927269537,0.0,1.0,3.6321666717529295,3.717666673660278,3.546666669845581,4.707933838624495,-0.5653018713766641,0.0,1.0,3.440000057220459,3.7699999809265137,3.6050000190734863,9.065931857121708,0.0303030084096754,0.0923523497880237,3.919176711458536,-0.0123680520193105,0.0148785965613734,-0.027246648580684,3.62333337465922,3.611153886868403,3.593734556014988,3.606102608034298,0.7671755113896745,1.0877862706564227,-0.3206107592667482,0.0672663047797176,25.79584866296602,-0.080000102519989,11.319491308959469,24.729583914327925,-13.410092605368458,3.6050000190734863,3.595000028610229,3.600000023841858,3.559999942779541,4.606485629310716,16.04590970277196,13.600592441285205,25.22050846867668,-228.07009178297452,3.5674999952316284,3.502500057220459,80.0,4.0,76.0,3.56127057687378,3.759109977149964,0.0,0.0,38.31648495699265,0.0,0.0266239150684276,0.0883277814678927,-3.52586057164873,34.173220320395586,3.0303008409675463,4.646488086935918,-96.96969915903246,-0.0445882656994989,-4.696128266565152,-0.3429755989681183,0.4102147528804644,-0.7531903518485827,12.558734516432104,9.249103689151708,3.3096308272803974,3.623247465781516,-1.988634477900564,-2.0086739326766523,-8.970974078930515,1.9886371693643525,3.3250572681427,2
2022-03-03,3.509999990463257,3.5999999046325684,3.484999895095825,3.569999933242798,3.3250572681427,9890808,-195978096.52074543,54787690,-0.0273779170060243,-105367.27083453734,0.0784818225800961,-0.0081764354459159,52256.69306234416,3.609176347800456,48.55200869278461,1038.3057036890807,3.635500037670136,3.79291353547356,3.4780865398667107,8.659798991739553,0.2919488946585351,0.0,0.0,3.620999995867412,3.710999981562297,3.5310000101725256,4.971001701055009,0.2166662737174664,0.0,0.0,3.440000057220459,3.7699999809265137,3.6050000190734863,9.077153631871232,0.393939109325781,0.0981171005041066,4.114556269948557,-0.0133452602390238,0.0092338252012939,-0.0225790854403178,3.624166707197825,3.6157692670822144,3.5900830755884967,3.603428335827521,0.8014439730967442,0.9819495616454914,-0.1805055885487472,0.045652927530767,25.604640108671333,-0.0054999232292174,5.640795434781073,22.277455342729866,-16.636659907948793,3.6050000190734863,3.595000028610229,3.600000023841858,3.559999942779541,2.303242814655358,15.503935969715076,18.86954101437024,22.35655892491673,-100.03997611991174,3.5475000143051147,3.502500057220459,76.0,96.0,-20.0,3.56127057687378,3.746345580352784,0.0,0.0,47.73585244013306,0.3969015947621724,0.1589244466558184,0.0942502605160938,-3.767731408633031,43.39154729029671,39.3939109325781,17.17171746362249,-60.6060890674219,-0.0679265092400944,0.2808986130333795,-0.3703489842252992,0.2541020054593117,-0.6244509896846109,11.053699439199844,9.610022839161337,1.4436766000385075,3.6218756025863215,3.4782575043628805,3.4191332227416105,-5.80475015368248,-3.4782591275337182,3.3623125553131104,3
2022-03-04,3.569999933242798,3.630000114440918,3.559999942779541,3.609999895095825,3.3623125553131104,11695403,-190965837.8553276,66483093,-0.0241307552357189,-23483.99302163465,0.0314227566546161,-0.0015950038694153,475068.5789541415,3.607297704966266,55.87745348986957,1038.3057036890807,3.633000028133393,3.790365876023784,3.4756341802430013,8.663134966791871,0.4269214593067632,0.0,0.0,3.611166659990946,3.703666679064432,3.51866664091746,5.122999173553406,0.4936931640295442,0.0,0.0,3.440000057220459,3.7699999809265137,3.6050000190734863,9.083399976619493,0.5151511429644828,0.0953054076198336,4.200715577092436,-0.0107679163289957,0.005233476895236,-0.0160013932242317,3.622500022252401,3.6219231073672953,3.593147201666547,3.603915117995543,0.902621818496138,0.9400749652283924,-0.0374531467322546,0.0290724047283989,25.40581598911965,0.0470000386238096,1.4809451496824084,19.122187881911145,-17.641242732228736,3.6050000190734863,3.600000023841858,3.602500021457672,3.569999933242798,1.151621407327679,14.566802522608418,20.1646050987722,21.14956283625809,-38.38679051267669,3.5475000143051147,3.502500057220459,72.0,92.0,-20.0,3.56127057687378,3.7340917594274905,0.0,0.0,50.4519337366623,0.5113484512019165,0.302750015321363,0.1627661256818698,-2.9976580752380886,41.55465973338018,51.51511429644828,31.31310868999797,-48.48488570355172,-0.0737206178552964,-0.5509702125222425,-0.2987838496869137,0.1435248344300666,-0.4423086841169804,11.123451191724332,9.912708509673935,1.210742682050398,3.6216064796698673,1.1204471316808462,1.1142166193409686,-4.749342178599802,-1.1204404666154915,3.297115564346313,4
2022-03-07,3.680000066757202,3.690000057220459,3.5299999713897705,3.539999961853028,3.297115564346313,12960095,-202305923.39433205,53522998,-0.0966996471129825,-149729.96327858864,0.0185183750477194,0.0022779956941279,-120262.74135216732,3.608742777470339,55.3964288922229,1038.3057036890807,3.627500021457672,3.7897190456101058,3.4652809973052383,8.943846902432147,0.2303027186181865,0.0,0.0,3.5984999895095826,3.697000026702881,3.4999999523162844,5.474505348364456,0.2030456570196348,0.0,0.0,3.440000057220459,3.7699999809265137,3.6050000190734863,9.097172205486238,0.3030300840967559,0.1017748754409191,4.350141395197689,-0.0142099587512878,0.0013447897659312,-0.015554748517219,3.61083334684372,3.6246154124920182,3.584970703233698,3.599180661984986,0.9219857388522432,0.8510638369826024,0.0709219018696407,0.0127282871381604,25.389922948969144,0.0825000166893006,-4.074971435065191,15.440620453587794,-19.515591888652985,3.6050000190734863,3.6050000190734863,3.6050000190734863,3.569999933242798,0.5758107036638395,14.143220919632167,22.1981305176488,18.668609128267853,-48.92192799900949,3.5450000166893005,3.502500057220459,68.0,88.0,-20.0,3.56127057687378,3.722328091339209,0.0,0.0,45.95143443514213,0.3217120076512652,0.409987351205118,0.2905539377274332,-3.932975190056806,38.95881404460852,30.303008409675595,40.40401121290065,-69.69699159032442,-0.0578970677712384,-3.804350607730879,-0.3948109329819217,0.0358576809476689,-0.4306686139295907,11.947590021882508,10.31968481211565,1.6279052097668585,3.617391751705916,-1.939056378862836,-1.9581026915758803,-6.596306134994478,1.9390520629551133,3.259860277175904,0
2022-03-08,3.569999933242798,3.619999885559082,3.5,3.5,3.259860277175904,16923511,-219229434.39433205,36599487,-0.1952761983760679,-225045.6534415469,-0.0354536529743429,-0.0030655423454857,-442529.4814917507,3.600588670943683,46.70957511376501,1038.3057036890807,3.618000018596649,3.786594240857679,3.4494057963356197,9.319746898532305,0.1500472643304677,0.0,0.0,3.5831666469573973,3.686666679382325,3.4796666145324706,5.777014725944309,0.0982288845285052,0.0,0.0,3.440000057220459,3.7699999809265137,3.6050000190734863,9.121059204252164,0.1818180504580527,0.1035973764527354,4.691163458564671,-0.0199356589308035,-0.0029112999734156,-0.0170243589573878,3.593333343664805,3.6238461824563832,3.5718982873515905,3.591833946282394,0.8850174627049424,0.9442509312861128,-0.0592334685811704,-0.0049445973018109,25.36836880397865,0.1219999909400941,-8.810960374809795,11.169285578413982,-19.98024595322378,3.595000028610229,3.6050000190734863,3.600000023841858,3.590000033378601,0.2879053518319197,13.3247752067891,20.276962033701867,19.216568272514277,-89.7900855926392,3.555000066757202,3.502500057220459,64.0,84.0,-20.0,3.56127057687378,3.711034969974459,0.0,0.0,43.56021448103415,0.2209537545189471,0.3513380711240429,0.3546918125501747,-5.481279540303309,33.649023587782295,18.18180504580528,33.33330925064304,-81.81819495419472,-0.0521029521437252,-5.660378328509695,-0.5550272988381671,-0.0823193150094982,-0.4727079838286688,15.09540647379234,11.274829144450988,3.820577329341351,3.612279007516383,-1.1299424374030087,-1.136374787433403,-7.651714110077168,1.1299357405992225,3.241232395172119,1
2022-03-09,3.539999961853028,3.549999952316284,3.4600000381469727,3.4800000190734863,3.241232395172119,11802024,-225786114.39433205,24797463,-0.2398780494687083,-226616.310791934,-0.0419418784322822,-0.0078717390704815,-258666.00551449723,3.587803175032392,39.0502259832832,1032.3725338977458,3.606500017642975,3.7797368813478167,3.4332631539381326,9.606924323159207,0.1348929556211059,0.0,0.0,3.559666649500529,3.661666671435039,3.45766662756602,5.730874937338372,0.1094773858078466,0.0,0.0,3.440000057220459,3.7699999809265137,3.6050000190734863,9.150143410278586,0.1212120336387018,0.102237630224393,5.091304047080271,-0.0257898594424443,-0.0074870118672214,-0.0183028475752229,3.571666677792867,3.620384647296025,3.557760092231882,3.5835499516743266,0.8247423440594936,1.0171821970297796,-0.1924398529702859,-0.0238249520584347,25.35834155175099,0.0635000586509701,-15.853840773898796,6.355292827426162,-22.20913360132496,3.565000057220459,3.6050000190734863,3.5850000381469727,3.590000033378601,0.1439526759159598,12.716128423556302,18.952152222489747,20.864849598536743,-119.65808120183551,3.5500000715255737,3.502500057220459,60.0,80.0,-20.0,3.56127057687378,3.7001935734642992,0.0,0.0,42.37290647757411,0.170924446193239,0.237863402787817,0.3330629417056594,-7.085250037234826,34.69533922627269,12.121203363870183,20.202005606450346,-87.87879663612982,-0.0422794285942527,-6.951871385034083,-0.7196735022598109,-0.2097901524595607,-0.5098833498002501,13.766362680165397,11.77313585159387,1.993226828571526,3.598051625890033,-0.5714280264718208,-0.5730669228098284,-8.179418097618507,0.5714319148648599,3.3157434463500977,2
2022-03-10,3.5,3.5999999046325684,3.5,3.559999942779541,3.3157434463500977,9769826,-223832149.1943321,34567289,-0.2239237633749234,-82587.50430431063,0.0460600978659726,-0.0060614976687113,157153.41290227894,3.5798299904968256,39.55394648163789,1056.105213063085,3.6000000119209288,3.769941209749225,3.430058814092632,9.44117762586436,0.3823120301240826,0.0,0.0,3.5489999771118166,3.64599997997284,3.4519999742507936,5.466328739734834,0.5567008522849461,0.0,0.0,3.440000057220459,3.7699999809265137,3.6050000190734863,9.166664517036198,0.3636361009161055,0.1040138557578619,5.286050616193455,-0.0237008219471794,-0.010729773883213,-0.0129710480639664,3.5625,3.617692333001357,3.55810468462383,3.5818055065710093,0.8137254306143489,0.9869281167970568,-0.173202686182708,-0.038342468105645,25.372127407738475,0.159999978542328,-18.36338412426427,1.3932959985673483,-19.75668012283162,3.565000057220459,3.6050000190734863,3.5850000381469727,3.590000033378601,0.0719763379579799,12.133935382653156,20.90035203601377,19.07529357712257,-55.20836411870978,3.5500000715255737,3.502500057220459,56.00000000000001,76.0,-19.999999999999996,3.56127057687378,3.6897858328145454,0.0,0.0,48.4281394891508,0.4260723256292022,0.2726501754471294,0.2872838831196632,-6.49249166895278,38.52101463305841,36.36361009161055,22.22220616709533,-63.63638990838945,-0.0381323582985819,-2.997278780045276,-0.6617004162760678,-0.3001722052228622,-0.3615282110532056,11.191667947476594,11.656842270770415,-0.465174323293823,3.5973482572908453,2.298848369758155,2.2728229523506505,-6.06860214745315,-2.298849391020653,3.306429624557495,3
2022-03-11,3.619999885559082,3.630000114440918,3.5299999713897705,3.549999952316284,3.306429624557495,21705034,-236855190.2938359,12862255,-0.2335574843709649,-101796.45126150416,0.0138217399311762,-0.0057707579039615,163624.34626478594,3.572499120873452,44.44741264390312,1056.105213063085,3.5955000042915346,3.765732228470794,3.425267780112275,9.469182254266329,0.3663588747823164,0.0,0.0,3.542666641871135,3.640666643778483,3.444666639963786,5.532555660138972,0.5374148484817516,0.0,0.0,3.440000057220459,3.7699999809265137,3.6050000190734863,9.178137207959164,0.33333309250643,0.1036124844871904,5.492761863434219,-0.0225917368588168,-0.0131021664783338,-0.009489570380483,3.544999996821085,3.6134615586354175,3.556857802730361,3.579449539589178,0.846405162556258,0.99019601121097,-0.1437908486547119,-0.0497860648324898,25.43706179299604,0.0345001101493833,-21.73349377107785,-3.50695477432056,-18.22653899675729,3.565000057220459,3.6050000190734863,3.5850000381469727,3.595000028610229,0.0359881689789899,11.965591801168204,21.550725079165705,17.711962901931592,-33.73834216784988,3.555000066757202,3.502500057220459,52.0,72.0,-20.0,3.56127057687378,3.6797944017907818,0.0,0.0,47.75268416637938,0.4153892823744414,0.3374620180656275,0.2826585321001915,-6.229954854020038,36.952691756488704,33.333309250643005,27.272707568707904,-66.66669074935699,-0.0406911793877098,-5.585107411691755,-0.6311511479334833,-0.3663679937649864,-0.2647831541684968,16.805208427895508,12.686515502195435,4.118692925700072,3.596355461324829,-0.2808986130333757,-0.2812938735484493,-6.33245414122382,0.2808969373928818,3.390254735946656,4
2022-03-14,3.619999885559082,3.690000057220459,3.5999999046325684,3.640000104904175,3.390254735946656,12337470,-238225983.97930405,25199725,-0.229719768303158,71370.78213992825,0.0474165638433866,-0.0026882309172533,251812.32460969075,3.571814874042237,50.65994083629617,1082.8797571761145,3.596500015258789,3.7675292905766753,3.425470739940903,9.510873048367252,0.6271714727333481,0.0,0.0,3.5544999837875366,3.652999997138977,3.455999970436096,5.542271138034029,0.934010708260416,0.0,0.0,3.440000057220459,3.7699999809265137,3.6050000190734863,9.175585216348434,0.606060890674219,0.1072512465288889,5.536041322609456,-0.0142858405078309,-0.0133389012842332,-0.0009469392235977,3.54583332935969,3.612692328599783,3.569648926141717,3.583934766649548,0.8531249515712379,0.915625026077026,-0.0625000745057879,-0.0537176864081975,25.498205935097687,0.0335000991821288,-20.127082287823164,-7.83583343039068,-12.291248857432484,3.565000057220459,3.6050000190734863,3.5850000381469727,3.595000028610229,12.956690527367112,12.487505765089631,23.62328524882248,15.98904378116956,43.07585868297735,3.555000066757202,3.502500057220459,48.0,68.0,-20.0,3.440000057220459,3.6797944017907818,1.0,0.0,53.97460790897908,0.6892835040920179,0.5102483706985539,0.3734535214037704,-3.994507865312152,36.33678577952457,60.6060890674219,43.43433613655848,-39.3939109325781,-0.0361911871853997,0.2754818222587578,-0.3986077157644851,-0.3728159381648862,-0.0257917775995989,14.900517566334967,13.129315915023342,1.7712016513116249,3.5983739476988434,2.535215599909169,2.503612041318526,-3.957779906560044,-2.535215350315511,3.3623125553131104,0
2022-03-15,3.650000095367432,3.650000095367432,3.5999999046325684,3.609999895095825,3.3623125553131104,9061149,-243662690.66200832,16138576,-0.2415815022913544,22341.18881926461,-0.0110361595534882,-0.004397164416741,238101.14449432303,3.5648963735581467,44.89786110698763,1073.9548618529718,3.599000012874604,3.769282165070216,3.4287178606789905,9.462748073713096,0.532298987531546,0.0,0.0,3.5628333171208704,3.659333356221517,3.4663332780202234,5.417039221954302,0.7443863153555927,0.0,0.0,3.440000057220459,3.7699999809265137,3.6050000190734863,9.16921151779814,0.5151511429644828,0.1015261409494864,5.540421751674754,-0.0100087493855558,-0.0126728709044977,0.0026641215189419,3.544166644414266,3.6111538593585673,3.575856767519272,3.585865516904828,0.851132727035361,0.957928780615172,-0.1067960535798109,-0.0539607208384137,25.45038941086614,-0.0990000128746033,-18.244086619191545,-11.12067542240746,-7.123411196784087,3.575000047683716,3.6050000190734863,3.590000033378601,3.595000028610229,56.47834526368356,12.97214016015953,22.77133417072945,15.412414284316531,15.932319616448876,3.555000066757202,3.502500057220459,44.0,64.0,-20.0,3.445000057220459,3.6797944017907818,0.0,0.0,51.76183867389545,0.8586823438627478,0.6544517101097357,0.500720699624639,-2.8557586051885675,32.50790262800947,54.83866750138821,49.59268860648436,-45.16133249861179,-0.0268676463295434,-0.5509702125222425,-0.2791166968859164,-0.3540760899090923,0.0749593930231758,11.187723901756748,12.740997512370024,-1.5532736106132763,3.5986700576743336,-0.824181564388704,-0.8275967183016153,-4.749342178599802,0.8241911835496154,3.3436849117279053,1
2022-03-16,3.609999895095825,3.640000104904175,3.565000057220459,3.5899999141693115,3.3436849117279053,12386628,-247791619.16334823,3751948,-0.2725260293342267,-16240.741546890353,-0.0136235220207306,-0.0009397475251671,-143304.23396836605,3.561664372453254,44.39482385626383,1073.9548618529718,3.597000002861023,3.766717445370828,3.4272825603512183,9.436610640801383,0.4793772266769014,0.0,0.0,3.575999983151754,3.673000033696492,3.478999932607015,5.425058780858612,0.5721645552705201,0.0,0.0,3.440000057220459,3.7699999809265137,3.6050000190734863,9.174309798264542,0.4545451261451319,0.0988735316229093,5.475143655109087,-0.008139132319386,-0.0117661231874754,0.0036269908680894,3.5516666372617087,3.607307700010447,3.5780326362346626,3.5861717685540486,0.8698631837099421,0.9554794285663896,-0.0856162448564474,-0.0526961140344636,25.46102767748555,-0.0770000219345092,-17.08991986861483,-13.646310456118114,-3.443609412496718,3.575000047683716,3.6050000190734863,3.590000033378601,3.595000028610229,78.23917263184178,12.855896851864047,21.51777104995405,17.132949656958242,-6.183591583525431,3.565000057220459,3.5075000524520874,40.0,60.0,-20.0,3.449900057220459,3.6797944017907818,0.0,0.0,50.28188489850573,0.7641656652079818,0.7707105043875825,0.6451368617319574,-2.3660533914414863,36.07790713223647,59.999942779541016,58.48156644945036,-40.00005722045898,-0.0106029237017915,2.571426119123186,-0.2269587974216785,-0.3286526314116095,0.1016938339899309,10.27290331770024,12.247378673436067,-1.9744753557358263,3.5982247355829617,-0.5540161082465245,-0.5555564693543458,-5.277046166141142,0.5540128491555549,3.334371328353882,2
2022-03-17,3.670000076293945,3.670000076293945,3.5799999237060547,3.5799999237060547,3.334371328353882,10651958,-258443577.16334823,-6900010,-0.3567830107774341,-29137.70395662207,0.0190105531547028,0.0040467750534694,-98295.07900186424,3.5617036508970155,49.57493287872197,1070.9633469133446,3.5919999957084654,3.757481137905597,3.426518853511334,9.213872070982177,0.4637418746236491,0.0,0.0,3.581833322842916,3.6763333876927695,3.4873332579930625,5.276631061930511,0.4902994821232435,0.0,0.0,3.440000057220459,3.7699999809265137,3.6050000190734863,9.187080292325206,0.4242421177354564,0.0979861937194074,5.41455667842361,-0.0073792990159589,-0.0108887583531721,0.0035094593372132,3.556666632493337,3.6023076956088724,3.578335295845646,3.5857145948616047,0.8869863673610959,0.8869863673610963,-3.3306690738754696e-16,-0.0509132037329451,25.487753462607152,-0.1419999480247495,-17.270686560350413,-15.729825090566203,-1.5408614697842076,3.575000047683716,3.6050000190734863,3.590000033378601,3.595000028610229,89.11958631592088,13.114023390813855,22.302515673643803,15.995035921664702,9.689079326463396,3.5725000500679016,3.512500047683716,36.0,56.00000000000001,-20.000000000000007,3.454702057220459,3.6797944017907818,0.0,0.0,49.51950845463975,0.7154767868409062,0.779441598637212,0.7348679377115102,-2.182154909614664,35.891446213735954,55.99994659423828,56.94618562505583,-44.00005340576172,0.0001323805135835,1.7045438382004816,-0.2057971659689139,-0.3040815383230704,0.0982843723541565,8.311142428068948,11.460131424362643,-3.148988996293697,3.598110410074358,-0.2785512730456685,-0.2789399490466637,-5.540898159911811,0.27854249487911886,3.306429624557495,3
2022-03-18,3.5899999141693115,3.5899999141693115,3.539999961853028,3.549999952316284,3.306429624557495,28277720,-275410209.1633486,-35177730,-0.4213694990883873,-146165.28781538195,-0.0106090598478787,0.0080841794816205,-266635.0777548685,3.563793286023701,45.47215770844047,1070.9633469133446,3.583999991416931,3.741149623532632,3.4268503593012305,8.769510741743707,0.3918227213041943,0.0,0.0,3.577833318710327,3.670333361625672,3.485333275794983,5.170729582712196,0.3495494406444971,0.0,0.0,3.440000057220459,3.7699999809265137,3.6050000190734863,9.207587179027572,0.33333309250643,0.093187569579095,5.132122913182092,-0.0090930535584297,-0.0105296173942236,0.0014365638357939,3.5649999578793845,3.5969230761894813,3.573976012225744,3.5830690657841737,0.9418184207884324,0.9018183791735598,0.0400000416148724,-0.0503862827048369,25.44225693193937,-0.0140000581741333,-18.766388408255143,-17.36220475425398,-1.4041836540011623,3.575000047683716,3.6050000190734863,3.590000033378601,3.595000028610229,89.45523201591686,12.716093215195793,21.45016394828854,18.44116094010562,-41.194071971879325,3.5850000381469727,3.517500042915344,32.0,52.0,-20.0,3.459408017220459,3.6797944017907818,0.0,0.0,47.20706634286921,0.567793560769599,0.6824786709394957,0.7442102579880968,-2.674591504219242,36.7486679283839,43.99995803833008,53.33328247070312,-56.00004196166992,-0.0037499925669504,2.898547920302406,-0.2537783501094653,-0.2940209006803494,0.0402425505708841,17.260565496243466,12.62021823873881,4.640347257504656,3.5969569622022237,-0.8379880455057109,-0.8415189046159011,-6.33245414122382,0.8379901650060333,3.297115564346313,4
2022-03-21,3.609999895095825,3.670000076293945,3.539999961853028,3.539999961853028,3.297115564346313,6292728,-281702937.1633486,-41470458,-0.4738923291658616,-134274.13526859402,0.0826353072268041,0.0136647073964054,-254689.89084104585,3.566122493828406,43.9595528019048,1067.9465515895463,3.573999989032745,3.7147693254416874,3.433230652623804,7.877411127079416,0.3792349667652557,0.0,0.0,3.5774999856948853,3.667000031471253,3.487999939918518,5.003496639231041,0.2905027672524417,0.0,0.0,3.440000057220459,3.7699999809265137,3.6050000190734863,9.23334988020984,0.3030300840967559,0.0968688240652772,4.895672989864533,-0.0111298342362551,-0.0106496607626299,-0.0004801734736251,3.5624999602635703,3.59307691684136,3.568748927553018,3.5798787617892738,0.9403510356983616,0.8561404477415914,0.0842105879567701,-0.0511699740363659,25.40530772361041,0.03599990606308,-17.760542597290346,-18.35660277897404,0.5960601816836935,3.575000047683716,3.6050000190734863,3.590000033378601,3.595000028610229,70.89004857571933,13.28231280364876,25.325333469359546,16.658533506137363,-6.247192551609696,3.5850000381469727,3.517500042915344,28.000000000000004,48.0,-20.0,3.464019858020459,3.6797944017907818,0.0,0.0,46.42876971464468,0.5180879459515857,0.6004527645206968,0.6874576780324683,-3.295759610126564,28.11299982434093,39.99996185302752,46.66662216186528,-60.00003814697248,-0.014323513648089,-0.8403353487606284,-0.3108997532277401,-0.2973966711898276,-0.0135030820379125,11.063307405112454,12.308836072013538,-1.245528666901084,3.596719888319396,-0.2816898759880781,-0.2820873685589697,-6.596306134994478,0.2816954016503104,3.3623125553131104,0
2022-03-22,3.5899999141693115,3.630000114440918,3.569999933242798,3.609999895095825,3.3623125553131104,6638758,-279490053.0033146,-34831700,-0.4346382008453126,-48704.59925663957,-0.0045189268819173,0.0157274297567024,113548.774227884,3.575580960286276,49.504398205955184,1067.9465515895463,3.57099997997284,3.7058925340744433,3.4361074258712354,7.554889658813716,0.6445591840955516,0.0,0.0,3.5838333209355677,3.6673333962758377,3.5003332455952965,4.659819130119184,0.6566859314415401,0.0,0.0,3.440000057220459,3.7699999809265137,3.6050000190734863,9.241106848411818,0.5151511429644828,0.0961819569175385,4.377304568500865,-0.0070147265971063,-0.0099226739295252,0.0029079473324188,3.5624999602635703,3.5926923018235426,3.575095230251912,3.5821099568490182,0.9965157674358256,0.8222998194499296,0.1742159479858959,-0.0489023632782453,25.349277001350327,-0.0310000181198115,-14.63845214346885,-18.22155959781516,3.583107454346308,3.595000028610229,3.6050000190734863,3.600000023841858,3.595000028610229,85.44502428785967,13.80808813578366,23.622828386211765,15.538657315511877,29.274280146913554,3.612500011920929,3.517500042915344,24.0,44.0,-20.0,3.468539462004459,3.6797944017907818,0.0,0.0,52.350870947107694,0.8600432038807646,0.6486415702006497,0.643857668553614,-2.168833336450233,34.2100085574739,65.2173236998414,49.73908119706632,-34.7826763001586,-0.0184411567800184,0.0,-0.195826668684308,-0.2770826706887237,0.0812560020044157,5.995748636831243,11.04621858497708,-5.050469948145837,3.597507507286002,1.9773992654552373,1.9581026915758803,-4.749342178599802,-1.9773947771746805,3.371626853942871,1
2022-03-23,3.619999885559082,3.680000066757202,3.6050000190734863,3.619999885559082,3.371626853942871,6506894,-283394214.2251296,-28324806,-0.4912208101121098,-32451.24537063062,0.0489865588262281,0.0136206252028547,149299.3723806142,3.5791014886261,48.589684227192855,1070.904849551181,3.5639999747276305,3.6704706195774617,3.4575293298778,5.974783703973953,0.7629828668288577,0.0,0.0,3.597666652997335,3.679666741689046,3.5156665643056235,4.558515093297717,0.6361781000366459,0.0,0.0,3.440000057220459,3.75,3.595000028610229,8.698090487591319,0.5806447147205811,0.0940637659941562,4.1663471219568216,-0.0029129794742419,-0.0085207350384685,0.0056077555642266,3.569166620572408,3.594999991930448,3.5820036387607077,3.584916618234949,1.0147060344581251,0.867647092338231,0.1470589421198941,-0.0440455171221569,25.27979813104392,-0.0639999747276305,-10.261290396356005,-17.321326961380905,7.060036565024902,3.6100000143051143,3.6050000190734863,3.607500016689301,3.595000028610229,92.72251214392983,14.824245769166753,26.07191942809323,14.654542848990276,92.04790665105692,3.6037500500679016,3.517500042915344,20.0,40.0,-20.0,3.472968673908779,3.6797944017907818,0.0,0.0,53.147693875459126,0.928724761759378,0.768951970530576,0.6726821017506408,-1.0141859169558305,27.15910252232283,69.56514527983083,58.26081027756658,-30.434854720169174,-0.0105146955041326,2.259884874805986,-0.0812565474863451,-0.237917446048248,0.1566608985619028,1.6225701020008667,9.161488888381838,-7.538918786380971,3.5995141200856438,0.2770080541232733,0.2766250938704973,-4.485490184829133,-0.277020606399077,3.399568557739258,2
2022-03-24,3.630000114440918,3.684999942779541,3.619999885559082,3.650000095367432,3.399568557739258,7842410,-283997432.27780163,-20482396,-0.4730617318983723,5795.210454188404,0.0082881691177214,0.011968154664505,83017.42510545647,3.580976497100384,47.473242851279686,1070.904849551181,3.5649999737739564,3.6742702747891256,3.455729672758787,6.130171210043192,0.8889443005271659,0.0,0.0,3.6074999888738,3.6860000928243,3.5289998849232997,4.352050128488378,0.7707009567811008,0.0,0.0,3.440000057220459,3.690000057220459,3.565000057220459,7.012622772486213,0.8400001525878924,0.0911573951167865,4.027612281496062,0.0027270155437597,-0.0062711849220229,0.0089982004657826,3.581666628519694,3.595769221966083,3.592464632084819,3.589737616541059,0.970479748948012,0.8856091151508328,0.084870633797179,-0.0359430499653353,25.214736869589707,-0.08499995470047,-7.197680924844464,-15.706236645132751,8.508555720288287,3.615000009536743,3.6050000190734863,3.6100000143051143,3.595000028610229,96.36125607196492,15.818866980336011,25.14508663137528,13.915562876215487,121.07463876533508,3.6037500500679016,3.517500042915344,16.0,36.0,-20.0,3.4773093015750125,3.6797944017907818,0.0,0.0,55.54926362706711,1.0,0.9295893218800474,0.7823942875370911,0.645740118123257,28.41599728742689,82.60871368004248,72.46372755323823,-17.391286319957512,-0.0053823576253999,4.285717010498059,0.0759669879824646,-0.1751405592421055,0.2511075472245701,-1.0546261532330283,7.118265880058865,-8.172892033291893,3.602405997396533,0.8287351037779667,0.8253199498297503,-3.693927912789363,-0.8287306100825163,3.399568557739258,3
2022-03-25,3.670000076293945,3.670000076293945,3.619999885559082,3.650000095367432,3.399568557739258,12805996,-281436184.2269897,-7676400,-0.4484719598634087,4967.323246447204,-0.0029283008727992,0.0104362492416108,64992.80465219302,3.585412762148013,47.4567375094163,1070.904849551181,3.565999972820282,3.6779642491248743,3.454035696515689,6.279544428377688,0.8751201960107006,0.0,0.0,3.6151666561762488,3.688666764895122,3.5416665474573774,4.066208598892816,0.7369618208621671,0.0,0.0,3.440000057220459,3.690000057220459,3.565000057220459,7.010656250854644,0.8400001525878924,0.0870416746785941,3.711644732100687,0.0071147379590743,-0.0035940003458034,0.0107087383048778,3.595833301544189,3.5946153769126306,3.601316241820605,3.594201503861531,0.9919678845602916,0.9357430764823312,0.0562248080779604,-0.0259394378537427,25.175465843328094,-0.0060000300407407,-4.48422838930026,-13.968141767519093,9.483913378218832,3.612499952316284,3.6050000190734863,3.608749985694885,3.595000028610229,98.18062803598248,16.742443819278897,24.136802937621013,13.357567775892663,110.09549574026094,3.6037500500679016,3.517500042915344,12.0,32.0,-20.0,3.481563116687921,3.6797944017907818,0.0,0.0,55.54926362706711,1.0,0.976241587253126,0.8915942932212498,2.020353110706892,30.879381672910117,82.60871368004248,78.26085754663859,-17.391286319957512,0.010323533591102,4.885059636844671,0.1979504474479363,-0.1005223579040971,0.2984728053520334,0.433385001025757,5.781289704252243,-5.347904703226487,3.605754172272096,0.0,0.0,-3.693927912789363,0.0,3.4461381435394287,4
2022-03-28,3.670000076293945,3.7200000286102295,3.660000085830689,3.700000047683716,3.4461381435394287,5296072,-279670826.8936564,-2380328,-0.408763796797408,42086.755277469805,0.0509812178292082,0.0166101685847217,72548.86042323477,3.593717035995528,54.13136803348069,1085.5747646234563,3.575999975204468,3.697885182296641,3.4541147681122943,6.816846081505037,1.0086756442292266,1.0,0.0,3.620166659355164,3.690666747093201,3.5496665716171263,3.894853158533592,1.0661935388307278,1.0,0.0,3.440000057220459,3.7200000286102295,3.580000042915344,7.829976882865071,0.9285714893925008,0.0853375005350144,3.218834551434232,0.0144599327660004,1.6786276557328225e-05,0.0144431464894431,3.607499976952871,3.594230761894813,3.616498365799545,3.602038433033545,1.041841132740793,0.8242678809312562,0.2175732518095368,-0.0123215170980648,25.05985542579621,-0.0260000228881835,-0.9187318590258988,-12.043102349722911,11.124370490697013,3.629999995231629,3.6050000190734863,3.617500007152557,3.595000028610229,99.09031401799125,18.12566576237241,26.832885010509788,12.596058951690598,164.98060553479786,3.6037500500679016,3.5199999809265137,8.0,28.000000000000004,-20.000000000000004,3.4857318554985723,3.6797944017907818,0.0,0.0,59.55635450919506,1.0,1.0,0.9686103030443912,4.365627545204124,38.40200055367137,92.30769936149667,85.84170890719388,-7.692300638503318,0.0265882442979252,3.93258727961852,0.4014374925428725,-0.0001303878147032,0.4015678803575757,-3.961495366645456,3.832732690072704,-7.794228056718159,3.609656096912068,1.3698616715036138,1.3605638815206156,-2.3746679439360263,-1.3698675290472693,3.4275102615356445,0
2022-03-29,3.7200000286102295,3.7200000286102295,3.660000085830689,3.680000066757202,3.4275102615356445,10573102,-283195194.2269898,-12953430,-0.3904693403046465,5865.527618676471,0.0,0.0196060170441704,15397.012961377715,3.607005914292404,54.34579945945168,1085.5747646234563,3.583999979496002,3.7110275645711073,3.4569723944208968,7.088592957691279,0.8778710238584789,0.0,0.0,3.626833335558573,3.698333398501079,3.555333272616069,3.942836978004839,0.8717949957707111,0.0,0.0,3.440000057220459,3.7200000286102295,3.580000042915344,7.812499246418672,0.8571429787850018,0.0828037447594671,2.5339097365466,0.0184544893896423,0.0037043268991743,0.014750162490468,3.618333319822947,3.591923071787908,3.626267858254569,3.607813368864927,1.077253289150552,0.7596568657947986,0.3175964233557533,0.0020703532380533,24.95949548132302,0.0560001254081727,2.8121102718463877,-9.831765667449442,12.64387593929583,3.629999995231629,3.6050000190734863,3.617500007152557,3.595000028610229,99.54515700899564,19.41008613810211,25.491419628539592,11.96633996969032,137.52658085218883,3.6137500405311584,3.5299999713897705,4.0,24.0,-20.0,3.495102582423039,3.6797944017907818,0.0,0.0,57.33008621060879,0.830412956120424,0.9434709853734744,0.9732375242088668,5.777591923570155,39.13099818086372,81.81820152219406,85.57820485457773,-18.18179847780594,0.0448088372454926,3.6619751038615145,0.5115145242518019,0.1021985945985978,0.409315929653204,-3.4341704912166184,2.37935205381484,-5.813522545031458,3.613478892474064,-0.5405400180747089,-0.5420062216286103,-2.902371931477365,0.5405436818807345,3.4088823795318604,1
2022-03-30,3.7100000381469727,3.7100000381469727,3.650000095367432,3.660000085830689,3.4088823795318604,9170005,-289308530.89365643,-22123435,-0.3809319414156659,-21172.3941977103,-0.0065430591978015,0.0158486486824722,-106988.78272518764,3.614104783885385,48.42241513134957,1079.6749075058162,3.594499981403351,3.7096477738148126,3.479352188991889,6.406887912488241,0.7844175431226861,0.0,0.0,3.6343333403269447,3.704333392779033,3.564333287874858,3.852153663251495,0.6833337590804761,0.0,0.0,3.4600000381469727,3.7200000286102295,3.590000033378601,7.233272828165342,0.7692309808449022,0.0805233645614744,2.1173628264908504,0.0197783801246869,0.0069191375442768,0.01285924258041,3.619999984900157,3.59153845677009,3.631457431727818,3.611679051603131,1.0542987587141384,0.8190046410670785,0.2352941176470598,0.0152675704074013,24.80080937406968,0.0154999136924742,6.685208026419116,-7.169999602252828,13.855207628671945,3.629999995231629,3.6050000190734863,3.617500007152557,3.595000028610229,99.7725785044978,20.37531695129577,24.189103109615804,12.206472264831609,109.90199981977877,3.6137500405311584,3.5299999713897705,92.0,20.0,72.0,3.5040984802705264,3.6797944017907818,0.0,0.0,55.11149999324744,0.661411098422857,0.8306080181810936,0.9246930011848562,6.40296923026513,42.33153489043643,68.42109225792389,80.84899771387153,-31.578907742076115,0.0527500180637132,0.5494500096186297,0.5476228602291723,0.1912834477247127,0.3563394125044595,-4.07084968400648,1.0893117062505755,-5.160161390257056,3.616007055327169,-0.5434777327093077,-0.5449599457100884,-3.4300759190186936,0.5434814364476352,3.436824083328247,2
2022-03-31,3.670000076293945,3.7300000190734863,3.6649999618530273,3.690000057220459,3.436824083328247,12846702,-292273125.4343453,-9276733,-0.4088206002114635,36909.47532380572,0.0088543817880044,0.0154938373865314,55463.797910130445,3.627354265341067,45.58984163784402,1079.6749075058162,3.600499987602234,3.722233369317881,3.478766605886587,6.7620265038087535,0.8676069306416107,0.0,0.0,3.6428333441416423,3.7103333870569855,3.5753333012262987,3.705908919709244,0.8493828377114612,0.0,0.0,3.4600000381469727,3.7300000190734863,3.595000028610229,7.498957974065183,0.8518519826713832,0.0794710214296067,1.503443091794997,0.022983381921132,0.0101319864196478,0.0128513955014841,3.6266666650772095,3.588846151645367,3.6404639894959168,3.6174806075747847,1.037209462216782,0.8186050637852417,0.2186043984315403,0.0286932364569811,24.537476859652305,-0.0105000734329223,9.01612660575944,-4.083053489584541,13.099180095343982,3.634999990463257,3.595000028610229,3.615000009536743,3.595000028610229,99.8862892522489,21.50144537867741,24.45342933936829,11.470221427129925,126.9840964646078,3.6237500309944153,3.544999957084656,88.0,16.0,72.0,3.5127345422041145,3.6797944017907818,0.0,0.0,57.75251299522327,0.8625915168553614,0.784805190466214,0.8529613980069275,7.662813373655915,38.7382518915738,78.94739483861572,76.39556287291121,-21.05260516138428,0.0611617985893699,2.216071037379081,0.6353422288707291,0.280095203953916,0.3552470249168131,-1.6905283902350667,0.5333436869534474,-2.2238720771885143,3.6231103085797143,0.8196713302251579,0.8163302695052721,-2.638519937706696,-0.8196734496959692,3.4461381435394287,3
2022-04-01,3.740000009536743,3.75,3.674999952316284,3.700000047683716,3.4461381435394287,12462619,-296427305.3559629,3185886,-0.4462830800905423,49440.41758429111,0.0090269921785416,0.0127517251247567,139074.73567065332,3.632738888148512,45.71557530820564,1082.6008529288656,3.604999995231629,3.734228547386466,3.475771443076792,7.16940650905791,0.8675660326916832,0.0,0.0,3.6576666831970215,3.727666735649109,3.587666630744934,3.827579630132024,0.8023809483262176,0.0,0.0,3.4600000381469727,3.75,3.6050000190734863,8.044381754136293,0.8275863486436448,0.0790239240550176,1.238062739400553,0.0260302243693053,0.0133116340095793,0.0127185903597259,3.6358333428700766,3.59153845677009,3.64962338306327,3.6235931586939647,1.0297031572735331,0.8960398937739751,0.133663263499558,0.0421755444542961,24.35910142998777,-0.0250000715255738,12.245764456602023,-0.7490193724853894,12.994783829087412,3.659999966621399,3.595000028610229,3.627499997615814,3.595000028610229,99.94314462612444,22.77120873265592,24.59743651485889,10.723882205592911,126.91180597739256,3.6237500309944153,3.544999957084656,84.0,12.0,72.0,3.5257704708162767,3.6797944017907818,0.0,0.0,58.62633478588135,0.9291553063363348,0.8177193072048509,0.8110441719507197,8.961316445337008,38.963936152729005,76.19050322205617,74.51966343953191,-23.80949677794384,0.0722353276084448,3.064070644688502,0.7183539439810431,0.3677469519593415,0.3506069920217016,-0.1405446956681215,0.3985660104291336,-0.5391107060972552,3.6370512894286793,0.2710024473763672,0.2706358978334267,-2.3746679439360263,-0.2710077672105342,3.4461381435394287,4
2022-04-04,3.690000057220459,3.740000009536743,3.680000066757202,3.700000047683716,3.4461381435394287,10718120,-300000012.0226296,13904006,-0.4173735222889086,42377.50078653524,-0.0013994631299385,0.0134400605835817,33774.00249719228,3.6386928347584826,45.14476849475464,1082.6008529288656,3.6129999995231623,3.744924294263416,3.481075704782909,7.302756421680841,0.8297347479925822,0.0,0.0,3.6700000206629433,3.733000055948893,3.6069999853769934,3.4332444104220823,0.7380953191899486,0.0,0.0,3.4600000381469727,3.75,3.6050000190734863,8.026569662089704,0.8275863486436448,0.0771215259274699,1.2183101763921622,0.0281207109099619,0.0162734493896558,0.011847261520306,3.645833353201548,3.594230761894813,3.657373639158723,3.629252928248761,1.034314027981915,0.8676473613152479,0.166666666666667,0.0550253088469486,24.216876508030435,-0.0630000472068785,14.564755727280696,2.495781502042338,12.068974225238358,3.677500009536743,3.595000028610229,3.6362500190734863,3.595000028610229,99.97157231306224,23.95027470420739,23.291745317704056,10.154632699177492,110.00553120321877,3.6237500309944153,3.544999957084656,80.0,8.0,72.0,3.5437088331509745,3.6797944017907818,0.0,0.0,58.62633478588136,0.9291553063363353,0.9069673765093436,0.8364972913934695,10.052754796977158,37.818159358881935,76.19050322205617,77.10946709424267,-23.80949677794384,0.072117677155663,3.351958841759854,0.774834696448978,0.4491645008572688,0.3256701955917092,-0.2220670869010455,0.2744393909630978,-0.4965064778641433,3.650718057905509,0.0,0.0,-2.3746679439360263,0.0,3.418196439743042,0
2022-04-05,3.7100000381469727,3.75,3.670000076293945,3.670000076293945,3.418196439743042,9872917,-309872929.0226296,4031089,-0.3992786559810889,-5988.888973481677,-1.7992201750854039e-16,0.0144131692993482,-80050.60100445221,3.645843526568239,45.81150189848241,1073.8230166597175,3.62150000333786,3.744832971579291,3.498167035096429,6.811153838340889,0.6966224994323634,0.0,0.0,3.679333360989888,3.744333370526632,3.6143333514531455,3.533249268789035,0.4282055128725186,0.0,0.0,3.4600000381469727,3.75,3.6050000190734863,8.007730542199102,0.72413815782983,0.0774093657053285,1.181719836315017,0.0270449324373895,0.0184277459992026,0.0086171864381869,3.65583336353302,3.600769226367657,3.6593161679487567,3.632271235511367,1.058536743082317,0.8487807975645495,0.2097559455177674,0.065153696318728,24.175330447592096,-0.0815000414848321,15.886545935556558,5.401096650032623,10.485449285523934,3.684999942779541,3.595000028610229,3.639999985694885,3.595000028610229,99.98578615653112,24.76957740766472,21.64216046321065,10.320738000643283,88.68451436529676,3.6137499809265137,3.544999957084656,76.0,4.0,72.0,3.5602121264988966,3.6797944017907818,0.0,0.0,54.69060444953436,0.6293491806900678,0.8292199311209125,0.8513022049450357,10.018964425581874,31.944253364827578,61.90480515528965,71.42860386646731,-38.09519484471035,0.0732500237577102,3.380285227873417,0.7445735927697615,0.5082463192397674,0.2363272735299941,-0.9109049399082484,0.0373705247888286,-0.9482754646970768,3.651876990212936,-0.8108100271120744,-0.8141149682650006,-3.166223925248046,0.8108120636072016,3.436824083328247,1
2022-04-06,3.660000085830689,3.700000047683716,3.640000104904175,3.690000057220459,3.436824083328247,9006445,-303868632.3559629,13037534,-0.3482366823360127,20599.34205354405,-0.0266475332094455,0.0111518774161947,-30969.20469080505,3.650289682502738,39.16043561559064,1079.6749075058162,3.632000005245209,3.740185139446008,3.52381487104441,5.957331169854705,0.7680592504862926,0.0,0.0,3.6835000356038408,3.747000034650167,3.620000036557516,3.4478077063960724,0.5511812733404574,0.0,0.0,3.5,3.75,3.625,6.883259901953707,0.7600002288818359,0.0756684234127497,1.0989095656416623,0.0274893217713936,0.0202400611536408,0.0072492606177527,3.668333371480306,3.607307690840501,3.664036766298249,3.636547444526856,1.0150757200539722,0.9246233166632044,0.0904524033907677,0.0739760406174222,24.154596739783354,-0.0220001101493836,17.97397856131461,8.197947704050298,9.776030857264312,3.684999942779541,3.595000028610229,3.639999985694885,3.595000028610229,99.99289307826557,24.735887161781843,20.471149899152724,12.467697175733653,55.69495778877345,3.6137499809265137,3.544999957084656,72.0,20.0,52.0,3.5753951563789848,3.6797944017907818,0.0,0.0,56.77399694163682,0.7880525922244832,0.7821856930836287,0.8394576669046284,10.52601379035212,34.15663416378072,71.4286038664674,69.84130408127105,-28.571396133532605,0.0708088461090539,4.237290875249418,0.7559181391340327,0.5577806832186205,0.1981374559154122,-2.106109910864613,-0.3913255623418598,-1.7147843485227536,3.6545589011901622,0.5449585970229931,0.543479070431574,-2.638519937706696,-0.5449553269854022,3.4927074909210205,2
2022-04-07,3.700000047683716,3.755000114440918,3.700000047683716,3.75,3.4927074909210205,11227244,-294682749.6911746,24264778,-0.3139427933409409,113890.00712760136,0.0281681247935813,0.0139216763191562,231638.032391146,3.676986708778816,52.61444518054014,1079.6749075058162,3.641500008106232,3.755916007852864,3.5270840083596,6.284003816665325,0.974146938076998,0.0,0.0,3.691833376884461,3.754333376884461,3.629333376884461,3.3858516146112385,0.9653329849243162,0.0,0.0,3.5299999713897705,3.755000114440918,3.642500042915344,6.178776398469903,0.9777772832802984,0.0746015867935206,0.8780261462438679,0.0323105416505757,0.0226541572530278,0.0096563843975479,3.680000046888987,3.618846150544973,3.677261879175442,3.644951337524866,1.1039606274231355,0.7821782388566488,0.3217823885664866,0.0846452867744069,24.052876668264435,-0.0215001225471498,21.396938371475745,11.073632899692075,10.32330547178367,3.6975001096725455,3.607500076293945,3.652500092983246,3.595000028610229,99.99644653913278,25.45910822196432,24.279886109036354,11.727394496788724,133.3333209157049,3.600000023841858,3.559999942779541,100.0,16.0,84.0,3.589363543868666,3.6797944017907818,0.0,0.0,62.36489861751679,1.0,0.805800590971517,0.8057354050586861,12.57103791791734,40.54759933275894,97.6743670268448,77.00259201620061,-2.325632973155201,0.0757794499397279,3.878119362118668,0.8864464476641415,0.6235138361077247,0.2629326115564168,-1.3400031857170354,-0.5810610870168951,-0.7589420987001403,3.664053844333023,1.6260146842582035,1.6129366422984237,-1.0554079750826784,-1.626018854554104,3.56721830368042,3
2022-04-08,3.7699999809265137,3.8550000190734863,3.7300000190734863,3.829999923706055,3.56721830368042,12807410,-286998323.23373127,37072188,-0.2313063477437827,243990.26651968225,0.0634397762810449,0.0125505669658876,455781.1221767435,3.693164235264375,55.05282577833749,1079.6749075058162,3.65550000667572,3.7886878918325695,3.5223121215188717,7.286985906913948,1.155089300445136,1.0,0.0,3.70766670703888,3.777666687965393,3.6376667261123656,3.775958653113082,1.3738089285738644,1.0,0.0,3.539999961853028,3.8550000190734863,3.697499990463257,8.617153785944506,0.9206346322980684,0.0796414281141686,0.4814857936844775,0.042101399667505,0.0265436057359232,0.0155577939315817,3.6975000500679016,3.628846150178176,3.7007600398724594,3.6586586402049535,1.1343285706558723,0.7611942847870459,0.3731342858688264,0.1002447344917921,24.146512271370945,-0.0054999113082883,27.435857324203667,14.224142808939806,13.21171451526386,3.747500061988831,3.6575000286102295,3.70250004529953,3.637500047683716,99.9982232695664,27.129094555162236,30.38152845462606,10.44318203120218,206.96681329759272,3.600000023841858,3.559999942779541,100.0,12.0,88.0,3.6059272009258914,3.6797944017907818,0.0,0.0,68.25972341332607,1.0,0.9293508640748276,0.8391123827099912,16.335090436571928,50.55385321106563,91.22803935494842,86.77700341608686,-8.771960645051573,0.0890588711289797,5.8011062095528265,1.150733200546596,0.7289577089954989,0.421775491551097,0.4417580957516192,-0.3764972504631922,0.8182553462148114,3.691035191785714,2.133331298828134,2.110894329014479,1.0554079750827006,-2.133325305743,3.548590421676636,4
2022-04-11,3.849999904632568,3.880000114440918,3.7899999618530273,3.809999942779541,3.548590421676636,7618601,-291230888.31478286,29453587,-0.249948293008185,187367.10349019605,0.0502061756692866,0.0164595028624022,233440.706015176,3.7047924499964657,55.51030851904571,1074.0369236971749,3.663999998569488,3.812916115776488,3.5150838813624885,8.12860902102294,0.9902086723329828,0.0,0.0,3.721000035603841,3.794000037511189,3.648000033696493,3.923676496041841,1.1095883893856526,1.0,0.0,3.539999961853028,3.880000114440918,3.7100000381469727,9.279480150672333,0.7941172345701172,0.0806773005615408,0.4503181385803897,0.0476970717189098,0.0307742989325205,0.0169227727863892,3.7108333706855774,3.636538459704473,3.717566178781241,3.6698691070623313,1.194029999459111,0.7263683327022952,0.4676616667568158,0.117166177841176,24.1176498843978,-0.0139999032020563,31.042157321780696,17.360814703376953,13.681342618403743,3.7600001096725455,3.670000076293945,3.715000092983246,3.65500009059906,99.9991116347832,28.87939019848067,30.17775408246369,9.62586069727406,197.4799938829934,3.602500021457672,3.569999933242798,96.0,8.0,88.0,3.635815939103603,3.6797944017907818,0.0,0.0,65.49769269302072,0.8172296637334917,0.9390765545778303,0.8914093365413919,18.621957115623385,47.0413587858723,74.54540095055287,87.8159357774487,-25.45459904944713,0.1102353418574617,4.383557348811585,1.2996940851956027,0.8431049842355196,0.4565891009600831,-2.0443544064331025,-0.7100686816571743,-1.334285724775928,3.7012424849790393,-0.5221927238881374,-0.5235609152347998,0.5277039875413392,0.5221963002534693,3.5299630165100098,0
2022-04-12,3.829999923706055,3.849999904632568,3.7699999809265137,3.7899999618530273,3.5299630165100098,8959131,-295710453.81478286,20494456,-0.24555295643262,135002.8816890056,-0.0223236575292696,0.0113659159798667,-86813.29499461662,3.7142606385634505,49.897527428954646,1074.0369236971749,3.673000001907349,3.82934579058789,3.516654213226808,8.513247405355415,0.8741704875234702,0.0,0.0,3.732666691144308,3.807666691144307,3.657666691144308,4.018574719137705,0.8822218047248023,0.0,0.0,3.539999961853028,3.880000114440918,3.7100000381469727,9.256742510518157,0.7352937876560937,0.0806095628759921,0.5090501249347433,0.0499421488166826,0.0346078689093529,0.0153342799073296,3.722500026226044,3.646153844319857,3.728709837715362,3.678767688898679,1.1386139665604964,0.8069309934005269,0.3316829731599695,0.1329053368364025,24.064998879037056,0.0270000457763672,33.871625342606684,20.381527738508904,13.49009760409778,3.7600001096725455,3.670000076293945,3.715000092983246,3.660000085830689,99.9995558173916,30.017915536799507,28.074449146026293,10.697395146144483,147.3421768728756,3.6050000190734863,3.569999933242798,92.0,4.0,88.0,3.670001723650827,3.6797944017907818,0.0,0.0,62.76273553291193,0.5948898454584648,0.8040398363973188,0.8908224183499923,19.728869330988047,45.91915505137936,65.38458716942377,77.052675824975,-34.61541283057624,0.1275147353901582,3.835612680210136,1.3575782174936406,0.945999630887144,0.4115785866064967,-3.0029114695611256,-1.1686372392379645,-1.8342742303231607,3.708857964202793,-0.5249338904693812,-0.5263165090945598,0.0,0.5249240671124085,3.5579047203063965,1
2022-04-13,3.819999933242798,3.8350000381469727,3.795000076293945,3.819999933242798,3.5579047203063965,6527368,-294078650.720965,27021824,-0.2245829086619005,143691.16334064817,0.0030640893373484,0.0109927674241257,4638.256915698104,3.722547974123665,49.53913213576325,1082.5385272081994,3.684500002861023,3.848387154889556,3.52061285083249,8.896032129259005,0.9133939991775084,0.0,0.0,3.7470000187555943,3.820000020662943,3.674000016848246,3.8964505760313553,0.9999994012318968,0.0,0.0,3.539999961853028,3.880000114440918,3.7100000381469727,9.227850517678906,0.823528958027129,0.0770486142177874,0.5138106742736444,0.0535251311686328,0.0383913213612089,0.0151338098074239,3.732500016689301,3.6584615340599647,3.7427544677965057,3.689229336627873,1.14646486661444,0.8181817525017699,0.3282831141126702,0.148509708725689,23.964233651304564,-0.0044999361038207,37.78700869817978,23.57829241544449,14.208716282735288,3.7600001096725455,3.670000076293945,3.715000092983246,3.660000085830689,99.9997779086958,31.075117636666995,26.937148446648152,10.264041853335302,144.82757896204708,3.600000023841858,3.590000033378601,88.0,32.0,56.0,3.69940149836144,3.6797944017907818,0.0,0.0,65.11577670852131,0.7683013382671217,0.7268069491530259,0.8233077800427252,21.367070916343756,47.925404694165856,76.92302754649158,72.2843385554894,-23.076972453508414,0.1523970814312205,3.243240108448233,1.4508485725519398,1.0469694192201031,0.4038791533318366,-5.711058347605222,-2.077121460911416,-3.633936886693806,3.725388777572002,0.7915559813120199,0.7884396113605696,0.7915559813120199,-0.7915579756983391,3.56721830368042,2
2022-04-14,3.819999933242798,3.839999914169312,3.7899999618530273,3.829999923706055,3.56721830368042,4684049,-291268221.320965,31705873,-0.1640130933764706,129855.3464819027,-1.2725013702872858e-07,0.0112019226828873,63929.6687236282,3.733386613855635,56.0771003865976,1085.3723950452077,3.697000002861024,3.8651784517911008,3.528821553930946,9.098103803079676,0.8954130915439955,0.0,0.0,3.759500010808309,3.83100000222524,3.688000019391377,3.803696832630616,0.9930064430822544,0.0,0.0,3.539999961853028,3.880000114440918,3.7100000381469727,9.196650049358178,0.852940681484142,0.0743437480276371,0.5138106742736444,0.0565200581061913,0.0420170687102054,0.0145029893959858,3.745000004768372,3.6719230688535256,3.756176845628744,3.699656787522553,1.1414142800720566,0.7979799439354966,0.3434343361365599,0.1635692920029606,23.839406258022613,-0.0369999170303345,41.43285895468766,26.821302915231787,14.611556039455872,3.7600001096725455,3.690000057220459,3.725000083446503,3.660000085830689,99.9998889543479,31.923749792422164,25.691776109494874,10.251845554960951,129.3775449273087,3.5850000381469727,3.590000033378601,84.0,28.000000000000004,56.0,3.724685304612567,3.6797944017907818,0.0,0.0,65.88953066258983,0.8253244918066577,0.7295052251774147,0.7534506702425866,22.9424989819194,54.80754559437944,79.16658802165256,73.82473424585595,-20.833411978347435,0.164602936716641,4.076082995319946,1.527710848660628,1.1431177051082082,0.3845931435524197,-9.5242394002948,-3.566545048788093,-5.957694351506708,3.73937079687261,0.2617798596338705,0.26143781296879,1.0554079750827006,-0.2617715792350168,3.604474067687988,3
2022-04-19,3.849999904632568,3.890000104904175,3.829999923706055,3.869999885559082,3.604474067687988,6996586,-288936063.0567663,38702459,-0.0756254690735909,151285.0359989769,0.0385904315557034,0.0103168665204941,85333.22292253142,3.7417877935768553,56.73407244220476,1085.3723950452077,3.712999999523164,3.8830705143764153,3.542929484669912,9.160814159714116,0.961572913362991,0.0,0.0,3.7750000079472863,3.8450000127156576,3.7050000031789145,3.708609516344616,1.178570508146024,1.0,0.0,3.539999961853028,3.890000104904175,3.715000033378601,9.42634374080515,0.9428565395124135,0.0729093913446854,0.5138106742736444,0.061413287756586,0.0458963125194815,0.0155169752371044,3.762499988079071,3.683846143575816,3.773688082541104,3.712274794784518,1.1530610755402504,0.8061223943647586,0.3469386811754917,0.1794153672650936,23.725082109194155,-0.0229999423027047,45.633821816206485,30.273421369556875,15.36040044664961,3.765000104904175,3.7100000381469727,3.7375000715255737,3.665000081062317,99.99994447717395,33.20750543995012,28.941521276669867,9.673862431790116,149.46618900758747,3.5850000381469727,3.590000033378601,100.0,24.0,76.0,3.746429377988536,3.6797944017907818,0.0,0.0,68.86444903397157,1.0,0.8645419433579263,0.7736180392294557,25.201784972028427,53.96330504789121,91.99991226196288,82.69650927670233,-8.00008773803711,0.1686176384196565,5.737699311576128,1.6543303271316916,1.245360229512905,0.4089700976187866,-10.553608883665538,-4.963957815763582,-5.589651067901956,3.759724111046045,1.0443854477762304,1.0389694197929122,2.1108159501653567,-1.0443926005069528,3.632415771484375,1
2022-04-20,3.910000085830689,3.940000057220459,3.890000104904175,3.900000095367432,3.632415771484375,6269793,-292697938.85676616,44972252,-0.061482905799991,156543.6173498266,0.0438611085765119,0.0134498028473878,121674.7138848756,3.7544648476063305,63.48137782764911,1093.7861936329157,3.731000006198884,3.90022170582256,3.561778306575208,9.071117627580923,0.9993452067446998,0.0,0.0,3.7953333457311,3.8643333514531455,3.7263333400090537,3.636044554539878,1.258454644612376,1.0,0.0,3.569999933242798,3.940000057220459,3.754999995231629,9.916915662367275,0.8918920312160709,0.0726184693763545,0.4930833177078782,0.0669403272935258,0.0501051154742904,0.0168352118192354,3.7799999912579856,3.697307687539322,3.7931206998990006,3.7261803726054743,1.1919189608227805,0.7373735719573589,0.4545453888654216,0.1963226962498429,23.61420742060184,-0.0309999585151681,50.29125745439779,34.096167093872566,16.19509036052522,3.790000081062317,3.740000009536743,3.76500004529953,3.690000057220459,99.99997223858698,34.814158943785024,31.751972809218625,9.03394798537362,164.50225833082305,3.5850000381469727,3.595000028610229,100.0,20.0,80.0,3.7694006942950384,3.6797944017907818,0.0,0.0,70.91339184640356,1.0,0.9417748306022192,0.8452739997125202,27.74709557554771,50.60962355968604,86.66667726304979,85.94439251555507,-13.333322736950208,0.1737352904151468,5.691057856111752,1.7964864982292532,1.355585483256175,0.4409010149730785,-11.991125231839227,-6.369391298978712,-5.621733932860517,3.784318493629885,0.7751992427776466,0.7722100118394692,2.9023782222051158,-0.7751950290575849,3.65104341506958,2
2022-04-21,3.900000095367432,3.930000066757202,3.884999990463257,3.920000076293945,3.65104341506958,5641379,-289563832.7703105,50613631,-0.0566474650972986,150298.4537854556,-0.0059826317741198,0.0134898333776508,77533.50828030027,3.7674450469740415,69.70149078762856,1099.3953481137903,3.74650001525879,3.9250804800971766,3.5679195504204038,9.533189062381528,0.9857755891501644,0.0,0.0,3.816833345095317,3.882333366076151,3.751333324114482,3.432165623107592,1.2875320469654128,1.0,0.0,3.6050000190734863,3.940000057220459,3.7725000381469727,8.9416798820921,0.9402985711967602,0.0698566300681136,0.3995624544660009,0.0721032162662518,0.0545047356326827,0.0175984806335691,3.798333326975504,3.7080769172081594,3.812640603959761,3.7405373876935095,1.199999608749152,0.7333332029163846,0.4666664058327674,0.2138485436186491,23.562711076306304,-0.0464999675750741,55.19834631439871,38.23220795532635,16.966138359072353,3.820000052452088,3.740000009536743,3.7800000309944153,3.690000057220459,99.99998611929348,36.16900910046999,30.36155645472437,9.124917104245808,141.2637244270459,3.5850000381469727,3.595000028610229,100.0,16.0,84.0,3.800108579621614,3.6797944017907818,0.0,0.0,72.22561502742144,1.0,1.0,0.935438924653382,30.276649231903928,48.61802566213864,93.33333863152468,90.66664271884576,-6.666661368475326,0.1805147192057443,5.945946642567048,1.927616510490545,1.4699916887030489,0.4576248217874961,-13.702283377103653,-7.835969714603701,-5.866313662499952,3.821104348220908,0.5128200112166637,0.5115095676323955,3.4300822097464323,-0.5128169448948512,3.632415771484375,3
2022-04-22,3.910000085830689,3.950000047683716,3.880000114440918,3.900000095367432,3.632415771484375,8420825,-293172757.7703104,42192806,-0.0544017749391196,104767.7690467474,0.0062345811837153,0.0133027047630587,-14033.230627298091,3.785026658030147,61.56452673670813,1099.3953481137903,3.760500025749207,3.941107278103122,3.5798927733952923,9.605491350471794,0.8861973088014844,0.0,0.0,3.840166680018108,3.906666700045268,3.7736666599909463,3.463392376856247,0.9498751678938396,0.0,0.0,3.619999885559082,3.950000047683716,3.784999966621399,8.775433050525978,0.84848506741824,0.069870960385582,0.4159639399518056,0.0737310856009871,0.0583500056263436,0.0153810799746435,3.814999997615814,3.719230771064759,3.8260805257147874,3.7523494401138,1.1846151363215771,0.738461278881649,0.4461538574399283,0.2294883961076685,23.571322301247605,-0.0904999494552623,59.83655757912639,42.503276756176426,17.333280822949966,3.840000033378601,3.745000004768372,3.7925000190734863,3.695000052452088,99.99999305964674,37.59348228284127,30.23921237343042,8.501285904251825,121.92285848554644,3.590000033378601,3.595000028610229,96.0,12.0,84.0,3.825289045589406,3.6797944017907818,0.0,0.0,68.87914414350436,0.8091548979082328,0.9363849659694108,0.95938659885721,31.47315838936561,49.74307009753408,83.87098014665067,87.95699868040838,-16.12901985334933,0.1895588362918183,5.4054066244923655,1.9649312191657469,1.5689795947955885,0.3959516243701584,-12.219207729578276,-8.712617317598616,-3.5065904119796603,3.836918051615719,-0.5102035851341391,-0.5115095676323955,2.9023782222051158,0.5102005500213949,3.65104341506958,4
2022-04-26,3.819999933242798,3.954999923706055,3.819999933242798,3.920000076293945,3.65104341506958,7500945,-289561174.9776075,49693751,-0.0310121407823327,111232.1958873294,-0.0494940349129786,0.0091226313993787,-4497.004057517006,3.8005595099011074,53.46948550836602,1105.033267461303,3.7740000247955328,3.959838626834256,3.588161422756809,9.848362523462972,0.8928141136898727,0.0,0.0,3.856500005722046,3.931000018119812,3.78199999332428,3.863607534667572,0.926174899360172,0.0,0.0,3.619999885559082,3.954999923706055,3.787499904632568,8.87652453486994,0.8955228554429151,0.0763838633933496,0.4159639399518056,0.0757616815855763,0.0618323408181901,0.0139293407673862,3.835833330949148,3.7319230849926295,3.8405296873423502,3.764768005756774,1.1062798282281063,0.7681157751043168,0.3381640531237895,0.2437652316610901,23.74769562874475,-0.0839999675750737,63.55503053817333,46.51651822439528,17.038512313778043,3.862499952316284,3.7474999427795415,3.8049999475479126,3.697499990463257,99.99999652982336,37.35464664061883,26.4804485408822,12.969072928124136,100.53979619647002,3.590000033378601,3.595000028610229,92.0,8.0,84.0,3.825289045589406,3.950000047683716,0.0,1.0,70.35820156567581,0.8935037162680375,0.9008862047254236,0.9457570568982782,32.90898669943523,57.302943509732174,88.88893093804494,88.69774990540675,-11.111069061955073,0.1954558961531698,6.811988959206127,2.0123864596630616,1.6576609677690832,0.3547254918939784,-11.822865573250066,-9.334666968728907,-2.488198604521159,3.85139984629704,0.5128200112166637,0.5115095676323955,3.4300822097464323,-0.5128169448948512,3.623101949691773,1
2022-04-27,3.900000095367432,3.950000047683716,3.880000114440918,3.890000104904175,3.623101949691773,6468196,-294181314.9776075,43225555,-0.0736425388234936,67621.06862579304,0.0297611396642755,0.0113483887418226,-11035.104837901104,3.815672575482989,61.19144321128488,1096.576388440034,3.78600002527237,3.9692375573975824,3.6027624931471576,9.679742784049775,0.7837848731796333,0.0,0.0,3.866666682561239,3.935666688283284,3.797666676839193,3.568965798538424,0.6690827565792593,0.0,0.0,3.640000104904175,3.954999923706055,3.7975000143051143,8.320121941341476,0.7936512501844896,0.0757454703782944,0.4635311911142889,0.0740960632679295,0.064285085308138,0.0098109779597914,3.852500001589457,3.7438461688848648,3.8481405208134,3.7740444575454704,1.1578944246345413,0.7655499630508357,0.3923444615837056,0.2543921457524191,23.94029889830955,-0.03600002527237,64.90037677319465,50.278542607885726,14.621834165308924,3.862499952316284,3.7474999427795415,3.8049999475479126,3.697499990463257,99.99999826491168,37.13287068712657,24.76173237799926,12.127313951694353,98.01114199287652,3.590000033378601,3.595000028610229,88.0,4.0,84.0,3.819999933242798,3.950000047683716,1.0,0.0,65.34171155580862,0.6074194856606517,0.7700260332789739,0.8690990679912695,32.72371819744152,52.75992873868909,79.36512501844895,84.04167870104817,-20.634874981551043,0.1974853193058683,5.420055408735372,1.963306582671245,1.7187900907495155,0.2445164919217293,-12.434647916545842,-9.954663158292297,-2.479984758253547,3.853185043182697,-0.7653053777012309,-0.7682488667103193,2.638526228434434,0.7653008250320852,3.725554466247559,2
2022-04-28,3.940000057220459,4.0,3.9149999618530273,4.0,3.725554466247559,5672259,-288509055.9776075,48897814,-0.0509573382473996,147096.32953015837,0.0636870268035934,0.0158974620849364,110896.46028740956,3.834779897930448,68.70876934819039,1127.5849448513543,3.801000022888184,4.001888031671875,3.6001120141044938,10.570271379848409,0.995300785538902,0.0,0.0,3.8811666806538896,3.949666674931844,3.8126666863759353,3.529866141508449,1.367396564034127,1.0,0.0,3.640000104904175,4.0,3.820000052452088,9.471188974691977,1.0,0.0791709128500474,0.4097598087238916,0.0807216124766436,0.0675723907418391,0.0131492217348044,3.8733333349227914,3.761153863026546,3.8715035176113375,3.790781905134695,1.172092702441717,0.7116278151682086,0.4604648872735083,0.2674325761536377,24.02648605301957,0.0289999008178707,69.1518662915768,54.19856937999352,14.95329691158328,3.8949999809265137,3.7699999809265137,3.8324999809265137,3.7200000286102295,99.99999913245584,37.48679639222104,26.80967388680781,10.92708904558056,136.95971860361678,3.590000033378601,3.595000028610229,100.0,4.0,96.0,3.819999933242798,3.950000047683716,0.0,0.0,72.95576658473541,1.0,0.833641067309563,0.8348511017713202,35.05585680500041,59.51116245295184,100.0,89.41801865216462,-0.0,0.1942941216861498,6.666666666666667,2.129418534136837,1.80091577942698,0.3285027547098569,-13.662831508414182,-10.696296828316672,-2.96653468009751,3.87801040715364,2.827760723120476,2.788517652188172,5.540898159911811,-2.8277569325506278,3.753496408462525,3
2022-04-29,4.019999980926514,4.039999961853027,3.9800000190734863,4.03000020980835,3.753496408462525,7699485,-283376004.78754,56597299,-0.0010600367990111,159080.5917995987,0.0409117956347722,0.020723128430952,218144.4534697259,3.8613024415790207,76.59520111370122,1127.5849448513543,3.818500030040741,4.034581057243206,3.602419002838276,11.31758677504368,0.9894001627672656,0.0,0.0,3.9025000254313142,3.969000021616618,3.836000029246012,3.4080715311694707,1.458648057826603,1.0,0.0,3.640000104904175,4.039999961853027,3.840000033378601,10.475313704386297,0.9750006109478274,0.0772538158429968,0.4033429535104191,0.0873858445482209,0.0715350815031155,0.0158507630451054,3.890000025431315,3.7800000264094415,3.8958876241031866,3.8085017795549656,1.260464798559642,0.6279069870597523,0.6325578114998897,0.2825168952690955,24.110806291041545,-0.0085000872611997,74.9107348140045,58.32342783730738,16.58730697669712,3.9149999618530273,3.8049999475479126,3.85999995470047,3.740000009536743,99.99999956622791,38.20071453018628,28.999474200710974,10.326739110646384,154.47788404427132,3.590000033378601,3.595000028610229,100.0,4.0,96.0,3.827199935913086,3.950000047683716,0.0,0.0,74.59501419922535,1.0,0.8691398285535504,0.8242689763806959,37.49876261323236,60.97280825658628,97.05889571498594,92.14134024447829,-2.941104285014056,0.1999411730205311,5.221939688937813,2.294493992817098,1.899631422105004,0.3948625707120943,-12.392276276943846,-11.035492718042107,-1.3567835589017374,3.914438218040115,0.7500052452087402,0.7472066900324981,6.33246043195157,-0.7500076154599782,3.716240644454956,4
2022-05-02,4.0,4.019999980926514,3.9600000381469727,3.990000009536743,3.716240644454956,4094912,-283376004.78754,52502387,0.0358471652193523,112955.1786718554,-0.0293046031558854,0.0166179335774186,17102.0521314668,3.880877869887591,70.80455622948271,1116.3929792758868,3.835000026226044,4.050545875063177,3.61945417738891,11.240982913329912,0.8595522348190004,0.0,0.0,3.919833358128866,3.98833335240682,3.851333363850912,3.495046244039965,1.0121653815266043,1.0,0.0,3.640000104904175,4.039999961853027,3.840000033378601,10.43024391690775,0.8750000745058326,0.0765284514248348,0.4827580268419621,0.088420359744477,0.0749121371513878,0.0135082225930892,3.9050000309944153,3.794615415426401,3.9103664526314255,3.821946092886949,1.185184719140811,0.6990739207700039,0.486110798370807,0.2955695999977971,24.16477970743442,-0.0450000643730161,79.69022857641443,62.5742466841659,17.115981892248527,3.9299999475479126,3.822499990463257,3.8762499690055847,3.740000009536743,99.99999978311396,38.36055578882876,27.126923922758998,11.504826542857062,118.95037501442108,3.600000023841858,3.595000028610229,96.0,4.0,92.0,3.8399679374694826,3.950000047683716,0.0,0.0,68.6224773951188,0.4952335917247794,0.8317445305749263,0.84484180881268,37.58760859931547,60.16631853861253,83.87098014665052,93.64329195387882,-16.129019853349472,0.2019999805618737,4.724411271929973,2.3134904992259515,1.9824032375291931,0.3310872616967582,-15.168185305461945,-11.862031235526077,-3.306154069935868,3.924067902577581,-0.9925607491099496,-0.9975194728282232,5.2770461661411305,0.9925615999944171,3.725554466247559,0
2022-05-03,3.9800000190734863,4.019999980926514,3.954999923706055,4.0,3.725554466247559,6414988,-280908694.47061235,58917375,0.0714459775713209,105982.98440757708,-0.0025331904344051,0.0119055788120293,-24566.84043347592,3.898975477601145,68.94193912759499,1116.3929792758868,3.850500023365021,4.066692098549206,3.6343079481808354,11.229298733791522,0.8457573005569529,0.0,0.0,3.9370000282923385,4.007000033060709,3.867000023523967,3.5560073286935485,0.9499997672580712,0.0,0.0,3.640000104904175,4.039999961853027,3.840000033378601,10.388257486602622,0.9000000596046661,0.0753756120043972,0.5221479367298113,0.0890209579580489,0.07773390131272,0.0112870566453289,3.92250003417333,3.80923080444336,3.924156229149669,3.83513527119162,1.1617641283981657,0.779411489713412,0.3823526386847534,0.3065919195098663,24.2276755693168,-0.0305000901222229,82.77402552887624,66.70093598557365,16.073089543302586,3.9299999475479126,3.829999923706055,3.879999935626984,3.740000009536743,99.99999989155698,38.38163708002083,25.48153607465775,11.273587879173244,107.73078024446112,3.607500016689301,3.595000028610229,92.0,4.0,88.0,3.8519698589324953,3.950000047683716,0.0,0.0,69.28458343074129,0.5511912017756233,0.6821415978334674,0.7943419856539814,37.861449179671766,59.89671776214448,85.18519826713832,88.70502470959157,-14.814801732861676,0.2100146938772762,5.5408981599118095,2.3211947340357875,2.050161536830512,0.2710331972052753,-14.73269420401306,-12.436163829223474,-2.2965303747895867,3.933744779342456,0.2506263268008846,0.2503127827957252,5.540898159911811,-0.2506248298667231,3.744182348251343,1
2022-05-04,4.019999980926514,4.050000190734863,3.990000009536743,4.019999980926514,3.744182348251343,5020465,-280908714.42008764,63937840,0.1023511179747085,105186.73009824172,0.0388413176495965,0.0110938032391943,41179.94984967482,3.911794850498715,68.15373094547044,1121.9749388488897,3.8665000200271606,4.083135687419087,3.649864352635234,11.205776090512211,0.8542813673005386,0.0,0.0,3.9526667038599657,4.0226667086283365,3.882666699091593,3.5419128407671434,0.9809519462845252,0.0,0.0,3.640000104904175,4.050000190734863,3.845000147819519,10.603907505677665,0.9268287718828958,0.0738380689237695,0.5075029249280725,0.0900724683365172,0.0802016147174795,0.0098708536190377,3.939166704813639,3.823461569272555,3.9389014217307214,3.848828953394204,1.1414136962495818,0.7676763808944452,0.3737373153551365,0.3161766153774229,24.313046204768053,-0.0365000963211055,84.44050232456767,70.49529652670364,13.945205797864034,3.935000061988831,3.8350000381469727,3.8850000500679016,3.745000123977661,99.99999994577848,38.733377738361774,26.87585056609153,10.632487375348653,117.1982580029156,3.6100000143051143,3.595000028610229,88.0,12.0,76.0,3.863251665107727,3.950000047683716,0.0,0.0,70.61987825558765,0.6640430760851722,0.5701559565285249,0.694680694978973,38.487239873922654,62.1402152899089,89.2856473825917,86.11394193212682,-10.71435261740829,0.2199852824211121,5.235603434001524,2.3402564631271594,2.108180522089841,0.2320759410373178,-15.8657509345222,-13.12208125028322,-2.743669684238979,3.943611795022966,0.4999995231628418,0.4987536766390743,6.06860214745315,-0.5000029437912588,3.7907519340515137,2
2022-05-05,4.03000020980835,4.09499979019165,4.0,4.070000171661377,3.7907519340515137,5626395,-278243541.3010387,69564235,0.1484785426060613,130348.74339130448,0.0464324803273764,0.0160049559432405,95082.60565867912,3.93221647452144,77.06205653093377,1121.9749388488897,3.885000026226044,4.104772694348964,3.665227358103124,11.313908192500628,0.9208897926557948,0.0,0.0,3.9671666940053303,4.041666682561238,3.892666705449423,3.755828494350007,1.190157674177872,1.0,0.0,3.640000104904175,4.09499979019165,3.8674999475479126,11.71170353194232,0.945055745446333,0.0759542410505576,0.423850386324237,0.0938584535824116,0.0829329824904659,0.0109254710919456,3.959166725476583,3.839615418360784,3.959070460181592,3.86521200659918,1.1691537709146995,0.6965172158318421,0.4726365550828574,0.3263272290747238,24.47189840663832,-0.0150001406669617,86.19932526184233,73.93984974308626,12.259475518756076,3.957499861717224,3.8674999475479126,3.912499904632568,3.767499923706055,99.99999997288924,39.5017851479965,28.68725467938613,9.692633132877551,130.45514022714994,3.608749985694885,3.595000028610229,100.0,8.0,92.0,3.878191547157898,3.950000047683716,0.0,0.0,73.69832043863734,0.9054044419218988,0.7068795732608981,0.6530590425409636,39.99151686114848,63.22565228364976,91.80339914732087,88.75808159901696,-8.196600852679122,0.2255587977521562,6.266325136714059,2.4282873338426088,2.172201884440395,0.2560854494022138,-15.949472799880413,-13.687559560202658,-2.261913239677755,3.959718879994405,1.2437858450770278,1.236114374546382,7.387868407034248,-1.2437851971050549,3.753496408462525,3
2022-05-06,4.039999961853027,4.050000190734863,3.9800000190734863,4.03000020980835,3.753496408462525,5879657,-275723676.85764253,63684578,0.2395831249679473,78129.48637699168,-0.0386925783659533,0.0130223368215761,12195.035362400313,3.946921588857019,70.0442137601036,1121.9749388488897,3.903000032901764,4.107851295153631,3.6981487706498974,10.497118141173356,0.8099814360685698,0.0,0.0,3.9780000368754074,4.055000034968058,3.901000038782756,3.871291974805135,0.8376634689677047,0.0,0.0,3.640000104904175,4.09499979019165,3.8674999475479126,11.657691044117078,0.8571436805670908,0.0773588322042909,0.493733056679594,0.0925641891847095,0.0848592238293146,0.0077049653553948,3.972500085830689,3.852307732288654,3.969982729354939,3.8774185401702295,1.1047615349699744,0.7238092188933704,0.380952316076604,0.3336173590148762,24.616075809356182,-0.0029999375343319,87.18452571153726,76.97851286890969,10.206012842627572,3.957499861717224,3.8674999475479126,3.912499904632568,3.767499923706055,99.99999998644462,39.68540450621504,26.31413314014066,10.729124716878452,98.14525089970104,3.617500007152557,3.595000028610229,96.0,4.0,92.0,3.899872371461273,3.950000047683716,0.0,0.0,67.59630932257954,0.2436533045177078,0.6043669408415929,0.6271341568770054,39.34539752030442,65.83738738570013,78.68865017486645,86.59256556825966,-21.311349825133554,0.2144264669979318,4.134375425857487,2.387263284211916,2.215214164394699,0.1720491198172169,-15.57081351226496,-14.064210350615118,-1.506603161649842,3.963887178493077,-0.9828000040771334,-0.9876613611529584,6.33246043195157,0.9828004110300697,3.73486852645874,4
2022-05-09,3.990000009536743,4.025000095367432,3.9700000286102295,4.010000228881836,3.73486852645874,4285417,-273775736.3963118,59399161,0.2183570223282202,54724.094285684674,-0.0224599736407877,0.0114180620793867,-79052.82600992652,3.956563415715507,64.93832757058723,1116.4068306085005,3.919000041484833,4.10381359349728,3.7341864894723855,9.431668795921992,0.7461945739533051,0.0,0.0,3.987166706720988,4.06266671816508,3.911666695276896,3.787150976999545,0.6512153556278333,0.0,0.0,3.700000047683716,4.09499979019165,3.897499918937683,10.07909513464248,0.7848110969132922,0.0756229671036738,0.631668894711574,0.088899861742973,0.0856673514120463,0.0032325103309266,3.981666763623556,3.8650000462165246,3.976139267743692,3.887239406000719,1.0943392491843729,0.749999606384666,0.3443396427997068,0.3369426788995289,24.71234604491065,0.0010000348091119,86.87497398500916,79.56961769633591,7.305356288673252,3.987499952316284,3.8674999475479126,3.9274999499320975,3.767499923706055,99.9999999932223,39.591793853912485,24.838910610699344,11.061991389983348,77.46485647389223,3.617500007152557,3.595000028610229,92.0,16.0,76.0,3.919385113334311,3.950000047683716,0.0,0.0,64.7112809513603,0.0,0.3830192488132022,0.5647552543052311,37.92432568936762,61.69923926601698,69.09105253621146,79.86103395279957,-30.90894746378853,0.2049705933122072,2.820516174988461,2.286966467919074,2.229564625099574,0.0574018428195,-17.124580434290944,-14.676284367350284,-2.44829606694066,3.9666220863158737,-0.4962774165082395,-0.4975129623974839,5.804756444410231,0.49628079999723695,3.688298940658569,0
2022-05-10,3.9800000190734863,3.9800000190734863,3.900000095367432,3.9600000381469727,3.688298940658569,5066812,-271242330.3963118,54332349,0.1780447192699554,10714.714185201992,-0.0907867904822098,0.0021768319338215,-84445.00115264015,3.9637265948123424,58.19668359644096,1116.4068306085005,3.929500043392181,4.0978420939562765,3.761157992828086,8.56811547042368,0.5905893526085414,0.0,0.0,3.992000047365824,4.062000052134197,3.922000042597453,3.5070142253411376,0.2714285211498274,0.0,0.0,3.7300000190734863,4.09499979019165,3.912499904632568,9.288707649512435,0.6301374336999974,0.0790606837447468,0.9595645333338104,0.0810272268881995,0.0847393265072769,-0.0037120996190774,3.985000093777975,3.876538505920997,3.973656309344197,3.892629082455997,0.963963588562788,0.8198194463537012,0.1441441422090866,0.3341979283028907,24.820118287582886,-0.0294999480247493,85.73947240181357,81.88507276618243,3.85439963563114,3.997499942779541,3.8674999475479126,3.932499945163727,3.767499923706055,49.99999999661115,37.88373457283215,22.363570161867383,16.301316528452027,21.500238613852883,3.617500007152557,3.595000028610229,88.0,12.0,76.0,3.919385113334311,4.09499979019165,0.0,1.0,58.04176277499646,0.0,0.0812177681725692,0.3562013192757882,34.55823607113145,59.09586796602496,50.90915553829308,66.22961941645697,-49.09084446170692,0.1844411990221806,1.0204071702683395,2.0815552977648872,2.199962759632637,-0.1184074618677497,-17.272242405039638,-15.195475974888156,-2.0767664301514817,3.9665190616019865,-1.2468874783282846,-1.2547263496777594,4.485490184829133,1.2468868842439917,3.716240644454956,1
2022-05-11,3.900000095367432,3.990000009536743,3.900000095367432,3.990000009536743,3.716240644454956,4344313,-266898017.39631185,58676662,0.1631629896302281,27802.507259917147,0.0103583499092611,-0.0002162222566963,-30266.013961077333,3.967630663356777,57.25880435118834,1124.8644499658153,3.937500047683716,4.101314088994753,3.7736860063726794,8.320713108684433,0.6602425574537425,0.0,0.0,3.9973333756128944,4.069333378473918,3.9253333727518713,3.602401706111591,0.4490738487170151,0.0,0.0,3.7699999809265137,4.09499979019165,3.932499885559082,8.253963309951502,0.6769235622250849,0.0801546067872032,1.0939542864474263,0.0763289810371965,0.0830572574132609,-0.0067282763760643,3.992500086625417,3.8880769656254697,3.9761707247584335,3.899841743721238,0.9292032074673524,0.8761059295526066,0.0530972779147457,0.3284163640571691,24.930338098908503,-0.0174999713897707,85.2770997682186,83.67676537469819,1.6003343935204128,3.997499942779541,3.8674999475479126,3.932499945163727,3.767499923706055,24.999999998305576,36.445918308283744,21.455266632388472,14.985466964267136,28.57143204691755,3.615000009536743,3.595000028610229,84.0,8.0,76.0,3.919385113334311,4.091099796295166,0.0,0.0,60.661547458357504,0.1582640543673785,0.0527546847891261,0.1723305672582992,32.550093384683755,65.49434929501219,61.81824171841797,60.60614993097416,-38.18175828158203,0.1594411885037141,2.3076900504750344,1.957232781563163,2.1514167640187423,-0.1941839824555793,-18.221174519500384,-15.800615683810603,-2.4205588356897803,3.9676050077025216,0.7575750277974302,0.75471983924702,5.2770461661411305,-0.7575769818538021,3.632415771484375,2
2022-05-12,3.9700000286102295,3.9700000286102295,3.880000114440918,3.900000095367432,3.632415771484375,6835669,-270695611.28520066,51840993,0.1677600237903315,-64056.36853290252,-0.026332412625218,-0.0016697780317748,-121276.44472534156,3.967238746016597,49.76867969585728,1124.8644499658153,3.942000055313111,4.096220786055206,3.787779324571017,7.824491556474344,0.3638316660037213,0.0,0.0,3.9918333848317458,4.064333375295004,3.91933339436849,3.632415658366096,-0.133333114097828,0.0,1.0,3.7699999809265137,4.09499979019165,3.932499885559082,8.244540961563283,0.4000005868768482,0.0831391356180654,1.562983557692623,0.0645986929177802,0.0793655445141647,-0.0147668515963845,3.990833421548208,3.895769275151767,3.964452166390588,3.899853473472808,0.9037654967066318,0.8744767261602403,0.0292887705463914,0.3155730516650503,25.069708263481715,-0.0519999504089363,79.91259778170352,84.23252792666476,-4.3199301449612335,3.987499952316284,3.8674999475479126,3.9274999499320975,3.767499923706055,12.499999999152788,34.687370554287384,19.39463642339696,15.292454427545287,-21.73510519896964,3.627499997615814,3.595000028610229,80.0,4.0,76.0,3.919385113334311,4.087277802276611,0.0,0.0,50.47883215597064,0.0,0.0527546847891261,0.0622423792502738,27.19647710277915,58.84815921408914,29.090983178043444,47.27279347825149,-70.90901682195656,0.12538239885779,-0.5102035851341413,1.656438975391946,2.052421206293383,-0.3959822309014371,-15.47670857136332,-15.735834261321148,0.2591256899578269,3.9642437945873215,-2.255636941207939,-2.2814655703145226,2.9023782222051158,2.2556362999704334,3.688298940658569,3
2022-05-13,3.910000085830689,3.9700000286102295,3.900000095367432,3.9600000381469727,3.688298940658569,6057139,-266369083.42805785,57898132,0.245520813240798,-2987.173969955933,0.0115565890902719,-0.0012896346098779,-61001.21244507088,3.971403407049169,58.596032085263545,1142.1700399612764,3.950500059127808,4.088119199240131,3.812880919015485,6.967175701939203,0.5345154715085824,0.0,0.0,3.9845000505447383,4.0580000400543215,3.911000061035156,3.689295448724323,0.3333332252069785,0.0,0.0,3.7899999618530273,4.09499979019165,3.942499876022339,7.720537242719621,0.5573776130300127,0.0818252153805386,1.7164156535301158,0.0594584490240954,0.0753841254161509,-0.0159256763920554,3.996666749318441,3.905769274784968,3.9637672235838783,3.904308774559783,0.9246858760854032,0.8912131094686278,0.0334727666167754,0.3010655231038751,25.13310800268665,0.0494999408721925,74.6692516906217,83.67464160602113,-9.00538991539942,3.987499952316284,3.8674999475479126,3.9274999499320975,3.767499923706055,6.249999999576394,33.05443335414791,18.19691983041918,14.348068257298152,-0.2063784518429132,3.6362500190734863,3.595000028610229,76.0,4.0,72.0,3.919385113334311,4.078986694763183,0.0,0.0,55.805020039810834,0.2208553524055824,0.1263731355909869,0.0772941683897464,24.49859264168707,62.209697912708144,50.90915553829308,47.27279347825149,-49.09084446170692,0.1007794485372652,1.7994840965312058,1.5228931023981194,1.9465155855143303,-0.4236224831162112,-14.171525009624098,-15.42297241098174,1.251447401357641,3.964124982921704,1.5384600336500132,1.5267457310675026,4.485490184829133,-1.5384573983213699,3.7069268226623535,4
2022-05-16,4.010000228881836,4.019999980926514,3.940000057220459,3.9800000190734863,3.7069268226623535,4811256,-266369083.42805785,62709388,0.2352444202472217,11185.997773262694,0.0748243937455869,0.0075902531514482,117485.9120172324,3.978933786992296,66.64285296452162,1147.9385699597635,3.958500063419342,4.082802196976075,3.8341979298626097,6.280264320590188,0.5864826493277022,0.0,0.0,3.983500051498413,4.059000039100647,3.9080000638961794,3.790635703586061,0.4768209735121634,0.0,0.0,3.7899999618530273,4.09499979019165,3.942499876022339,7.70493427945445,0.6229513578922847,0.0816426862130902,1.8153124756113024,0.0563490433234759,0.0715771089976159,-0.01522806567414,3.995000084241232,3.917692349507259,3.9662645767361258,3.90991553341265,1.0087717115127093,0.8464908657458832,0.1622808457668261,0.286512122748766,25.21235573987329,0.0715001463890074,70.64815048660633,82.32732215688002,-11.67917167027369,3.987499952316284,3.8674999475479126,3.9274999499320975,3.767499923706055,3.124999999788197,32.34033951523151,21.326371143896637,13.334559018622327,38.54872613388228,3.639999985694885,3.595000028610229,72.0,4.0,68.0,3.919385113334311,4.071027231550293,0.0,0.0,57.447915293114505,0.2889795376666233,0.1699449633574018,0.1163575945791716,22.904596419034945,59.73438474148417,46.51165369593712,42.17059747075787,-53.48834630406288,0.0876470839276031,-0.4999995231628418,1.4411831366160837,1.8454490957346812,-0.4042659591185977,-14.656910156265226,-15.269759960038437,0.6128498037732104,3.9642264710872657,0.5050500185316276,0.503778918921638,5.013194172370472,-0.5050534759652265,3.716240644454956,0
2022-05-17,3.9700000286102295,4.010000228881836,3.950000047683716,3.990000009536743,3.716240644454956,6288875,-264272825.08094925,68998263,0.2261008709501821,18572.09666631293,1.137338390975499e-07,0.0054644655849884,40100.427642023744,3.98527336533244,66.6194459500255,1147.9385699597635,3.966500067710877,4.0764592068122285,3.856540928609524,5.544391136985979,0.606857611008606,0.0,0.0,3.982666730880737,4.0576667308807375,3.907666730880737,3.766320662407748,0.5488885243733723,0.0,0.0,3.819999933242798,4.09499979019165,3.957499861717224,6.933060689636113,0.6181824171841798,0.0794784357115932,1.8786953200343568,0.0540684649531248,0.0680753801887177,-0.0140069152355928,3.991666734218597,3.9292308092117314,3.9699161817823754,3.9158477168292496,0.9646013927438488,0.8495570796054066,0.1150443131384422,0.2725025342082872,25.267912350455155,0.0234999418258667,67.40742599984372,80.43475812079959,-13.027332120955862,3.987499952316284,3.897499918937683,3.942499935626984,3.767499923706055,1.5624999998940985,31.67725237909486,20.175300539580988,12.614838874755236,36.27950649762424,3.639999985694885,3.595000028610229,68.0,12.0,56.0,3.919385113334311,4.063386146865918,0.0,0.0,58.2829512903812,0.3236050847689372,0.2778133249470476,0.1913771412984788,21.89950831548694,61.53972066824719,51.16281906553083,49.52787609992033,-48.83718093446917,0.0857941543354705,-0.9925607491099534,1.380760153689157,1.7525113073255765,-0.3717511536364195,-12.909313314637224,-14.797670630958196,1.888357316320972,3.9643912397915546,0.2512560405862674,0.250940920325382,5.2770461661411305,-0.25125453612038484,3.809379816055298,1
2022-05-18,4.0,4.110000133514404,3.9700000286102295,4.090000152587891,3.809379816055298,7709320,-258766164.1869824,76707583,0.2511895440006447,126052.24040356424,0.1089590039508053,0.0086981782383607,209017.4943586147,3.993104871311511,67.5317986154501,1147.9385699597635,3.977500081062317,4.090615103313313,3.8643850588113207,5.687744560436832,0.9972817459910056,0.0,0.0,3.986333401997885,4.06933339436849,3.903333409627279,4.164227323736018,1.1244985549343227,1.0,0.0,3.819999933242798,4.110000133514404,3.965000033378601,7.29101682869489,0.931034596156202,0.0855306026308513,1.8786953200343568,0.0596427415735609,0.0663888524656863,-0.0067461108921253,4.000000079472859,3.942307738157419,3.988390638829377,3.928747897255816,0.9741375571767554,0.8318960742139125,0.1422414829628429,0.2640084312277029,25.31358543743548,0.0224999189376831,66.59772325275469,78.25680234201207,-11.659079089257377,3.995000123977661,3.920000076293945,3.9575001001358032,3.785000085830689,4.148532933195027,32.314945664467935,26.296413713913903,11.108261082699906,137.64978230976686,3.652500092983246,3.595000028610229,100.0,8.0,92.0,3.880000114440918,4.063386146865918,1.0,0.0,65.56107815581939,0.6253994091103343,0.4126613438486315,0.286806544051027,23.46375290898901,64.59164133758621,91.30435684002114,62.99294320049635,-8.695643159978854,0.0945000417092267,2.506269243411805,1.518110683946423,1.705631182649746,-0.187520498703323,-9.524167311029142,-13.742969966972389,4.218802655943245,3.967377857174776,2.506269243411796,2.475377407032897,7.915572394575587,-2.506273961007224,3.7907519340515137,2
2022-05-19,4.050000190734863,4.099999904632568,4.019999980926514,4.070000171661377,3.7907519340515137,7749044,-256828856.99903688,68958539,0.2950066891228617,85904.67288895289,0.020647545832874,0.0072507318239394,155323.7178902869,3.997629317899678,67.58859026717374,1147.9385699597635,3.986000084877014,4.100087822145616,3.871912347608412,5.724422219731181,0.8681381049156833,0.0,0.0,3.987166738510132,4.068666744232178,3.905666732788086,4.08811625231904,1.008180535801108,1.0,0.0,3.819999933242798,4.110000133514404,3.965000033378601,7.275468993888751,0.8620691923124038,0.0849775347383717,1.883235506328512,0.0617349228794967,0.0654580665484484,-0.0037231436689516,4.005833427111308,3.951538516924932,4.000945951572762,3.939211028693265,0.9618639555927416,0.8771183127407798,0.0847456428519618,0.2579926112729178,25.306298321156103,0.0339998960494996,63.483993500932016,75.62340987416704,-12.139416373235022,3.995000123977661,3.940000057220459,3.96750009059906,3.785000085830689,11.27628618963472,32.907089429457216,24.496082602815903,10.347756314446956,133.7471916816598,3.70250004529953,3.637500047683716,96.0,4.0,92.0,3.884600114822388,4.063386146865918,0.0,0.0,63.18672384346463,0.5472942182356535,0.4987662373716415,0.3964136353891069,23.92961258489496,65.06653234192174,82.6087136800423,75.0252965285314,-17.391286319957707,0.1106176663847531,1.7500042915344238,1.5671900395743916,1.6779429540346753,-0.1107529144602836,-6.758807162845788,-12.346137406147069,5.587330243301278,3.967805005205937,-0.488997070424535,-0.4901965730517155,7.387868407034248,0.48900038597552964,3.7907519340515137,3
2022-05-20,4.070000171661377,4.099999904632568,4.050000190734863,4.070000171661377,3.7907519340515137,6515196,-258131871.3453943,75473735,0.2566688031663738,73632.57676195963,0.0115115639444201,0.0101661723311041,-37892.59814590797,4.003978465134497,73.52806364179284,1147.9385699597635,3.993500089645386,4.108960100897465,3.8780400783933056,5.78239682785794,0.8312838842920751,0.0,0.0,3.992500066757202,4.072000026702881,3.913000106811523,3.982465052793368,0.9874222889994512,0.0,0.0,3.819999933242798,4.110000133514404,3.965000033378601,7.261805277619458,0.8620691923124038,0.081479752654305,1.8690334573623837,0.0626705643826719,0.0649005661152931,-0.0022300017326212,4.010000109672546,3.961538525728079,4.011569677740241,3.9488991133575695,1.01293091842735,0.8663791393624316,0.1465517790649184,0.2533592140589414,25.22842379430739,0.0765000820159911,60.24378867967163,72.6643892846851,-12.420600605013467,3.995000123977661,3.940000057220459,3.96750009059906,3.785000085830689,20.54742345323656,33.456937211232976,23.417011739035583,9.891929865562638,134.7355444352333,3.715000092983246,3.65500009059906,92.0,4.0,88.0,3.889108115196228,4.063386146865918,0.0,0.0,63.18672384346463,0.5472942182356535,0.573329281860547,0.4949189543602734,24.294545968805,60.73904789198299,82.6087136800423,85.50726140003523,-17.391286319957707,0.1270000170258911,1.2437858450770298,1.5870388830821764,1.6597621398441758,-0.0727232567619993,-6.066016067329192,-11.090113138383494,5.024097071054301,3.969394942281969,0.0,0.0,7.387868407034248,0.0,3.725554466247559,4
2022-05-23,4.070000171661377,4.074999809265137,3.9800000190734863,4.0,3.725554466247559,5887595,-261540475.8662472,69586140,0.2637607419220635,4237.542842727598,-0.0766442446863921,0.0048725255988193,-101261.09171745607,4.005970439157996,66.17583194626651,1128.195107167452,3.9985000848770142,4.10569623392162,3.8913039358324086,5.361818020214085,0.5069961240975253,0.0,0.0,3.99416671593984,4.077666648228963,3.910666783650716,4.1810939916901,0.5349298729965577,0.0,0.0,3.819999933242798,4.110000133514404,3.965000033378601,7.252724624626994,0.6206894567266467,0.0828317564080395,1.9492490975005767,0.0571053630986937,0.0633415255119732,-0.0062361624132795,4.004166762034099,3.9696154502721934,4.009789727318665,3.952684364219972,0.9579830265981004,0.8907561897179066,0.0672268368801939,0.2457964304773067,25.28547673122184,0.0315001249313353,56.42883228464748,69.40765149388886,-12.978819209241388,3.995000123977661,3.950000047683716,3.972500085830689,3.785000085830689,23.916832445171835,32.29788089911996,21.480837864547592,15.166454793184933,44.98627914153911,3.715000092983246,3.660000085830689,88.0,4.0,84.0,3.893525955562592,4.063386146865918,0.0,0.0,55.08834554951614,0.1985191636194022,0.4310358666969029,0.5010437953096972,22.02128671920005,60.16820753778676,52.17385895987312,72.46376210665257,-47.82614104012688,0.1267941159360548,-1.7199058650850827,1.4447235811595849,1.6167544281072577,-0.1720308469476728,-6.237419370979551,-10.119574384902704,3.882155013923154,3.9695806546375008,-1.7199058650850807,-1.7348680511854564,5.540898159911811,1.7199085811524526,3.688298940658569,0
2022-05-24,4.010000228881836,4.019999980926514,3.9600000381469727,3.9600000381469727,3.688298940658569,5337588,-266878063.8662472,64248552,0.1926140348714894,-26868.294190115845,-0.0421537243450102,-0.0009128345436525,-154636.9208142502,4.003433192213759,59.84447459639706,1116.9131668550842,4.0005000829696655,4.103159787092781,3.89784037884655,5.13234355675397,0.3027461448061311,0.0,0.0,3.9975000460942582,4.07899998029073,3.9160001118977865,4.077545128541069,0.2699384157974631,0.0,0.0,3.880000114440918,4.110000133514404,3.995000123977661,5.749281697370992,0.3478257263991541,0.0805485750451897,2.125276639445951,0.0489035091460632,0.0604539222387912,-0.011550413092728,3.9983334143956495,3.9750000696915846,4.002129775138405,3.953226265992342,0.9117644583889308,0.9621847965026586,-0.0504203381137278,0.2341118689558722,25.33541144306404,0.0095001459121704,52.43890316771965,65.75896298272231,-13.320059815002663,3.995000123977661,3.950000047683716,3.972500085830689,3.785000085830689,13.815931932121686,30.81413238384791,20.337129220147407,16.133717623394535,-26.415981262813325,3.715000092983246,3.660000085830689,84.0,4.0,80.0,3.897855439121628,4.063386146865918,0.0,0.0,51.061104871366496,0.0250768969715204,0.2569634262755253,0.4204428582776585,18.82500073522203,53.97897093515558,34.782572639915415,56.52171509327693,-65.21742736008459,0.1206323244992422,-1.7369768738723188,1.2370531271320346,1.5408141679122132,-0.3037610407801785,-7.014294606834636,-9.498518429289092,2.4842238224544566,3.96954077694139,-0.9999990463256836,-1.0050326220427452,4.485490184829133,0.9999994880363374,3.716240644454956,1
2022-05-25,3.9600000381469727,4.019999980926514,3.950000047683716,3.990000009536743,3.716240644454956,4612005,-266219206.00910437,68860557,0.2412431832458652,-3264.249584459507,-0.0075888758236015,-0.004771502840151,-18436.430936024877,3.998917796370586,59.29803407415997,1125.3746220893595,4.005500078201294,4.095049038660392,3.915951117742196,4.471299898179543,0.4134547816910152,0.0,0.0,4.000166710217794,4.079666646321615,3.920666774113973,3.974831143949608,0.4360584348912323,0.0,0.0,3.880000114440918,4.110000133514404,3.995000123977661,5.742104970243064,0.4782603737988369,0.0794937108649505,2.223465650666351,0.044313410357903,0.0572258198626136,-0.0129124095047105,3.996666729450226,3.981153919146611,4.000263657353534,3.955950246995631,0.8927036325381473,0.9999995906976212,-0.1072959581594737,0.2212436642222926,25.37763715271285,-0.0455000400543212,48.51386389869516,62.27021477349916,-13.756350874803992,4.005000114440918,3.965000033378601,3.98500007390976,3.805000066757202,6.907965966060843,29.23295968354004,19.061972681123034,16.017846129700754,-23.957092567514856,3.725000083446503,3.660000085830689,80.0,20.0,60.0,3.902098333009484,4.063386146865918,0.0,0.0,53.78966138362498,0.1934180601165214,0.1390047069024813,0.2756679999583032,17.0322447117515,54.29205987373395,47.826037379883694,44.92748965989074,-52.17396262011631,0.1015440765549158,-0.4987585586913972,1.1201710737276616,1.456685549075303,-0.3365144753476414,-8.534858885084393,-9.305786520448152,0.7709276353637584,3.969625935037521,0.7575750277974302,0.75471983924702,5.2770461661411305,-0.7575769818538021,3.688298940658569,2
2022-05-26,3.9800000190734863,3.990000009536743,3.940000057220459,3.9600000381469727,3.688298940658569,5940339,-267407273.80910435,62920218,0.1816355942688154,-28256.499650327853,-0.0168340239951335,-0.0032101775279496,-9724.762144891729,3.994800186159444,59.31492610860859,1125.3746220893595,4.003500080108642,4.0952116764679225,3.9117884837493615,4.581570851712899,0.2628432843363753,0.0,0.0,4.00483337243398,4.080333312352498,3.9293334325154623,3.770441009516059,0.2030902651353551,0.0,0.0,3.880000114440918,4.110000133514404,3.995000123977661,5.744973509960436,0.3478257263991541,0.0765443350100839,2.3656783292268964,0.0378190228733181,0.0533444604647545,-0.0155254375914363,3.996666729450226,3.9846154634769135,3.9940692543986778,3.95625023152536,0.9155552824042774,1.0044443361258342,-0.0888890537215567,0.206208619404606,25.39491493870633,-0.013500070571899,44.42590692931186,58.909843133353625,-14.48393620404176,4.025000095367432,3.965000033378601,3.995000064373016,3.820000052452088,3.4539829830304214,27.556980978308896,18.18488875780921,16.201073920351202,-68.62744765756626,3.7375000715255737,3.665000081062317,76.0,16.0,60.0,3.906256369019582,4.063386146865918,0.0,0.0,50.74289789802281,0.0175083831714999,0.0786677800865138,0.1582119710881736,14.598263216867654,52.46263434972608,34.782572639915415,39.13039421990484,-65.21742736008459,0.0750440948149742,0.0,0.9559310119455408,1.356534641649351,-0.4006036297038098,-7.909769016714634,-9.026583019701448,1.116814002986814,3.969380765970908,-0.7518789804026538,-0.75471983924702,4.485490184829133,0.7518809051851747,3.7069268226623535,3
2022-05-27,4.010000228881836,4.019999980926514,3.9800000190734863,3.9800000190734863,3.7069268226623535,5081297,-272488570.8091043,68001515,0.095875296690696,-9701.879260002284,0.0275519681237524,0.0003621040266604,-19001.06886551404,3.9943517266284014,64.9247858405174,1131.0583268267724,4.0010000705719,4.092411316679494,3.9095888244643056,4.569419869794113,0.3851342017934214,0.0,0.0,4.009833367665609,4.082333310445149,3.937333424886068,3.616107510310214,0.2942526059445317,0.0,0.0,3.880000114440918,4.110000133514404,3.995000123977661,5.74856323460675,0.4347821579989426,0.0748898957870296,2.440874619023629,0.0338952816088977,0.0494546246935831,-0.0155593430846854,3.995833396911621,3.9876923836194553,3.9919047566563406,3.958009475047443,0.9466664716931268,0.9422221346254144,0.0044443370677124,0.1909839608333126,25.384898394682743,-0.1009999752044676,40.71438768997167,55.5838694892831,-14.86948179931143,4.025000095367432,3.965000033378601,3.995000064373016,3.825000047683716,1.7269914915152107,26.53636104019525,19.9705016561696,15.291793850913448,-7.720781485715654,3.76500004529953,3.690000057220459,72.0,12.0,60.0,3.910331244309478,4.063386146865918,0.0,0.0,52.66772078446327,0.1451301502783196,0.1186855311887803,0.1121193393925919,13.163592254721024,44.367077548653256,43.478215799894265,42.02894193989778,-56.521784200105735,0.0503382051692291,-0.2506263268008833,0.8563719168077908,1.2565020966810387,-0.4001301798732479,-8.488296721614493,-8.918925760084058,0.430629038469565,3.969486824103078,0.5050500185316276,0.503778918921638,5.013194172370472,-0.5050534759652265,3.697612762451172,4
2022-05-30,4.03000020980835,4.03000020980835,3.954999923706055,3.9700000286102295,3.697612762451172,5156925,-275582719.2517601,62844590,0.067992195760619,-15682.925197106351,-0.0109076075172303,0.0060677599527303,12706.005869143431,3.996700726754479,64.81560368524447,1131.0583268267724,4.000000071525574,4.092304005213918,3.90769613783723,4.615196601891043,0.3374931505268402,0.0,0.0,4.010333371162415,4.08233335018158,3.9383333921432495,3.5907228828857023,0.2199072617684433,0.0,0.0,3.880000114440918,4.110000133514404,3.995000123977661,5.750000374019139,0.3913039421990484,0.0749009348185561,2.459875617179434,0.0296371342951586,0.0454911266138982,-0.0158539923187396,4.001666724681854,3.989615458708543,3.988534798495401,3.958897664200242,1.0137613525033635,0.9174310100488012,0.0963303424545621,0.1754213596660695,25.373073045953426,-0.0400000333786012,36.87183578673142,52.19102613227062,-15.319190345539203,4.025000095367432,3.965000033378601,3.995000064373016,3.825000047683716,0.8634957457576053,25.04933128247885,18.56766253135874,16.559131942540155,-23.857164324923108,3.7800000309944153,3.690000057220459,68.0,8.0,60.0,3.914324622093577,4.063386146865918,0.0,0.0,51.58235097798123,0.073166743336613,0.0786017589288108,0.0919850234013684,11.674685031927044,39.337535292563366,39.13039421990484,39.13039421990483,-60.86960578009516,0.0355441184604869,1.7948700392583574,0.7486208740166018,1.1549258521481516,-0.4063049781315497,-8.771833050426991,-8.889507218152644,0.1176741677256529,3.9694903394147936,-0.2512560405862674,-0.2515722182973468,4.749342178599791,0.2512609678248907,3.744182348251343,0
2022-05-31,4.019999980926514,4.019999980926514,3.9800000190734863,4.019999980926514,3.744182348251343,21792748,-253789971.25176013,84637338,0.2086086843287941,142219.82995116562,0.0013765911651534,0.0054262057567226,261510.50964013417,4.000475463635064,70.99596787900826,1131.0583268267724,4.0010000705719,4.093714769822772,3.908285371321028,4.634576236716723,0.6024643908038948,0.0,0.0,4.012666694323221,4.082666651407878,3.9426667372385658,3.488949490057886,0.5523806507082774,0.0,0.0,3.880000114440918,4.110000133514404,3.995000123977661,5.74856323460675,0.6086950211985197,0.0724108365683289,2.446271848767339,0.0299518340569733,0.0423832681025132,-0.0124314340455399,4.006666719913483,3.9942308389223538,3.993375595792495,3.9634237617355215,1.0285714155962609,0.9238095584099696,0.1047618571862911,0.1624588108793102,25.12607153223991,-0.0210000514984134,34.87269680299771,48.66602319340873,-13.793326390411025,4.019999980926514,3.965000033378601,3.992500007152557,3.825000047683716,0.4317478728788027,23.668517936027907,17.676207696660438,15.764108971627495,17.857036913054706,3.7925000190734863,3.695000052452088,64.0,4.0,60.0,3.9182381323219935,4.063386146865918,0.0,0.0,56.41840375778259,0.393812141896606,0.2040363451705128,0.1337745450960347,11.789451985698792,42.734635310979975,60.86950211985197,47.82603737988368,-39.13049788014803,0.0314411759376525,1.5151500555948771,0.755706072768204,1.0750818962721622,-0.3193758235039582,10.534199948998936,-5.004765784722329,15.538965733721264,3.97013917352415,1.259444633651241,1.2515795980575284,6.06860214745315,-1.2594500503968504,3.753496408462525,1
2022-06-01,4.010000228881836,4.079999923706055,3.974999904632568,4.03000020980835,3.753496408462525,4754702,-253563530.13716933,89392040,0.2107816324012704,128695.29828170242,0.0607291795005646,0.0116448909085642,286295.4828953472,4.007695399065748,77.26961296185424,1133.87196916524,4.001500082015991,4.094725709972326,3.908274454059657,4.659533977036256,0.6528556493376869,0.0,0.0,4.009833351771038,4.076333300272624,3.94333340326945,3.316843502846093,0.6516306289833553,0.0,0.0,3.880000114440918,4.110000133514404,3.995000123977661,5.747844917139431,0.6521742736008459,0.0756697548188446,2.211737583504765,0.0306548013132772,0.040037574744666,-0.0093827734313888,4.010833402474721,3.998461613288293,3.999010151794934,3.968355350481657,1.0622008073837232,0.8660287845484623,0.1961720228352609,0.1519673381065135,25.043366261879022,-0.0115000724792482,30.711774942706988,45.02466557582817,-14.312890633121183,4.019999980926514,3.995000123977661,4.007500052452087,3.825000047683716,0.2158739364394013,23.44029000900356,21.541740878524056,14.220101883716582,59.2120730854092,3.8049999475479126,3.697499990463257,60.0,44.0,16.0,3.922073372345842,4.063386146865918,0.0,0.0,57.336253018609696,0.4449503924152762,0.3039764258828317,0.1955381766607185,12.147671095520526,47.4851392812926,61.90480515528986,53.96823383168222,-38.09519484471014,0.0342793948510111,1.256286193347882,0.772481257495162,1.0145617685167625,-0.2420805110216002,6.235031790862278,-2.7568062696054074,8.991838060467686,3.972381621404468,0.2487619136637642,0.2484530133934237,6.33246043195157,-0.24876086004549336,3.828007459640503,2
2022-06-02,4.070000171661377,4.110000133514404,3.990000009536743,4.110000133514404,3.828007459640503,11996329,-241567201.13716933,101388369,0.269476416674253,247411.0277775637,0.0225070658888096,0.0124270678227455,249968.17423232636,4.018669459883795,78.63079906624647,1133.87196916524,4.003500080108642,4.103954136856575,3.903046023360709,5.018311714144232,1.030093342437133,1.0,0.0,4.010500025749207,4.0809999942779545,3.940000057220459,3.515769508844601,1.2056748381712006,1.0,0.0,3.880000114440918,4.110000133514404,3.995000123977661,5.744973509960436,1.0,0.0801027917347263,2.0904603888142685,0.0372379769656987,0.0394776551888726,-0.0022396782231738,4.020833412806193,4.0069231528502245,4.01608553359793,3.978847556632231,1.0547944787907575,0.8447487590256146,0.210045719765143,0.1472511803972659,25.066153735933263,0.0865000724792484,30.518580364741645,41.721864651947065,-11.20328428720542,4.025000095367432,3.995000123977661,4.010000109672546,3.825000047683716,7.214847107665942,23.66985969263643,21.91379230945088,12.690320247078542,136.0089732244223,3.8049999475479126,3.697499990463257,100.0,40.0,60.0,3.925831907569213,4.063386146865918,0.0,0.0,63.888344395976745,0.887116114749479,0.5752928830204537,0.3611018846912661,14.54454833206989,58.9955752817314,100.0,74.25810242504727,-0.0,0.0442205751643465,3.007521897013571,0.9358985594617164,0.9988291267057532,-0.0629305672440369,10.103529225053771,-0.1847391706735717,10.288268395727345,3.974903011412041,1.9851096660329803,1.9656632973183763,8.443276382116927,-1.9851104961759773,3.883890628814697,3
2022-06-03,4.119999885559082,4.179999828338623,4.090000152587891,4.170000076293945,3.883890628814697,7465074,-235760997.31358916,108853443,0.2902415835824381,276052.88278720307,0.1024767489676595,0.0144022360528935,347119.3615590081,4.029409785083826,79.21989104289544,1150.4248283037302,4.010500073432922,4.134189265612669,3.886810881253176,6.168267792792751,1.1447612764308293,1.0,0.0,4.017833352088928,4.0923333168029785,3.943333387374878,3.708464646763744,1.521253666287437,1.0,0.0,3.880000114440918,4.179999828338623,4.0299999713897705,7.48035677358585,0.9666674613960216,0.0810924801363269,2.0051802783726664,0.0467576914796028,0.0409336624470186,0.0058240290325841,4.027500073115031,4.013461617323069,4.039764694012701,3.9930070025330986,1.1085974422530545,0.8280543913915538,0.2805430508615006,0.1492683683354154,25.141858323989275,0.0595000982284545,31.093037818280084,38.90677637790625,-7.813738559626163,4.059999942779541,4.0299999713897705,4.044999957084656,3.859999895095825,31.96505153683117,24.73902161657954,26.37976912823812,11.675807313662244,223.5387035400701,3.8324999809265137,3.7200000286102295,100.0,36.0,64.0,3.929515272088117,4.063386146865918,0.0,0.0,67.87337777747042,1.0,0.7773555023882516,0.5522082704305123,17.942907528281868,62.83172662799537,95.8334326745027,85.91274594326417,-4.166567325497302,0.0618088105145622,1.955988281698128,1.1709894685869704,1.0332611950819968,0.1377282735049736,8.467882732984174,1.5457852100579774,6.9220975229261965,3.983925869050092,1.4598525749495828,1.449299311322072,10.026388344740944,-1.4598500594207735,3.874576568603516,4
2022-06-06,4.170000076293945,4.210000038146973,4.139999866485596,4.159999847412109,3.874576568603516,5915181,-238296086.39755315,102938262,0.2546677458528831,228166.30469224733,0.0473359005609539,0.0177833636834018,94793.66426863078,4.039997540064862,79.20122385982367,1147.6659526720998,4.018000054359436,4.157799925323384,3.878200183395488,6.958679396346374,1.007868112014541,1.0,0.0,4.033000016212464,4.105000019073486,3.96100001335144,3.570543147611532,1.3819432371744875,1.0,0.0,3.880000114440918,4.210000038146973,4.045000076293945,8.213039304168563,0.8484842354709129,0.0799832492888319,1.936203491424955,0.052885567025795,0.0433240433627739,0.0095615236630211,4.035000046094258,4.018461603384751,4.058262409920302,4.005376842894507,1.1434976811377895,0.7937220833644275,0.349775597773362,0.1548842294132005,25.205911338476085,0.052000117301941,32.17159846196909,36.65485363282286,-4.483255170853767,4.075000047683716,4.045000076293945,4.060000061988831,3.889999985694885,65.98252576841557,26.03916314185985,27.413891789126065,10.943040398880145,201.30832799780737,3.85999995470047,3.740000009536743,96.0,32.0,64.0,3.939534654338137,4.063386146865918,0.0,0.0,66.55509178412453,0.9230444212524648,0.9367201786673146,0.7631228546920067,20.2570368595979,60.919747048011125,81.48140953073923,92.43828073508064,-18.51859046926078,0.0877205519115222,2.2112941512234507,1.320364327756412,1.09068182161688,0.229682506139532,5.532564773163309,2.343141122679044,3.189423650484265,4.005234513553678,-0.2398136378626514,-0.2401016513230214,9.762530060242526,0.23981262865846986,3.865262746810913,0
2022-06-07,4.139999866485596,4.170000076293945,4.110000133514404,4.150000095367432,3.865262746810913,5817912,-236356782.39755315,97120350,0.2490606114532133,187260.02153367555,-0.0360952321385959,0.0074223468198731,-28170.42986526522,4.044541684563626,73.1172571127654,1144.9072085909002,4.027500057220459,4.175807189527683,3.879192924913236,7.364724032286002,0.9129944266375836,0.0,0.0,4.049333357810975,4.121333360671997,3.977333354949951,3.556141048359894,1.1990745385855617,1.0,0.0,3.880000114440918,4.210000038146973,4.045000076293945,8.193666518127896,0.8181819495419472,0.0779849186379028,1.9404419010262164,0.0562862235780707,0.0459164794058333,0.0103697441722374,4.041666706403096,4.024615452839778,4.072375899989091,4.0160896764110205,1.1062803868695092,0.9130435083073376,0.1932368785621716,0.1618402611065992,25.22856178742923,-0.0275000572204593,34.18327868732587,35.06256638711515,-0.8792876997892805,4.075000047683716,4.045000076293945,4.060000061988831,3.9075000286102295,82.99126288420779,26.529551553178077,25.912726679736803,13.081749815734756,141.66180441165582,3.8762499690055847,3.740000009536743,92.0,28.000000000000004,64.0,3.9557625773666674,4.063386146865918,0.0,0.0,65.19155920866956,0.8434475515179005,0.922163990923455,0.8787465573263405,21.743740680751703,61.70642079850433,77.77779740070748,85.03087986864979,-22.222202599292515,0.1074852761100322,1.9656000081542664,1.4015180962884022,1.1528490765511843,0.2486690197372179,3.0055875767925784,2.475630413501751,0.5299571632908275,4.032448766713539,-0.2403786637371729,-0.2406680370679037,9.498684357199604,0.24038295869733872,3.911831855773926,1
2022-06-08,4.199999809265137,4.244999885559082,4.164999961853027,4.199999809265137,3.911831855773926,10178565,-237629133.35706964,107298915,0.2006054185667743,233212.209584464,0.0510875604277987,0.0095966335766534,108647.5895984501,4.058356925312094,73.8202209676986,1144.9072085909002,4.038000047206879,4.202996982057717,3.87300311235604,8.17221064496857,0.990917489481579,0.0,0.0,4.071000011761983,4.1440000136693325,3.998000009854634,3.586342505351836,1.3835602337851898,1.0,0.0,3.880000114440918,4.244999885559082,4.0625,9.03912250745608,0.8767120424320016,0.0796864057932776,1.9360358737587544,0.0622976983549925,0.0491927231956651,0.0131049751593273,4.058333357175191,4.03230775319613,4.092010347570022,4.029712649215029,1.09523830067829,0.819047660135658,0.276190640542632,0.1715210700092081,25.277825430455007,-0.078000009059906,35.518775061461184,34.07288506846507,1.4458899929961149,4.099999904632568,4.0625,4.081249952316284,3.932499885559082,91.4956314421039,27.746846861996524,30.44176443600028,11.96459758465231,174.19507363346003,3.879999935626984,3.740000009536743,100.0,24.0,76.0,3.9710168250134856,4.063386146865918,0.0,0.0,68.65003157754785,1.0,0.922163990923455,0.9270160535047416,24.11140552149457,63.45568745179919,85.2458683209538,81.50169175080016,-14.7541316790462,0.1344558708807994,4.999995231628418,1.5459588258018315,1.231471026401314,0.3144877994005177,5.523123366582079,3.0851290041178165,2.437994362464263,4.066032333809906,1.2048123553905166,1.1976122653548191,10.817938035325202,-1.2048109537038698,3.8932044506073,2
2022-06-09,4.159999847412109,4.199999809265137,4.114999771118164,4.179999828338623,3.8932044506073,7163876,-233836488.3937468,100135039,0.2520609956953566,179427.98202098213,-0.0563593390046206,0.0047487119374362,88518.94446750861,4.0645791539918585,67.16440952744021,1139.4552744541572,4.052000033855438,4.215291124341991,3.8887089433688855,8.059777350553606,0.8919374722215053,0.0,0.0,4.091166655222574,4.167666665712993,4.0146666447321575,3.739765056637898,1.0806088949960018,1.0,0.0,3.900000095367432,4.244999885559082,4.072499990463257,8.514308670017114,0.8115939224648485,0.0802177690286471,1.935807832212112,0.0647021579113777,0.0522946101388076,0.01240754777257,4.076666673024495,4.038461593481211,4.105547190765192,4.040845032853814,1.0184329498564872,0.8663596302906422,0.152073319565845,0.1812506391551988,25.27306551692376,-0.0620000243186948,37.98873917373167,33.7700352333273,4.218703940404375,4.099999904632568,4.0625,4.081249952316284,3.932499885559082,95.74781572105196,27.82656434681828,28.12727434840836,15.52730143887533,118.24133957993322,3.8850000500679016,3.745000123977661,96.0,20.0,76.0,3.992935469857133,4.063386146865918,0.0,0.0,65.8323877547819,0.8426524382298196,0.89536666324924,0.9132315483653834,25.25071750865137,63.44577373493917,78.68849383472659,80.57071985212927,-21.31150616527341,0.1486028804498556,5.555550203847883,1.601203643924014,1.305417549905854,0.29578609401816,4.314643172521119,3.3310318377984776,0.9836113347226418,4.092126001406217,-0.4761900436850985,-0.4773274406909999,10.290234047783864,0.47618113082063473,3.8373210430145264,3
2022-06-10,4.190000057220459,4.190000057220459,4.105000019073486,4.119999885559082,3.8373210430145264,7082261,-238419151.23515648,93052778,0.1898049348757747,93090.37676801688,-0.0120015247285842,0.0093660490772796,-135772.82028282795,4.071916747695132,66.30378286569015,1123.0994720439287,4.060000026226044,4.220124905132604,3.899875147319484,7.887925018335692,0.6873533324201632,0.0,0.0,4.105666653315226,4.186666671435039,4.024666635195414,3.945766909956352,0.5884767224536556,0.0,0.0,3.940000057220459,4.244999885559082,4.0924999713897705,7.512310994296579,0.5901637037604494,0.0806959959404796,1.9132782435760816,0.0610623269955175,0.0540481535101496,0.0070141734853678,4.087499996026357,4.040384659400353,4.107770682271944,4.046708355276427,1.0744187686687323,0.851162684447299,0.2232560842214335,0.1872578702364401,25.29034840913423,-0.0999999880790714,38.05724323792548,33.90174717234886,4.155496065576621,4.109999895095825,4.0625,4.086249947547913,3.942499995231629,97.87390786052596,27.701872243783875,25.99855051241856,15.24251881256013,82.19643743509872,3.912499904632568,3.767499923706055,92.0,16.0,76.0,4.0131006231132895,4.063386146865918,0.0,0.0,58.124889575018784,0.4122374808334915,0.7516299730211036,0.8563868757312663,23.881856899378477,60.71624349654432,59.01637037604494,74.31691084390843,-40.98362962395506,0.1442646559546974,3.258142248411484,1.508938169855989,1.346121673895881,0.1628164959601079,3.22968520293682,3.3107625108261463,-0.0810773078893261,4.094612719715983,-1.43540538860234,-1.4458069884836222,8.707122085159845,1.4354090133657422,3.744182348251343,4
2022-06-14,3.9800000190734863,4.070000171661377,3.924999952316284,4.019999980926514,3.744182348251343,12054035,-234678262.9579254,80998743,0.2051200833086524,-92408.58426136283,-0.1804377492241335,-0.0005113812712291,-394232.5501842237,4.069169166285883,62.47391810634031,1123.0994720439287,4.062000024318695,4.219047715709779,3.904952332927611,7.7325303028487875,0.3662825189591871,0.0,0.0,4.107666651407878,4.195666662851969,4.019666639963786,4.284671513640478,0.0018939824964655,0.0,0.0,3.924999952316284,4.244999885559082,4.084999918937683,7.877890973092014,0.2968751513399499,0.0921263896707114,2.0617850490937184,0.0495375402731381,0.0531460308627473,-0.0036084905896091,4.092499991257985,4.04000003521259,4.094267497449571,4.044729957176433,0.9504132622228456,0.8801654822253009,0.0702477799975448,0.1852292627280155,25.4733503712734,-0.0820000052452085,36.91991092926299,34.12921540860056,2.790695520662432,4.084999918937683,4.0625,4.0737499594688416,3.942499995231629,91.00816721835557,26.517240929076213,21.903134934021725,27.382202582888286,-56.04565861055583,3.912499904632568,3.767499923706055,88.0,12.0,76.0,4.0131006231132895,4.244999885559082,0.0,1.0,48.031569712775074,0.0,0.4182966396877703,0.6884310919860379,19.146484542967848,54.97198881201355,29.687515133995,55.79745978158883,-70.31248486600501,0.1055293798446657,1.5151500555948771,1.2247428332080694,1.3218459057583187,-0.0971030725502493,7.31223127646734,4.111056263954385,3.201175012512955,4.093324032749599,-2.4271822186955783,-2.457123769823144,6.06860214745315,2.4271801530063044,3.697612762451172,1
2022-06-15,3.990000009536743,4.03000020980835,3.9600000381469727,3.9700000286102295,3.697612762451172,8225062,-240553315.2477327,72773681,0.1516252861920355,-137957.74476666545,-0.0021275959977524,-0.000121289855097,-394875.0632473147,4.066656312519177,56.7970812885434,1109.1305863934124,4.061000025272369,4.22010997717749,3.901890073367248,7.83599856759171,0.2140342399311267,0.0,0.0,4.105666661262513,4.196666693687439,4.014666628837586,4.4328992065295205,-0.2454207929222736,0.0,1.0,3.924999952316284,4.244999885559082,4.084999918937683,7.879830860659393,0.140625267755296,0.089913767869778,2.442540130106547,0.0359550184081722,0.0497078283718323,-0.01375280996366,4.09166665871938,4.038461565971375,4.075149425320442,4.039194406912269,0.9876034165184268,0.913223324508562,0.0743800920098646,0.1751203883948231,25.54799344891349,-0.0909999966621395,34.47411096363504,34.547252744259225,-0.0731417806241836,4.084999918937683,4.0625,4.0737499594688416,3.942499995231629,72.93091991642692,25.417226136847667,20.64585757429443,25.81041738087792,-75.42256434516214,3.9274999499320975,3.767499923706055,84.0,8.0,76.0,4.0131006231132895,4.238599886894226,0.0,0.0,43.92448845168058,0.0,0.1374124936111637,0.4357797021066793,13.812638216851278,48.8570648911466,14.062526775529609,34.25547076185651,-85.9374732244704,0.0741764412206764,-0.25125604058627,0.8901532034863806,1.2355073653039312,-0.3453541618175506,6.595319398818372,4.607908890927183,1.9874105078911888,4.091194020645029,-1.243779914266574,-1.2515795980575284,4.749342178599791,1.243785197105069,3.632415771484375,2
2022-06-16,4.019999980926514,4.019999980926514,3.890000104904175,3.900000095367432,3.632415771484375,7055137,-246523046.55542496,65718544,0.0785919192322236,-188800.79823125468,-0.0737052388774973,-0.0041835194895515,-226699.43117251215,4.064123129885595,56.30335990923663,1089.5741464826897,4.051500022411346,4.2246212821884965,3.878378762634196,8.546032769073657,0.0624456313484194,0.0,0.0,4.096499999364217,4.19000001748403,4.002999981244405,4.564873337450203,-0.5508014220114213,0.0,1.0,3.890000104904175,4.244999885559082,4.067499995231628,8.762181381986533,0.0281690046253245,0.0939223786850341,2.98138952801462,0.0193196573902332,0.0436301941755125,-0.0243105367852793,4.085833330949147,4.0361538758644695,4.04820337455844,4.028883717168207,0.9418606112535052,0.9031011419695816,0.0387594692839237,0.1563061399203501,25.642748864666967,-0.0315000414848327,30.268295604626484,34.519443326468654,-4.25114772184217,4.067499995231628,4.0625,4.064999997615814,3.942499995231629,47.68443752914966,25.14137256849769,18.519735868061023,28.69755285754991,-111.7773819371387,3.932499945163727,3.767499923706055,80.0,4.0,76.0,4.0131006231132895,4.232327888202668,0.0,0.0,38.90842638838134,0.0,0.0,0.1852363777663114,7.511513512080047,44.38773287723034,2.8169004625324545,15.52231412401901,-97.18309953746756,0.0242499926510975,-1.7632224871117232,0.4795287912606345,1.084311650495272,-0.6047828592346374,4.825253120548272,4.651377736851401,0.1738753836968705,4.082107234123539,-1.7632224871117264,-1.7789524316917935,2.9023782222051158,1.763218464325547,3.623101949691773,3
2022-06-17,3.839999914169312,3.900000095367432,3.7899999618530273,3.890000104904175,3.623101949691773,18528894,-231363035.07174373,47189650,0.1528921211099532,-188299.07895460477,-0.0653034998211389,-0.0108160529141866,-171907.7002251046,4.038426338381444,47.16804221921887,1089.5741464826897,4.042500019073486,4.2290341015169135,3.855965936630059,9.228649675364975,0.0912277473057441,0.0,0.0,4.07549999554952,4.168000014623006,3.982999976476033,4.539321269758183,-0.5027019048394702,0.0,1.0,3.7899999618530273,4.244999885559082,4.017499923706055,11.255409315009418,0.2197805710309326,0.0955301541679711,3.5019032927134663,0.0052683678105589,0.0359578289025218,-0.0306894610919628,4.075000007947286,4.032307725686294,4.0238644099962455,4.018596042185687,0.8544776783299599,1.0335823205882602,-0.1791046422583002,0.131725070307808,25.70713562934992,-0.0124998092651367,24.35342470667177,33.77059742517884,-9.417172718507068,4.017499923706055,4.017499923706055,4.017499923706055,3.942499995231629,23.84221876457483,25.74265956393024,16.930929562424627,34.03467623499038,-159.26893126469528,3.932499945163727,3.767499923706055,76.0,100.0,-24.0,4.0131006231132895,4.218634776870728,0.0,0.0,38.23665314222455,0.0,0.0,0.0458041645370546,2.396614270782676,48.740312660404655,21.97805710309326,12.952494780385097,-78.02194289690674,-0.0333970196106858,-3.2338277770930985,0.1310997113233984,0.8936692626608973,-0.7625695513374988,13.713555491765677,6.463813287834256,7.249742203931419,4.056430689324033,-0.256410005608354,-0.2567392990779238,2.638526228434434,0.2564084724474185,3.604474067687988,4
2022-06-20,3.819999933242798,3.950000047683716,3.819999933242798,3.869999885559082,3.604474067687988,6567753,-232878679.6449565,40621897,0.1515677021878038,-180164.42490457423,0.0791747134602333,-0.0043816014157964,-81277.67517850208,4.032742801575127,51.43414758829275,1083.9721615637372,4.032500004768371,4.23298683800843,3.832013171528313,9.943550303929868,0.0947361814660536,0.0,0.0,4.048833322525025,4.145333385467529,3.95233325958252,4.766808374434305,-0.426597514617643,0.0,1.0,3.7899999618530273,4.244999885559082,4.017499923706055,11.28332109530128,0.175824037627174,0.0989771501952658,4.007251973240508,-0.0073959747743845,0.0272870681671405,-0.0346830429415251,4.061666647593181,4.031153871462895,4.00019294469822,4.007588919472605,0.8996416713980077,1.0035846532949448,-0.1039429818969371,0.1031390099469256,25.82639686071659,0.077500128746033,16.862962885242577,32.06963791665368,-15.206675031411104,4.017499923706055,4.017499923706055,4.017499923706055,3.942499995231629,11.921109382287415,25.574759115561225,19.0503711282444,30.68434164131995,-127.24765488263368,3.9274999499320975,3.767499923706055,72.0,100.0,-28.0,4.0131006231132895,4.1929166879696655,0.0,0.0,36.86570375349743,0.0,0.0,0.0,-2.1674665409968994,47.61523056804397,17.582403762717405,14.125787109447698,-82.4175962372826,-0.0828087932923264,-3.9702311642528807,-0.1845492370349673,0.6780255627217244,-0.8625747997566917,9.911112748879011,7.153273180043208,2.757839568835805,4.006767402625697,-0.5141444423067854,-0.5154707127615454,2.1108159501653567,0.5141418116972858,3.548590421676636,0
2022-06-21,3.869999885559082,3.930000066757202,3.7799999713897705,3.809999942779541,3.548590421676636,9159896,-238374623.06865785,31462001,0.1363615024533031,-232939.9693277132,-0.0491271797134574,-0.0079890136214114,-175781.49727133528,4.022926571749953,39.10423167478569,1083.9721615637372,4.023000001907349,4.245539831017122,3.800460172797576,11.06337703227763,0.0214338485387704,0.0,0.0,4.015833330154419,4.1203333854675295,3.9113332748413088,5.204402011828118,-0.4848482221284274,0.0,1.0,3.7799999713897705,4.244999885559082,4.012499928474426,11.558536265196368,0.0645160794133978,0.1040794447124824,4.691239394285804,-0.0220202161122453,0.0174256113112633,-0.0394458274235087,4.036666631698608,4.025384637025686,3.970932482864577,3.9929526989768234,0.8695652728616686,1.0167226299082128,-0.1471573570465442,0.0699939855967714,25.982819772115903,0.1470000743865966,8.986726531458467,29.27002101044619,-20.28329447898772,4.012499928474426,4.012499928474426,4.012499928474426,3.942499995231629,5.960554691143708,25.755646045495546,16.97409261575705,30.24645514724729,-141.36966578799343,3.9274999499320975,3.767499923706055,68.0,100.0,-32.0,4.0131006231132895,4.168741684402668,0.0,0.0,33.03864966253936,0.0,0.0,0.0,-7.36761968374058,41.548241143785546,6.451607941339789,15.33735626905014,-93.5483920586602,-0.1074117450153129,-7.299274476624829,-0.5514770089284541,0.4321250483916888,-0.9836020573201428,9.02637501696272,7.527893547427111,1.4984814695356077,3.950898131556349,-1.5503861641813277,-1.562530335027712,0.5277039875413392,1.5503966726329281,3.4927074909210205,1
2022-06-22,3.809999942779541,3.839999914169312,3.7300000190734863,3.75,3.4927074909210205,10327112,-244946421.6141124,21134889,0.1254131770383275,-288180.8492920272,-0.074561004339179,-0.0176525981813931,-304645.292621588,4.002514586348817,33.83423920957718,1083.9721615637372,4.0125,4.2638861103989445,3.761113889601056,12.530148804931803,-0.0221052181113315,0.0,1.0,3.978833317756653,4.088333368301392,3.869333267211914,5.504128562313192,-0.5449005120009406,0.0,1.0,3.7300000190734863,4.244999885559082,3.987499952316284,12.8348876382703,0.0388349244884184,0.1046714897508167,5.482126458052793,-0.0380133326401366,0.0063378225209833,-0.0443511551611199,4.001666625340779,4.016538482445937,3.9369428701161806,3.974956202756317,0.8400001525878911,1.1166669527689612,-0.2766668001810701,0.0321723240396636,26.132347304595218,0.1474998474121092,-0.3695514268161303,25.282429178415374,-25.651980605231504,3.964999914169312,3.987499952316284,3.976249933242798,3.942499995231629,2.980277345571854,26.31653005725519,15.628867129179088,31.451721970439067,-168.5334837315129,3.9274999499320975,3.767499923706055,64.0,100.0,-36.0,4.0131006231132895,4.137642347361636,0.0,0.0,29.71646409413961,0.0,0.0,0.0,-12.923806115590953,40.584923068859375,3.883492448841841,9.305834717633005,-96.11650755115816,-0.1425000078537888,-10.071944091358796,-0.9563207920071518,0.1544358803119207,-1.1107566723190725,9.22957581229408,7.868230000400505,1.3613458118935764,3.890955150367824,-1.5748016714081323,-1.587333413779679,-1.0554079750826784,1.5747923573893985,3.548590421676636,2
2022-06-23,3.7799999713897705,3.819999933242798,3.759999990463257,3.809999942779541,3.548590421676636,5116233,-241535599.6141124,26251122,0.1407441016808982,-203158.77264362335,0.0058636779793975,-0.018841411603494,-80771.88245170971,3.987076239488828,29.790529708511144,1101.3156996086543,4.00349999666214,4.269903789769281,3.737096203554999,13.30854468985895,0.1368293941581042,0.0,0.0,3.9381666580835977,4.045666710535686,3.830666605631511,5.459395794305947,-0.0961239663635565,0.0,1.0,3.7300000190734863,4.244999885559082,3.987499952316284,12.863740899587096,0.1553396979536736,0.1012043341000148,6.017690501581465,-0.0453240315483483,-0.0039945482928829,-0.0413294832554653,3.972499966621399,4.009615402955276,3.9174131889874673,3.962737220535816,0.8379310855117122,1.1482763156596631,-0.3103452301479509,-0.0043030346195396,26.02723705558088,0.1465000987052915,-8.69198405214702,20.095682153317743,-28.787666205464767,3.9600000381469727,3.987499952316284,3.973749995231629,3.972499966621399,1.490138672785927,26.837350925317715,14.823754267278677,29.831503071780716,-134.4651555333586,3.942499935626984,3.767499923706055,60.0,96.0,-36.0,4.0131006231132895,4.096878114532821,0.0,0.0,36.58377440361198,0.176385334130989,0.0587951113769962,0.0195983704589988,-15.371365876687545,40.53319130969,15.533969795367364,8.623023395182988,-84.46603020463263,-0.1679264966179343,-8.413459554579058,-1.1437556675085276,-0.1052024292521689,-1.0385532382563587,4.7121826407954766,7.2370205284794995,-2.524837887684023,3.868643209759029,1.5999984741210893,1.587333413779679,0.5277039875413392,-1.5999888596705745,3.483393669128418,3
2022-06-24,3.7899999618530273,3.829999923706055,3.734999895095825,3.740000009536743,3.483393669128418,7695289,-248420839.8968893,18555833,0.1071866710668783,-251088.9074493967,-0.0092589790653282,-0.0268225350344217,-59523.47982448712,3.96329667748246,23.451249283006263,1101.3156996086543,3.992499995231628,4.28231887008425,3.702681120379006,14.51816531991294,0.0643831240748458,0.0,0.0,3.8985000054041543,4.007000056902568,3.789999953905742,5.566246061203469,-0.2304143808158932,0.0,1.0,3.7300000190734863,4.244999885559082,3.987499952316284,12.899182644976248,0.0194174622442092,0.1005839035510363,6.691844399771773,-0.0561193141818621,-0.0144195014706788,-0.0416998127111833,3.938333292802175,3.99615385899177,3.890118853687356,3.9462381678692178,0.7525772553944453,1.1890036447724146,-0.4364263893779693,-0.0417352803313638,25.94726967161391,0.2074998140335084,-18.991622484911478,13.756919295224748,-32.74854178013622,3.900000095367432,3.987499952316284,3.943750023841858,3.987499952316284,0.7450693363929635,27.522444180961354,13.785813748731462,29.58534372781348,-133.8257481645669,3.9575001001358032,3.785000085830689,56.00000000000001,100.0,-43.99999999999999,4.0131006231132895,4.060190304986888,0.0,0.0,32.583725662672904,0.0736449740896514,0.0833434360735467,0.0473795158168477,-18.812970550785955,37.76736361411098,1.9417462244209205,7.119736156210032,-98.05825377557908,-0.1735882794155792,-9.879519913466122,-1.4220964826399185,-0.3685812399297188,-1.0535152427101997,3.377185466039468,6.465053515991493,-3.087868049952025,3.831458787712645,-1.8372686166428176,-1.8543560143744475,-1.319259968853348,1.8372577502876197,3.539276599884033,4
2022-06-27,3.7799999713897705,3.839999914169312,3.7799999713897705,3.799999952316284,3.539276599884033,6100766,-250454428.563556,24656599,0.1236804852300235,-162926.83339785872,0.027045791121173,-0.0282718285658346,-43509.97200884448,3.9453054307840016,23.220046217148493,1118.9838490178076,3.983499991893768,4.285246546810646,3.68175343697689,15.149820787293493,0.1959368108974227,0.0,0.0,3.8653333346049,3.9713333765665686,3.7593332926432295,5.484652048644312,0.1918237904460457,0.0,0.0,3.7300000190734863,4.244999885559082,3.987499952316284,12.928326033226956,0.1359222357094644,0.1005255036591896,7.1592912718762864,-0.0591513001353134,-0.0233658612036057,-0.0357854389317077,3.9049999713897705,3.985769235170805,3.876254407322576,3.935405707457889,0.7272728878239707,1.1717175820147925,-0.4444446941908215,-0.0752338196093541,25.88913523234299,0.1964998364448549,-27.487385902533013,6.600552980580747,-34.08793888311376,3.880000114440918,3.987499952316284,3.933750033378601,3.987499952316284,0.3725346681964817,27.98346629755897,13.507418166622347,27.409740400322097,-97.49673188040305,3.96750009059906,3.785000085830689,52.0,96.0,-44.0,4.0131006231132895,4.027171276395547,0.0,0.0,38.76417744617694,0.2323885001263514,0.1608062694489972,0.1009816056331801,-19.57835613272324,42.82597308533299,13.592223570946445,10.355979863578233,-86.40777642905356,-0.1830735795638141,-9.523806550335047,-1.5030546920033503,-0.5954759303444452,-0.907578761658905,0.7544859760273833,5.322940007998671,-4.568454031971288,3.826206552455142,1.604276540816718,1.5915440207622034,0.2638519937706807,-1.6042668748834785,3.520648956298828,0
2022-06-28,3.799999952316284,3.829999923706055,3.759999990463257,3.7799999713897705,3.520648956298828,7103865,-253498942.13498455,17552734,0.1226190589096329,-159948.30927024008,-0.0147806580964713,-0.0267493589913971,60484.42977776421,3.926872922295254,23.083858659272025,1118.9838490178076,3.9739999890327455,4.288540900607155,3.6594590774583353,15.829940233641915,0.1916140150546349,0.0,0.0,3.843833327293396,3.942333340644837,3.745333313941956,5.125092841671073,0.1759728565930594,0.0,0.0,3.7300000190734863,4.244999885559082,3.987499952316284,12.95923170374604,0.097087311221046,0.0974729466175504,7.6408031633909,-0.0624481388891604,-0.0311823167407166,-0.0312658221484437,3.871666649977366,3.974615381314204,3.8614460325636815,3.923894171452843,0.7357859457100923,1.1505020984026109,-0.4147161526925186,-0.1055257835937577,25.770158655779603,0.1459998965263365,-34.99235355585411,-1.1179430771402703,-33.87441047871384,3.875,3.987499952316284,3.931249976158142,3.987499952316284,0.1862673340982408,28.58730498644368,12.797960348881372,27.470756409792003,-93.101945779436,3.96750009059906,3.785000085830689,48.0,92.0,-44.0,4.0131006231132895,3.997454150663341,0.0,0.0,37.529119653878375,0.2006663161054576,0.1688999301071534,0.1376832118765658,-20.580092330485307,37.02305755952956,9.708731122104602,8.414233639157311,-90.2912688778954,-0.1908088831340566,-9.569374961142904,-1.5914837699620907,-0.7946774982679744,-0.7968062716941163,-0.382920455126804,4.181767915373576,-4.56468837050038,3.820030711154366,-0.5263152941442195,-0.5277052121341219,-0.2638519937706696,0.5263121731094884,3.632415771484375,1
2022-06-29,3.7899999618530273,3.910000085830689,3.7799999713897705,3.900000095367432,3.632415771484375,7250177,-247364174.9354871,24802911,0.0388129338209806,-12809.67382306431,0.0896531908169785,-0.0239946711064557,192775.86077171896,3.89945408083629,20.64380991421181,1118.9838490178076,3.9679999947547913,4.283379103654491,3.6526208858550913,15.896124461521795,0.3921933992004125,0.0,0.0,3.831499989827474,3.935999997456869,3.72699998219808,5.454783134899612,0.8277516772194453,0.0,0.0,3.7300000190734863,4.244999885559082,3.987499952316284,12.978827297539372,0.3300973211003746,0.1007256633998872,7.8477335556902466,-0.0547468130497783,-0.035895216002529,-0.0188515970472493,3.853333334128062,3.9707692311360288,3.8673774268411822,3.9221242398909606,0.7287582320625889,1.1535948374437413,-0.4248366053811523,-0.1263473984845954,25.78793108693688,0.0519999861717224,-39.2108969405667,-8.837853359939512,-30.373043580627183,3.840000033378601,3.987499952316284,3.913749992847442,3.987499952316284,0.0931336670491204,27.799944788978586,17.43130668849533,24.85934821029055,-51.18538092085015,3.972500085830689,3.785000085830689,44.0,88.0,-44.0,4.0131006231132895,3.970708737504356,0.0,0.0,48.194357966800105,0.5116273377440149,0.3148940513252746,0.2148667502938085,-17.720408989488366,43.85241477308129,36.1702451451362,19.82373327939574,-63.8297548548638,-0.1758676935644709,-5.3398008811302695,-1.395845967676444,-0.9149111921496684,-0.4809347755267756,-1.13915275836954,3.117583780624953,-4.256736538994493,3.821624043827808,3.174606478463593,3.1252575526135478,2.9023782222051158,-3.174608334227244,3.539276599884033,2
2022-06-30,3.869999885559082,3.880000114440918,3.799999952316284,3.799999952316284,3.539276599884033,7169631,-254533805.9354871,17633280,-0.0057763778765135,-113403.16693747576,-0.0055790936681774,-0.0203675107252812,46327.6379492858,3.879157074676199,20.750825091960397,1090.2919151107749,3.956499981880188,4.27869709338871,3.6343028703716658,16.286976518847823,0.2571362002111487,0.0,0.0,3.82049998442332,3.920000020662944,3.720999948183696,5.208744229566749,0.3969848008011473,0.0,0.0,3.7300000190734863,4.244999885559082,3.987499952316284,13.016551721070908,0.1359222357094644,0.1006531113650133,8.116633128792087,-0.0560663348372507,-0.0399294397694733,-0.0161368950677774,3.834999998410543,3.964615381681002,3.85701166152966,3.9130779963669102,0.7637542415736798,1.1294498426823485,-0.3656956011086685,-0.1445815479391406,25.789585566063288,0.0135000467300416,-44.93277461365385,-16.536319951086803,-28.396454662567045,3.840000033378601,3.987499952316284,3.913749992847442,3.987499952316284,0.0465668335245602,27.06882460561814,16.158814266775,23.044605760295127,-62.69566914103339,3.972500085830689,3.785000085830689,40.0,84.0,-44.0,4.0131006231132895,3.946637865661269,0.0,0.0,41.79136398311631,0.4250464319856072,0.3791133619450266,0.2876357811258183,-17.58382571177566,41.59410657368853,15.217375529962991,20.36545059906792,-84.782624470037,-0.1633676781373867,-5.4726375535833895,-1.4327936956356466,-1.018487692846864,-0.4143060027887826,-1.8106611665860384,2.131934791182754,-3.942595957768793,3.821011286801362,-2.5641061693801426,-2.5975523404794254,0.2638519937706807,2.5641109790215637,3.56721830368042,3
2022-07-01,3.900000095367432,3.900000095367432,3.829999923706055,3.829999923706055,3.56721830368042,3275227,-257809032.9354871,20908507,-0.1019882783618716,-83166.04076140704,0.0534314910874974,-0.0156937238812754,-157979.9198643797,3.8625511088937783,24.351955303752742,1098.8994747608438,3.9424999713897706,4.261114112825417,3.623885829954125,16.163051046178264,0.3234540890482754,0.0,0.0,3.819833310445149,3.915333350499471,3.724333270390829,5.0002202867429375,0.5532283193552716,0.0,0.0,3.7300000190734863,4.244999885559082,3.987499952316284,13.062774133744714,0.1941746224420929,0.1005878145336268,8.198548326135397,-0.0540680555019017,-0.042757162915959,-0.0113108925859427,3.8233333230018616,3.958461532225976,3.852856009556797,3.906924065058699,0.7724359464206353,1.0897437856825392,-0.3173078392619038,-0.1585767591185958,25.805563595292124,-0.0424998760223385,-49.36233991974841,-23.894686929419137,-25.46765299032927,3.830000042915344,3.987499952316284,3.908749997615814,3.987499952316284,0.0232834167622801,26.06612164569886,16.438778836988327,21.36498033050204,-45.67094753560545,3.98500007390976,3.805000066757202,36.0,80.0,-44.0,4.0131006231132895,3.92497408100249,0.0,0.0,44.18703348250505,0.7831287206263151,0.5732674967853124,0.4224249700185379,-16.64796211226979,43.02707436840474,29.41172345701188,26.93311471070368,-70.58827654298813,-0.1448088330381058,-3.526450979729185,-1.3839034135691453,-1.0915708369913202,-0.2923325765778251,-6.503247982433605,0.4048982364594826,-6.908146218893087,3.82115113120305,0.7894729412163404,0.7863729088470439,1.0554079750827006,-0.7894749960289147,3.539276599884033,4
2022-07-04,3.869999885559082,3.890000104904175,3.799999952316284,3.799999952316284,3.539276599884033,3633291,-261442323.9354871,17275216,-0.1652380625922903,-86856.41008845066,-0.0495418983819675,-0.0063440202496921,-2602.140931111688,3.845431618937288,26.381622389444985,1098.8994747608438,3.923999965190888,4.230359168979913,3.617640761401863,15.614638455998142,0.2976231636899076,0.0,0.0,3.8148333152135216,3.90633335908254,3.723333271344503,4.7970664146251,0.4189434110082434,0.0,0.0,3.7300000190734863,4.244999885559082,3.987499952316284,13.124359608921225,0.1359222357094644,0.0995290483390531,8.198414237432127,-0.0542794519682399,-0.0450616207264152,-0.0092178312418246,3.814999977747599,3.952307682770949,3.844724308442872,3.899003760411112,0.8453609581964746,1.0549829051495925,-0.2096219469531178,-0.1703082919251016,25.88823805381501,-0.0339998602867126,-53.37666897056603,-30.823953096310746,-22.552715874255284,3.820000052452088,3.987499952316284,3.903750002384186,3.987499952316284,0.01164170838114,25.49929640891669,15.35411477932594,22.15467077412901,-52.47787469234699,3.995000064373016,3.820000052452088,32.0,76.0,-44.0,4.0131006231132895,3.9054766748095897,0.0,0.0,42.31167464733178,0.6816366973417776,0.6299372833178999,0.5274393806827463,-16.51725618010657,36.14925279718879,23.333296246022385,22.654131744332407,-76.66670375397761,-0.1338382279171659,-2.564106169380146,-1.3921364354497745,-1.151683956683011,-0.2404524787667632,-10.053732030057397,-1.686827816843893,-8.366904213213504,3.820773518086473,-0.783289085832195,-0.7863729088470439,0.2638519937706807,0.7832911085805563,3.539276599884033,0
2022-07-05,3.849999904632568,3.849999904632568,3.7899999618530273,3.799999952316284,3.539276599884033,3210431,-263582611.2688204,20485647,-0.1655793896276028,-74448.35150438629,-0.0467228322779392,-0.0095293942697054,-28459.17185952344,3.833055931564096,27.765522306642268,1098.8994747608438,3.905999970436096,4.196681882942618,3.615318057929575,14.883866600442778,0.3176700827275693,0.0,0.0,3.812166643142701,3.8946666717529306,3.729666614532471,4.328248806154918,0.4262625054113754,0.0,0.0,3.7300000190734863,4.244999885559082,3.987499952316284,13.184840511611604,0.1359222357094644,0.0955761377831019,8.095774810315778,-0.053826506727129,-0.0468145979265579,-0.007011908800571,3.807499965031942,3.945384603280288,3.8378436382695513,3.89167014499668,0.8131488551539068,1.0553635832800805,-0.2422147281261737,-0.1797084733133196,25.882137255198277,-0.0360000848770143,-55.55503892208205,-36.95567392911807,-18.599364992963977,3.822499990463257,3.987499952316284,3.9049999713897705,3.987499952316284,0.00582085419057,25.093512467375994,14.659663210361987,21.90645372497425,-56.85778521661088,3.995000064373016,3.825000047683716,28.000000000000004,72.0,-44.0,4.0131006231132895,3.900000095367432,0.0,0.0,42.31167464733178,0.6816366973417776,0.7154673717699568,0.639557383957723,-16.41527538197631,37.57718583858649,24.13791118988973,25.627643630974656,-75.86208881011027,-0.124132344302009,-2.313628538837987,-1.383120992315627,-1.1979713638095344,-0.1851496285060923,-13.539979424921295,-4.057458138459374,-9.482521286461925,3.8206552154908686,0.0,0.0,0.2638519937706807,0.0,3.502021074295044,1
2022-07-06,3.759999990463257,3.7899999618530273,3.740000009536743,3.759999990463257,3.502021074295044,4613851,-264505381.4688204,15871796,-0.1857854127740031,-90177.71043169568,-0.0596030247789482,-0.0085220932626662,-48566.80692405208,3.822503023299869,28.52356964113214,1098.8994747608438,3.886499965190888,4.160964826470631,3.6120351039111447,14.124012028198354,0.2695516028212111,0.0,0.0,3.8111666440963754,3.88766667842865,3.734666609764099,4.014520564235973,0.1655775773192667,0.0,0.0,3.7300000190734863,4.244999885559082,3.987499952316284,13.250993724383097,0.0582523867326276,0.0920185182827458,7.925762420058062,-0.0560491077632288,-0.0486614998938921,-0.0073876078693366,3.79833330710729,3.937307678736173,3.825867692453198,3.881916800216427,0.81090916341984,1.0872727871729106,-0.2763636237530706,-0.1887780396606086,25.87755211351252,-0.0765000224113463,-56.65433813438534,-42.28482438270011,-14.369513751685233,3.822499990463257,3.987499952316284,3.9049999713897705,3.987499952316284,0.002910427095285,25.28894615514837,13.97878222942858,24.75947929883974,-82.42044635988555,3.995000064373016,3.825000047683716,24.0,68.0,-44.0,4.0131006231132895,3.890000104904175,0.0,0.0,39.70581088814211,0.540610681219602,0.6346280253010523,0.6600108934629697,-17.115118498229236,35.91622152871057,13.636348858354458,20.36918543142218,-86.36365114164555,-0.1320441147860358,-2.8423746343324243,-1.4438513406599522,-1.247147359179618,-0.1967039814803342,-14.544045147023542,-6.154775540172208,-8.389269606851334,3.820305999864104,-1.052630588288439,-1.058209931855858,-0.7915559813120088,1.052631082583659,3.4461381435394287,2
2022-07-07,3.7799999713897705,3.815000057220459,3.690000057220459,3.700000047683716,3.4461381435394287,6739219,-270166326.4571436,9132577,-0.2197389903671191,-135059.85956699567,-0.0231850465061794,-0.0055136323115977,-156107.433361388,3.807900474921921,32.47063584056981,1098.8994747608438,3.8614999771118166,4.106716159001621,3.616283795222012,12.700566274415076,0.1706988743901989,0.0,0.0,3.8049999872843423,3.888000027338664,3.721999947230021,4.362682803242748,-0.1325294513828351,0.0,1.0,3.690000057220459,4.199999809265137,3.944999933242798,13.20729651864788,0.0196078339708306,0.0953166664544712,7.797747289859543,-0.0619380458022646,-0.0513168090755666,-0.010621236726698,3.7891666491826377,3.9249999889960656,3.806503439411739,3.868441485214004,0.848921044705359,0.9820144958460288,-0.1330934511406697,-0.1998535048534614,25.862414284783014,-0.1114999771118165,-59.30851163248428,-46.76447873243042,-12.544032900053864,3.8000000715255737,3.9674999713897705,3.883750021457672,3.9674999713897705,0.0014552135476425,25.971214062155465,12.659582774680278,26.19774737867713,-103.2180382281424,3.992500007152557,3.825000047683716,20.0,100.0,-80.0,4.0131006231132895,3.874000096321106,0.0,0.0,36.11302525425872,0.3461737146127527,0.522807031058044,0.6243008093763511,-18.82805439800353,31.3380593704045,3.846150319251659,13.873470122498608,-96.15384968074834,-0.1404999957365147,-2.887136397581572,-1.6011110944550904,-1.3179401062347127,-0.2831709882203777,-12.416963169328591,-7.407213066003486,-5.009750103325107,3.8159862090610472,-1.595743163077734,-1.608612232776574,-2.3746679439360263,1.5957337083376757,3.5113351345062256,3
2022-07-08,3.7100000381469727,3.775000095367432,3.704999923706055,3.7699999809265137,3.5113351345062256,4976281,-265900957.27063268,14108858,-0.2197936616879915,-66002.83137208153,-0.0175835223862051,-0.0124249348720576,-13394.860678367404,3.799082026126425,31.066705922065022,1119.6894447290767,3.840999984741211,4.040589553421331,3.6414104160610914,10.392583674720692,0.3221349835960404,0.0,0.0,3.8031666596730553,3.883666714032491,3.7226666053136186,4.233317209735774,0.2939959232918618,0.0,0.0,3.690000057220459,4.190000057220459,3.940000057220459,13.017443425834529,0.1599998474121093,0.0932850045773957,7.562334004516392,-0.0602619992117445,-0.0531058471028022,-0.0071561521089423,3.790833314259847,3.914999980192918,3.800887522721705,3.861149521933449,0.8277155558000261,1.0449439466428243,-0.2172283908427984,-0.2079973578635239,25.709740760247644,-0.0310000419616698,-58.36816263156225,-50.195676146767,-8.17248648479525,3.8000000715255737,3.9674999713897705,3.883750021457672,3.9674999713897705,0.0007276067738212,26.60474854723348,11.931987099536896,24.692060498589115,-93.79841974884124,4.007500052452087,3.825000047683716,16.0,96.0,-80.0,4.0131006231132895,3.851920091629028,0.0,0.0,42.63468439001559,0.6991175717807055,0.5286339892043533,0.5620230151878166,-18.24601231235826,29.210484397631017,33.33330021964311,16.938599799083065,-66.6666997803569,-0.1556470534380745,0.5333328247070312,-1.5607268993190586,-1.366497464851582,-0.1942294344674766,-12.91970957279368,-8.509712367361525,-4.409997205432156,3.8155391319647647,1.89189006326147,1.8742163862969676,-0.5277039875413392,-1.8918855905130698,3.5299630165100098,4
2022-07-11,3.7699999809265137,3.799999952316284,3.75,3.7899999618530273,3.5299630165100098,4475747,-263215509.0706327,18584605,-0.1730647807838515,-43786.019085798354,0.039099543878183,-0.0061230260440832,117889.75915015725,3.7934482031171535,38.35664491198202,1125.6294361485718,3.824499988555908,3.9784448097260223,3.670555167385794,8.050454785240682,0.3879467771612886,0.0,0.0,3.80049999554952,3.8800000508626304,3.720999940236409,4.183662960463477,0.4339620981700069,0.0,0.0,3.690000057220459,4.070000171661377,3.880000114440918,9.935942360517618,0.2631575645173029,0.0889564993512845,7.183191746039114,-0.0566666707924214,-0.0538180118407261,-0.0028486589516953,3.7891666491826377,3.902692281282865,3.799212513357293,3.855879184149714,0.8825913143059232,1.0121460256688932,-0.12955471136297,-0.2124490755574679,25.50531862904581,-0.0844999790191649,-57.51706652905796,-52.69842203267854,-4.818644496379413,3.8000000715255737,3.9674999713897705,3.883750021457672,3.9674999713897705,0.0003638033869106,26.679392702233223,13.440539486847516,23.71356182563111,-62.80910566723938,4.010000109672546,3.825000047683716,12.0,92.0,-80.0,4.0131006231132895,3.8324896875,0.0,0.0,44.38163501090888,0.7936603066255051,0.6129838643396543,0.5548082948673506,-17.23981191261994,35.43058188856679,45.45449619451477,27.544648911136505,-54.54550380548523,-0.1622205951634576,-0.5249338904693767,-1.4696173838993725,-1.3871214486611405,-0.0824959352382321,-13.905398336184282,-9.588849561126075,-4.316548775058205,3.815388476573681,0.5305034755357818,0.5291012628531488,0.0,-0.5305070946013188,3.585845947265625,0
2022-07-12,3.809999942779541,3.869999885559082,3.799999952316284,3.849999904632568,3.585845947265625,7040992,-260197941.0706328,25625597,-0.1845709692262605,22820.428942344675,0.0596505718106136,0.0034635151094733,135210.78003058804,3.800278459976513,48.96711882146175,1125.6294361485718,3.815999984741211,3.942079354371221,3.689920615111201,6.607933445186359,0.6348353818357926,0.0,0.0,3.805499990781148,3.885000046094259,3.7259999354680375,4.178166101994489,0.7798734772960658,0.0,0.0,3.690000057220459,4.03000020980835,3.860000133514404,8.909857283737603,0.4705875753121866,0.0880608417867615,6.596661751622797,-0.048417723794385,-0.0527379542314579,0.0043202304370728,3.79833330710729,3.890384582372812,3.8070259581688735,3.8554436819632585,0.9543569950715612,0.8713695335128426,0.0829874615587185,-0.2108521288014955,25.354353743453967,-0.0160000324249267,-54.0068950986288,-54.34242182801877,0.3355267293899757,3.795000076293945,3.9674999713897705,3.881250023841858,3.9674999713897705,50.00018190169345,25.485597685319703,18.17425465183389,22.197843962551392,21.749289380463274,4.044999957084656,3.859999895095825,8.0,88.0,-80.0,3.690000057220459,3.8324896875,1.0,0.0,49.36359301225271,1.0,0.8309259594687367,0.6575146043375816,-14.817065146685213,40.58639609239325,72.72719391122342,50.50499677512709,-27.27280608877658,-0.1546617718303906,2.9411736581639727,-1.2558275464091304,-1.3608626682107383,0.1050351218016079,-11.060143326523098,-9.88310831420548,-1.1770350123176172,3.816106631507064,1.5831119626240175,1.5707114499760255,1.5831119626240175,-1.5831024431203673,3.56721830368042,1
2022-07-13,3.849999904632568,3.859999895095825,3.809999942779541,3.829999923706055,3.56721830368042,6723140,-261542569.07063267,18902457,-0.1534718034774217,351.41455539898743,0.0,0.0030446809680877,76541.41648432967,3.803287050249608,41.562160529936186,1119.7820159379364,3.808999979496002,3.913861812917132,3.704138146074872,5.506003359706242,0.600131494581619,0.0,0.0,3.802499977747599,3.874000016848246,3.730999938646952,3.7606858392672455,0.6923072092292556,0.0,0.0,3.690000057220459,4.019999980926514,3.8550000190734863,8.66368930119342,0.4242421177354578,0.0842547528397138,6.130837681794486,-0.0429985447240284,-0.050790072329972,0.0077915276059435,3.800833304723104,3.877692277614887,3.810560414405363,3.853558959129392,0.9451478406221324,0.869198557577876,0.0759492830442565,-0.2058344181190539,25.222882626351858,-0.0290000081062316,-52.38721228223818,-55.1706926800837,2.783480397845516,3.795000076293945,3.9674999713897705,3.881250023841858,3.9674999713897705,75.00009095084673,24.377073741042864,17.424620097789557,21.28224818278532,27.68350143859276,4.060000061988831,3.889999985694885,4.0,84.0,-80.0,3.693600053787232,3.8324896875,0.0,0.0,47.82576695223637,0.9083529072084796,0.9006710712779947,0.7815269650287954,-13.290934599221345,43.51515910001247,63.63629467232087,60.60599492601968,-36.36370532767913,-0.1362500176710237,0.7894729412163417,-1.1158138536368154,-1.3118529052959538,0.1960390516591383,-9.138824656790108,-9.734251582722408,0.5954269259322995,3.816473686020312,-0.5194800369331842,-0.5208340256466659,1.0554079750827006,0.5194769618981923,3.5113351345062256,2
2022-07-14,3.799999952316284,3.859999895095825,3.7100000381469727,3.7699999809265137,3.5113351345062256,9302219,-263403012.87063268,9600238,-0.1214298583928474,-79432.01719862419,-0.0806257699898494,-0.0020529469550923,-180651.90248948615,3.803928574366093,40.73696391356484,1119.7820159379364,3.802499973773956,3.899839583239247,3.705160364308665,5.119769106464032,0.3330587464549502,0.0,0.0,3.7978333075841264,3.8763333161671953,3.7193332990010575,4.133936496175725,0.3227176839849678,0.0,0.0,3.690000057220459,3.950000047683716,3.820000052452088,6.837606633964248,0.3076920255401327,0.0908292632506277,5.460095267917941,-0.0430490574721282,-0.0492418693584032,0.0061928118862749,3.7999999721844993,3.863076888597929,3.804320347716309,3.8473694051884375,0.8870970750078294,0.8830647246832632,0.0040323503245661,-0.2013156100502929,25.26699307350948,0.0975001215934758,-50.32022499518796,-55.27712435513254,4.956899359944586,3.790000081062317,3.9674999713897705,3.878750026226044,3.9674999713897705,62.49892102393112,24.54822809522355,15.375663363245264,26.61899064110277,-55.82138274552331,4.060000061988831,3.9075000286102295,4.0,80.0,-76.0,3.697128050422669,3.8324896875,0.0,0.0,43.45236119639178,0.553888412645963,0.8207471066181474,0.8507813791216264,-13.28700039441584,44.87808612747822,36.36359695561181,57.575695179718686,-63.63640304438819,-0.1244559161803304,-0.2645500142578096,-1.1189218642242598,-1.273266697081615,0.1543448328573553,-4.281703145010776,-8.643741895180082,4.362038750169305,3.815902780433755,-1.566578171664379,-1.5789786871825084,-0.5277039875413392,1.5665755335617604,3.5113351345062256,3
2022-07-15,3.75,3.7899999618530273,3.7100000381469727,3.7699999809265137,3.5113351345062256,5928416,-260438804.87063268,15528654,-0.2300124715186753,-68084.58617024931,-0.0472300638050092,-0.0073583651641053,-145726.53233441655,3.8002831501024033,33.35886051034562,1119.7820159379364,3.796499967575073,3.886004127203352,3.7069958079467935,4.715088128155447,0.3519622620969959,0.0,0.0,3.788166642189026,3.8676666259765615,3.708666658401489,4.197280177811648,0.3857442454890145,0.0,0.0,3.690000057220459,3.950000047683716,3.820000052452088,6.848412819276957,0.3076920255401327,0.0897463292961704,4.911976643211821,-0.0425980454374816,-0.0479131045742189,0.0053150591367372,3.789166629314423,3.846538433661828,3.7990402912871097,3.841638336724592,0.8811477548298806,0.9795083144569005,-0.0983605596270197,-0.1969437694715862,25.272449825271067,0.0034999847412109,-48.48121089401269,-54.733184568848834,6.251973674836144,3.7799999713897705,3.944999933242798,3.862499952316284,3.9674999713897705,43.747773834727184,24.707157138391327,14.402909187880049,24.93491798170532,-91.02562148072224,4.081249952316284,3.932499885559082,4.0,76.0,-72.0,3.7005854871253967,3.8324896875,0.0,0.0,43.45236119639178,0.553888412645963,0.6720432441668018,0.7978204740209813,-13.283848365881628,48.122330233820186,36.36359695561181,45.45449619451482,-63.63640304438819,-0.1151029769112081,-3.333336186205161,-1.1088510084424317,-1.2403835593537784,0.1315325509113467,-4.659084215871123,-7.84681035931829,3.1877261434471675,3.814654976271972,0.0,0.0,-0.5277039875413392,0.0,3.595160007476806,4
2022-07-18,3.849999904632568,3.859999895095825,3.809999942779541,3.859999895095825,3.595160007476806,4478137,-255960667.87063268,20006791,-0.1856660479324325,-782.2244832968208,0.0949053567090997,0.0004763501791497,106905.02590914318,3.803655968323452,40.1805975161202,1146.5141872463262,3.7959999680519103,3.883954474263751,3.7080454618400696,4.634062536990937,0.8638240369957246,0.0,0.0,3.789499966303507,3.8649999300638833,3.714000002543132,3.9846926735309034,0.9668871697480056,0.0,0.0,3.690000057220459,3.930000066757202,3.810000061988831,6.322444983051727,0.7083326296674161,0.0897716877834845,4.130351262507326,-0.0345797602864315,-0.0452464357166614,0.0106666754302299,3.794166624546051,3.83423074392172,3.808418691873066,3.8429984521594975,0.9475807916919576,0.9153227581876106,0.0322580335043469,-0.1879836493551467,25.194652799259494,0.0339999556541448,-44.593872473681934,-53.51527718569327,8.92140471201133,3.7799999713897705,3.940000057220459,3.8600000143051143,3.9674999713897705,71.87388691736359,23.66302868175801,18.914704422570523,23.159746740637228,83.58703133341237,4.081249952316284,3.932499885559082,4.0,72.0,-68.0,3.70397377509407,3.8324896875,0.0,0.0,51.21338693387998,1.0,0.7025922750973086,0.7317942086274193,-10.883601920479402,59.50949303482975,77.2726435306751,49.99994581396624,-22.7273564693249,-0.0984706310664904,1.57894588243266,-0.8998119753860448,-1.1722692425602317,0.2724572671741868,-6.761401561641751,-7.6297285997829825,0.8683270381412314,3.815682563749077,2.3872656399110515,2.359215989885266,1.8469639563946985,-2.3872649507825514,3.623101949691773,0
2022-07-19,3.869999885559082,3.920000076293945,3.829999923706055,3.890000104904175,3.623101949691773,5316617,-254188452.8144984,25323408,-0.1312605465638819,22115.18265297962,0.0677124833166744,-0.0010908432137291,148226.17352712224,3.80330765210151,38.6705641709698,1146.5141872463262,3.799999976158142,3.8969535742901513,3.7030463780261327,5.102820986332262,0.9641402200642988,0.0,0.0,3.796166642506917,3.874666627248128,3.7176666577657063,4.135750199278424,1.0976654817615368,1.0,0.0,3.690000057220459,3.920000076293945,3.805000066757202,6.05263211885647,0.8695653526003189,0.089794534263925,3.722197277452334,-0.0255103775732741,-0.041299224087984,0.0157888465147098,3.7991666396458954,3.825384598511916,3.820969678493237,3.846480056066511,0.94583348648415,0.9291668363743288,0.0166666501098211,-0.1744417767221998,25.02660951932475,-2.3841857821338408e-08,-39.81890256484253,-51.64467323352184,11.825770668679311,3.805000066757202,3.880000114440918,3.84250009059906,3.9674999713897705,85.93694345868178,22.103937355402326,22.3150893146003,21.51055990954225,145.13570125987718,4.086249947547913,3.942499995231629,4.0,68.0,-64.0,3.7072942973033705,3.8324896875,0.0,0.0,53.50417788817183,1.0,0.8512961375486543,0.7419772189375883,-8.19514436007989,56.61855037339199,86.95653526003188,66.86425858210625,-13.043464739968112,-0.086794144265792,1.5665843966926556,-0.6632135667268104,-1.0704581073935475,0.4072445406667371,-7.318791384016469,-7.56754115662968,0.2487497726132108,3.818224610466242,0.7772075291107017,0.7742028298517001,2.638526228434434,-0.7772099755464694,3.688298940658569,1
2022-07-20,3.9600000381469727,3.9700000286102295,3.890000104904175,3.9600000381469727,3.688298940658569,5268933,-250236753.0644984,30592341,-0.0458360937991534,71645.15059695033,0.0835083904920424,0.0052725485120008,136134.7590098636,3.810679339578852,46.83945393138236,1167.145527710298,3.810499978065491,3.927028963621227,3.6939709925097546,6.116204499489098,1.141471559065342,1.0,0.0,3.813833316167196,3.895333298047383,3.732333334287008,4.273914202526972,1.396728555072905,1.0,0.0,3.690000057220459,3.9700000286102295,3.830000042915344,7.3481163364793,0.9642857446962504,0.088815073208138,3.0896187888515785,-0.0125299790342152,-0.0355453750772302,0.0230153960430149,3.812499980131785,3.8230769084050102,3.842358964593811,3.854888943628026,0.9957630183634858,0.8771188444051832,0.1186441739583026,-0.1545312285839618,24.93852001331041,-0.0105000257492067,-34.06813006646955,-48.84018639285354,14.77205632638399,3.837499976158142,3.860000133514404,3.848750054836273,3.9674999713897705,92.96847172934088,21.27744137152632,24.87952237855236,20.13784587048398,213.3892409913279,4.0737499594688416,3.942499995231629,100.0,64.0,36.0,3.7158025284629934,3.8324896875,0.0,0.0,58.411211948411626,1.0,1.0,0.8512961375486543,-4.285731259461823,59.50226607668439,96.42857446962503,86.885917753444,-3.571425530374956,-0.0649264721309434,4.2105286273269735,-0.3250412454793752,-0.9213747350107132,0.5963334895313379,-7.761902188009135,-7.606413362905571,-0.1554888251035642,3.832329132846161,1.799484096531212,1.7834850301454264,4.485490184829133,-1.799479889665875,3.6417295932769775,2
2022-07-21,3.920000076293945,3.9700000286102295,3.884999990463257,3.910000085830689,3.6417295932769775,6002195,-252708233.2393012,24590146,-0.0960637028320503,18537.34854123792,-0.0035404541023513,0.0012031238555831,19028.393992374447,3.817454142531919,40.8612423347911,1167.145527710298,3.815499985218048,3.939834246266829,3.691165724169267,6.517324677262476,0.8800243787010765,0.0,0.0,3.8324999809265137,3.909999966621399,3.754999995231629,4.0443567426267535,1.0000007690923354,1.0,0.0,3.690000057220459,3.9700000286102295,3.830000042915344,7.338487025934796,0.7857144681775042,0.0884335697020214,2.839719201539298,-0.0062059595199066,-0.0296774919657655,0.0234715324458588,3.821666657924652,3.820769218298105,3.8527652909379455,3.858971250457853,0.9914165198123832,0.9184550963569428,0.0729614234554405,-0.1333802531199099,24.80054835720138,-0.0554999947547911,-27.198906083873432,-45.37693566533255,18.17802958145912,3.840000033378601,3.8550000190734863,3.847500026226044,3.9674999713897705,96.48423586467044,20.43535948767019,23.186445177618697,19.167753831763164,154.4715956292743,4.0737499594688416,3.942499995231629,96.0,60.0,36.0,3.731054378471828,3.8324896875,0.0,0.0,54.02530870770172,0.8033067306831729,0.9344355768943908,0.9285772381476818,-2.3335474496764634,56.10945389041239,78.57144681775041,87.31885218246912,-21.428553182249576,-0.0328235205482032,2.894740391966435,-0.1608190141134205,-0.7692635908312546,0.6084445767178341,-7.052429383804874,-7.495616567085433,0.4431871832805587,3.8409710979591103,-1.2626250463290578,-1.2706638950606086,3.166230215975796,1.2626239936309531,3.604474067687988,3
2022-07-22,3.900000095367432,3.920000076293945,3.829999923706055,3.869999885559082,3.604474067687988,17179993,-254617161.80495623,7410153,-0.0492595982386249,-82282.72420248242,-0.0275029731919713,0.0027773327977257,-251540.49759889825,3.827474513525495,34.704419709048125,1167.145527710298,3.821999979019165,3.94342488319763,3.700575074840701,6.353998160388576,0.6976526432722926,0.0,0.0,3.84483331044515,3.924333294232686,3.765333326657613,4.135419008754473,0.6582803789066797,0.0,0.0,3.690000057220459,3.9700000286102295,3.830000042915344,7.3260066176564065,0.6428565954674921,0.0885902279906082,2.6689329886656616,-0.0043714193577719,-0.0246162774441668,0.0202448580863948,3.830833315849304,3.819615364074707,3.8554167670335056,3.8597881863912775,0.9699572053897756,0.9527898357121646,0.017167369677611,-0.1140449056349642,24.68657566806133,-0.1219999313354494,-22.60784940929833,-41.49813376313704,18.890284353838712,3.840000033378601,3.830000042915344,3.8350000381469727,3.9674999713897705,98.24211793233522,19.085394929668933,21.51681060707311,22.18805425458722,74.57793743150984,4.064999997615814,3.942499995231629,92.0,56.00000000000001,35.99999999999999,3.745391117480132,3.8324896875,0.0,0.0,50.74273874120222,0.656094313300361,0.8198003479945113,0.9180786416296342,-1.7104421702470989,56.644999487076845,64.2856595467492,79.76189361137487,-35.71434045325079,-0.0001764620051667,2.9255291323091863,-0.1132554209369462,-0.638061956852393,0.5248065359154467,6.814325301754752,-4.633628193317397,11.447953495072149,3.842148192732435,-1.0230230023923093,-1.0282918478463632,2.1108159501653567,1.0230173502658602,3.613787889480591,4
2022-07-25,3.890000104904175,3.910000085830689,3.859999895095825,3.880000114440918,3.613787889480591,5019821,-255621097.2814197,12429974,-0.0414300697321819,-63356.71232414972,0.0099605430255316,0.0068261453194021,-162783.8692354846,3.8309752812633695,39.46616892379078,1170.1614767440608,3.825999987125397,3.949515208868114,3.70248476538268,6.456624263374243,0.7185970544909992,0.0,0.0,3.855166649818421,3.934666657447815,3.7756666421890266,4.124335721421465,0.6561852971025086,0.0,0.0,3.690000057220459,3.9700000286102295,3.830000042915344,7.318347421118104,0.678571702266254,0.0847312242650338,2.6353559540475864,-0.0020865457660068,-0.0201103311085348,0.0180237853425279,3.845833321412405,3.8192307490568895,3.8591988204808,3.861285366246807,1.004329103519285,0.926406891556286,0.077922211962999,-0.0960298012065163,24.480095063301007,-0.0560000061988832,-18.259437541121333,-37.52619403452511,19.26675649340377,3.840000033378601,3.830000042915344,3.8350000381469727,3.9674999713897705,99.1210589661676,17.83185641152491,20.628101527297176,21.27162079059927,81.22947701809449,4.017499923706055,3.942499995231629,88.0,52.0,36.0,3.7588676521479374,3.8324896875,0.0,0.0,51.53555479877026,0.6916494940171832,0.717016846000239,0.8237509236297137,-0.9736362769168474,59.24440178565593,67.8571702266254,70.23809219704167,-32.1428297733746,0.0183529629426844,4.864866606417649,-0.0540375954661698,-0.5212570845751484,0.4672194891089786,3.472536342551133,-3.0123952861436907,6.484931628694824,3.843522537311761,0.258403854717204,0.2580705659870119,2.374674234663776,-0.2583961381799327,3.660357236862183,0
2022-07-26,3.920000076293945,3.930000066757202,3.869999885559082,3.930000066757202,3.660357236862183,5004470,-250616627.2814197,17434444,0.0235082240072782,-18559.57322523195,0.0179839595334233,0.0123680727702858,77461.94034223327,3.838546388853692,44.67825864819866,1185.240862391962,3.833499991893768,3.9630029367992767,3.70399704698826,6.756381644938177,0.8725786889782505,0.0,0.0,3.862166659037273,3.940666691462199,3.7836666266123458,4.065077421826968,0.9320597433179552,0.0,0.0,3.690000057220459,3.9700000286102295,3.830000042915344,7.3040295286775025,0.8571429787850018,0.0822581199583424,2.46285340124852,0.0037159758455471,-0.0153450697177184,0.0190610455632656,3.859166661898295,3.82153844833374,3.8700913199079383,3.866375344062392,1.064935094424061,0.8658009149491926,0.1991341794748683,-0.0769631422459956,24.212481837828005,-0.0435000300407408,-14.567138795482116,-33.32396364710777,18.75682485162565,3.840000033378601,3.830000042915344,3.8350000381469727,3.9674999713897705,99.5605294830838,16.74387107941094,21.27188805754636,20.19375570961846,108.03783031571832,4.017499923706055,3.942499995231629,84.0,48.0,36.0,3.771535594735675,3.8324896875,0.0,0.0,55.40077157186787,0.8649916956102461,0.7375785009759301,0.7581318983235601,0.8164661681089347,62.0472580991529,85.71429787850018,72.61904255062491,-14.285702121499824,0.0304117854903722,4.244034128386572,0.0961100647213108,-0.3977836547158566,0.4938937194371674,0.6916117474802913,-2.2715938794188943,2.9632056268991858,3.846299919116496,1.288658526843589,1.2804259737471568,3.693934203517113,-1.2886574642953263,3.65104341506958,1
2022-07-27,3.940000057220459,3.950000047683716,3.900000095367432,3.920000076293945,3.65104341506958,2359840,-251088595.28141972,15074604,-0.0316383737153717,-19279.40240660068,0.0529698444078471,0.0178077078355734,58485.853272996974,3.848626513111264,49.452696370394776,1182.2249852623818,3.834499990940094,3.9663294751789184,3.7026705067012697,6.875967377770372,0.8242828637596635,0.0,0.0,3.8711666742960618,3.949666706720988,3.792666641871135,4.055626586483821,0.8110406485792568,0.0,0.0,3.690000057220459,3.9700000286102295,3.830000042915344,7.302124711209705,0.8214287234812506,0.0790323031941366,2.0639916122921345,0.0074220436712564,-0.0107916470399234,0.0182136907111798,3.870000004768372,3.825769222699679,3.8777695901211695,3.870347546449914,1.143518691241143,0.861111264415215,0.282407426825928,-0.0583588869698067,23.961144431116946,0.0154999136924738,-11.505534753340967,-29.011220286902542,17.505685533561575,3.840000033378601,3.830000042915344,3.8350000381469727,3.9674999713897705,99.7802647415419,16.025962128942346,22.086491401328853,19.315402302978864,115.33342223695868,4.012499928474426,3.942499995231629,80.0,44.0,36.0,3.783443460768148,3.8324896875,0.0,0.0,54.465184381065846,0.7498798418891764,0.7688403438388685,0.7411452302716791,2.016883951746068,58.3023185962826,81.13210093469023,78.23452301327193,-18.86789906530977,0.037647076214061,3.4300822097464394,0.1917668525159792,-0.2798735532694894,0.4716404057854687,-4.875328536109416,-2.7923408107569987,-2.0829877253524174,3.849151317232308,-0.2544526792211621,-0.254776960262304,3.4300822097464323,0.25445116937785883,3.725554466247559,2
2022-07-28,3.950000047683716,4.010000228881836,3.910000085830689,4.0,3.725554466247559,4683470,-247341839.3806637,19758074,0.0624127712364593,37000.118319999136,0.0747312054923223,0.024401616969754,89576.25128939991,3.860732911865283,49.44501840665925,1182.2249852623818,3.84449999332428,3.993560426674974,3.695439559973585,7.754476972793759,1.02160054543071,1.0,0.0,3.890500020980835,3.9640000820159913,3.81699995994568,3.778437765777255,1.244897197886608,1.0,0.0,3.690000057220459,4.010000228881836,3.850000143051148,8.323583618598937,0.9687493015084436,0.0811290871798376,1.861829536625336,0.0166228366659986,-0.005308750298739,0.0219315869647376,3.8825000127156577,3.835384607315064,3.896574268564067,3.879951431898069,1.1402716503977492,0.7782804824555252,0.3619911679422241,-0.036709357001285,23.91192424810818,-0.0145000696182244,-3.78402577457953,-24.0448663847433,20.26084061016377,3.910000085830689,3.850000143051148,3.880000114440918,3.9674999713897705,99.89013237077094,16.15603320022979,25.3341540043433,17.66085345613557,153.54140044011348,3.976249933242798,3.942499995231629,100.0,40.0,60.0,3.794636854838673,3.8324896875,0.0,0.0,60.24872961835182,1.0,0.8716238458331409,0.7926808968826465,4.871834017890679,61.398528001737255,96.66659249204476,87.8376637684117,-3.3334075079552283,0.0499559185084175,3.896106469689579,0.4284289882944938,-0.1382130449566928,0.5666420332511866,-6.494586436895039,-3.532789935984607,-2.9617965009104323,3.8716966806124025,2.0408143405366674,2.0202687854778523,5.540898159911811,-2.0408152603838374,3.744182348251343,3
2022-07-29,4.019999980926514,4.050000190734863,3.990000009536743,4.019999980926514,3.744182348251343,9189254,-247341875.89536816,28947328,0.086400951339849,57969.37352126918,0.0391762752302775,0.0244070977806179,141527.15357695502,3.880250937014875,52.23513265476221,1182.2249852623818,3.853999996185303,4.021260306178886,3.68673968619172,8.67982927655099,0.9962324437506412,0.0,0.0,3.9168333609898887,3.988333447774251,3.845333274205526,3.6509128775543567,1.2214440189965503,1.0,0.0,3.690000057220459,4.050000190734863,3.870000123977661,9.340947946827535,0.9166661147720124,0.0790161965816658,1.702402034834804,0.0252374412039828,0.0008004880018053,0.0244369532021775,3.8983333508173614,3.8434615318591776,3.9155628396967512,3.890325398492768,1.1704035644310429,0.7668160399396914,0.4035875244913515,-0.0128646972521157,23.853446052383887,-0.0840000152587889,2.7859309810545825,-18.780443778661468,21.56637475971605,3.940000057220459,3.870000123977661,3.90500009059906,3.9674999713897705,99.94506618538549,16.740621448190414,27.501884262032977,16.734604135224583,171.13662185150824,3.973749995231629,3.972499966621399,100.0,36.0,64.0,3.811865924762126,3.8324896875,0.0,0.0,61.56311707948453,1.0,0.9166266139630588,0.8523636012116894,7.616149409400827,58.07821414860401,91.17641283981644,89.65836875551713,-8.823587160183553,0.0827059367123772,4.960837101965454,0.6487231431530283,0.0191741926652514,0.6295489504877768,-1.9040410216626515,-3.207040153120216,1.3029991314575649,3.8953119209871527,0.4999995231628418,0.4987536766390743,6.06860214745315,-0.5000029437912588,3.818693161010742,4
2022-08-01,4.059999942779541,4.099999904632568,4.03000020980835,4.099999904632568,3.818693161010742,6283688,-241058187.89536816,35231016,0.1646581349495183,121501.5431028952,0.0501295300312307,0.0237270233678048,170994.62493290904,3.8966151722415834,52.04732262343567,1205.751828315397,3.868999993801117,4.0654586449949335,3.672541342607301,10.1555260536873,1.0879097444366506,1.0,0.0,3.9401667038599655,4.013666764895121,3.866666642824809,3.730809712348056,1.58729978262299,1.0,0.0,3.690000057220459,4.099999904632568,3.8949999809265137,10.597049575316827,1.0,0.0791145692941047,1.6675634424725334,0.0380809293717869,0.0082565762758016,0.0298243530959853,3.9258333444595337,3.857307681670556,3.9439377727638,3.905856843392013,1.1614349670308948,0.7847532347399877,0.376681732290907,0.0154878523824481,23.86896187872144,-0.0990000128746033,9.873705585577344,-13.259042873059256,23.1327484586366,3.964999914169312,3.8949999809265137,3.9299999475479126,3.9674999713897705,99.97253309269274,17.80316261211038,29.952900690750702,15.562622784896632,187.46304272003533,3.943750023841858,3.987499952316284,100.0,32.0,68.0,3.8356793513594,3.8324896875,0.0,0.0,66.35530331090715,1.0,1.0,0.9294168199320666,11.59282171391739,65.8018248270212,100.0,95.94766844395372,-0.0,0.1167206560864166,8.753313670440763,0.974969920779684,0.2103333382881379,0.764636582491546,-1.9765234267018663,-2.9609368078365463,0.98441338113468,3.9269196088324527,1.9900478628265272,1.970505256363131,8.179418097618507,-1.9900423064116524,3.8373210430145264,0
2022-08-02,4.090000152587891,4.130000114440918,4.054999828338623,4.119999885559082,3.8373210430145264,3988021,-238133659.4460812,39219037,0.2042873289722672,115538.51465027248,0.051717416495222,0.027421124546035,144502.14162624505,3.910427756123209,58.087108366442415,1211.6335390786508,3.884999990463257,4.106855777053691,3.663144203872823,11.421147342859047,1.0296230914401527,1.0,0.0,3.96233336130778,4.034333435694377,3.890333286921183,3.634225988639841,1.5949052872135114,1.0,0.0,3.690000057220459,4.130000114440918,3.910000085830689,11.325612826269076,0.977272210042406,0.0787031409749237,1.5970770015066538,0.0493049606954376,0.0164662531597288,0.0328387075357088,3.9550000031789145,3.869615371410663,3.9710242516553818,3.921719290959944,1.1710522408193231,0.7543857484351173,0.4166664923842058,0.0466065828635526,23.927783219419165,-0.0250000953674316,15.92087551276975,-7.704708919810445,23.6255844325802,3.9800000190734863,3.910000085830689,3.945000052452088,3.9674999713897705,99.98626654634636,19.075572902969604,30.616397409735324,14.534901433915312,177.0479752395249,3.933750033378601,3.987499952316284,100.0,28.000000000000004,72.0,3.86739781775218,3.8324896875,0.0,0.0,67.44797144079274,1.0,1.0,0.9722088713210196,15.177185006399109,70.79628535459359,97.61899355588756,96.26513546523466,-2.3810064441124243,0.1523530125617984,9.28381714597655,1.2572281960387066,0.4197123098382517,0.8375158862004549,-4.941830125685281,-3.357115471406294,-1.5847146542789874,3.955776748473199,0.4878044241882984,0.4866185134600131,8.707122085159845,-0.48780777135949904,3.818693161010742,1
2022-08-03,4.099999904632568,4.130000114440918,4.059999942779541,4.099999904632568,3.818693161010742,5093349,-237406057.9864249,34125688,0.2167013161454738,84480.60072136534,0.0034359403723442,0.0334255324290488,-5271.22937726344,3.935625228977458,60.54652306456397,1211.6335390786508,3.9019999861717225,4.134774519241541,3.669225453101905,11.931037103779923,0.9253040825592764,0.0,0.0,3.978000020980835,4.049000120162964,3.906999921798706,3.5696379491030044,1.3591529100458069,1.0,0.0,3.690000057220459,4.130000114440918,3.910000085830689,11.276270086616424,0.9318177138478912,0.0778328440435691,1.3318539091117123,0.0559413974626163,0.0243612820203063,0.03158011544231,3.975000003973643,3.881923061150771,3.990866659805718,3.9349252623431017,1.2830182950075883,0.7358489165574098,0.5471693784501785,0.0771098468098078,23.901097974535453,-0.0119998812675476,21.626743509789943,-2.279636742736738,23.90638025252668,3.9800000190734863,3.910000085830689,3.945000052452088,3.9674999713897705,99.9931332731732,20.25709674448174,28.71068644518164,13.630179671239482,148.68988295965173,3.931249976158142,3.987499952316284,96.0,24.0,72.0,3.9041621392886032,3.8324896875,0.0,0.0,65.16870329170445,0.905013120071821,0.9683377066906068,0.9894459022302023,17.486767129922942,72.54818091200045,92.85709420029882,96.82536258539544,-7.1429057997011824,0.1822353573406441,6.217616996354481,1.4216635319092534,0.6201025542524521,0.8015609776568013,-5.864604553383932,-3.8586132878018216,-2.00599126558211,3.967603407765945,-0.4854364437391179,-0.4866185134600131,8.179418097618507,0.4854397584923049,3.781437873840332,2
2022-08-04,4.110000133514404,4.139999866485596,4.059999942779541,4.059999942779541,3.781437873840332,6261608,-243667665.9864249,27864080,0.2127104726674353,36631.36045565446,0.006387970954535,0.0372553920547305,-85813.77395147867,3.9589239248009536,59.95735413142813,1211.6335390786508,3.9199999809265136,4.142979769761657,3.6970201920913706,11.376519893882271,0.8139297121599985,0.0,0.0,3.994500009218852,4.065000096956888,3.923999921480815,3.5298579334249807,0.9645379577687424,0.0,0.0,3.704999923706055,4.139999866485596,3.922499895095825,11.096937369798813,0.8160921052198875,0.0780495520098176,1.0638002776754143,0.0573124960074564,0.0309515248177363,0.02636097118972,3.9891666571299234,3.888076901435852,4.001502549493998,3.9441900534865417,1.2830182950075883,0.6603775961449999,0.6226406988625884,0.103683471376277,23.925510313780567,0.040000057220459,28.00404860500057,3.343907481074251,24.66014112392632,3.9999998807907104,3.9149999618530273,3.957499921321869,3.9674999713897705,99.9965666365866,21.455932638136797,27.55715456478746,12.660291209706326,125.6879301909997,3.913749992847442,3.987499952316284,92.0,20.0,72.0,3.9357794558099273,3.8324896875,0.0,0.0,60.74722353038906,0.598883294180755,0.834632138084192,0.9343232815915996,18.18187241749764,62.2407852649108,75.75759327225963,88.74456034281532,-24.24240672774037,0.202735310442307,4.370175663004358,1.4530865711401002,0.7866993576299818,0.6663872135101184,-4.9775218040891005,-4.082394991059278,-0.8951268130298224,3.976404457755849,-0.9756088483765968,-0.9803990929980522,7.124010122535829,0.9756030557990556,3.762809991836548,3
2022-08-05,4.050000190734863,4.070000171661377,4.03000020980835,4.039999961853027,3.762809991836548,6135663,-246735570.6292974,21728417,0.152426128772128,13867.859966058732,-0.0325960967636339,0.0281481453781067,-91313.7141865876,3.9709529545926014,53.70988657481597,1205.6649065631273,3.933499979972839,4.151148746145393,3.7158512138002857,11.06641755590177,0.7446602012798782,0.0,0.0,4.011833357810974,4.0773334264755245,3.9463332891464233,3.2653434389054588,0.7150120191957714,0.0,0.0,3.7100000381469727,4.139999866485596,3.924999952316284,10.931735872071677,0.7674419894097751,0.0742445929941386,1.1514531530007517,0.0561381445825528,0.0359888487706996,0.0201492958118531,3.995833317438761,3.897307671033419,4.007425228318464,3.9512870837359113,1.207920586405153,0.7821779724152382,0.4257426139899147,0.1252392462095208,23.910917087137527,-0.0234998941421502,34.8523579721175,9.245218093656344,25.60713987846116,4.004999876022339,3.9149999618530273,3.959999918937683,3.9674999713897705,99.99828331829328,21.91635700841485,26.54025064874329,14.9607060701129,86.21743033497373,3.913749992847442,3.987499952316284,88.0,16.0,72.0,3.968454721518034,3.8324896875,0.0,0.0,58.60617444972158,0.4707169214537255,0.6582044452354338,0.820391430003411,18.149630116955905,60.51851240149765,67.741960293301,78.78554925528647,-32.258039706698995,0.2038823814953079,2.020200074126503,1.420755905427015,0.9135106671893884,0.5072452382376265,-4.392434697194693,-4.144402932286361,-0.2480317649083314,3.984509162493938,-0.4926103745908294,-0.4938276989193468,6.59630613499449,0.49261372592289376,3.632415771484375,4
2022-08-08,3.930000066757202,3.940000057220459,3.785000085830689,3.900000095367432,3.632415771484375,12800047,-240541994.4192752,8928370,0.169129763768742,-244113.9587447131,-0.2270500499960533,0.0070936787129119,-473790.47880724457,3.9631368874005513,44.12512103233567,1205.6649065631273,3.93899998664856,4.147220981114394,3.730778992182725,10.572276982564611,0.4063497622293635,0.0,0.0,4.011000029246013,4.087000075976054,3.9349999825159703,3.789580961151373,-0.2302622738697856,0.0,1.0,3.7100000381469727,4.139999866485596,3.924999952316284,10.916471942019022,0.4418607745834614,0.0923201212969586,1.833717818685284,0.0434102372270674,0.0374731264619732,0.0059371107650942,3.994999984900157,3.8999999853280873,3.990898284787536,3.947488047560469,1.021276863412232,0.8893616900394471,0.1319151733727849,0.1351911771285411,24.088753750171715,-0.0690001010894776,37.37594215018543,15.016671532063848,22.359270618121585,3.962499976158142,3.9149999618530273,3.9387499690055847,3.9674999713897705,49.999141659146645,21.73532081935971,21.17555168422981,31.357412119133738,-44.15298419724574,3.908749997615814,3.987499952316284,84.0,12.0,72.0,3.968454721518034,4.139999866485596,0.0,1.0,46.30356264321133,0.0,0.3565334052114934,0.6164566628437065,14.020247928787,52.79535147470612,32.39438889922414,58.63131415492825,-67.60561110077586,0.1631617945783281,-0.2557542261826399,1.0996926831455474,0.9507470703806202,0.1489456127649271,4.280976156439569,-2.459327114541176,6.740303270980744,3.9838306233313614,-3.465343262562348,-3.526810494195054,2.9023782222051158,3.4653416099953063,3.595160007476806,0
2022-08-09,3.849999904632568,3.900000095367432,3.819999933242798,3.859999895095825,3.595160007476806,8651691,-240542020.2032714,276679,0.1448797670533991,-258679.0178794768,-0.0023117444087818,0.0009636690771387,-532301.3007361239,3.9553276830838913,37.37605564356594,1193.2990510391085,3.9394999861717226,4.146910165554379,3.732089806789066,10.529771804071563,0.3083505560996947,0.0,0.0,4.006000026067097,4.084000070889792,3.9279999812444055,3.894160974295836,-0.4358977376433296,0.0,1.0,3.7100000381469727,4.139999866485596,3.924999952316284,10.915086428429788,0.3488370158853373,0.0910881253797261,2.4914134111224167,0.0297526273146129,0.0359290266325011,-0.0061763993178882,3.994166652361552,3.902307675434993,3.970760070988812,3.941007443674199,1.0,0.9659573095209876,0.0340426904790123,0.134683410880324,24.27103402678808,-0.0594998717308046,37.33416423359442,20.443304752834447,16.890859480759975,3.962499976158142,3.9149999618530273,3.9387499690055847,3.9674999713897705,24.99957082957332,21.567215786665653,19.82185836184589,29.35282116320958,-56.83418336053764,3.903750002384186,3.987499952316284,80.0,8.0,72.0,3.968454721518034,4.132899870872498,0.0,0.0,43.49421993825925,0.0,0.1569056404845751,0.3905478303105008,9.707366441651358,52.34409157658166,21.126719888890054,40.4210230271384,-78.87328011110993,0.114455919405993,-0.2583976940302204,0.7549497873283529,0.9115876137701668,-0.1566378264418139,5.754940409829288,-0.8164736096670828,6.571414019496372,3.980886282569673,-1.0256461357301183,-1.030942128929624,1.8469639563946985,1.0256470170633776,3.623101949691773,1
2022-08-10,3.849999904632568,3.930000066757202,3.849999904632568,3.890000104904175,3.623101949691773,6624936,-240542000.4594635,6901615,0.1549030154225023,-193332.09104428173,0.0362268039255925,0.0038041875077061,-37246.2330260454,3.95300333356581,43.73034228228656,1202.573461108591,3.942499995231629,4.14516962099536,3.7398303694678967,10.28127462315061,0.3704791353671888,0.0,0.0,4.002666687965393,4.083666753768921,3.921666622161865,4.0473050652489535,-0.1954721699516891,0.0,1.0,3.7100000381469727,4.139999866485596,3.924999952316284,10.9067806939429,0.4186049735244379,0.0899793290542169,2.8843205255735658,0.0211063385381176,0.0329644890136244,-0.0118581504755068,3.994999984900157,3.905769219765297,3.958335460821944,3.9372291222838265,1.029914570843966,0.9401708583120676,0.0897437125318983,0.1284633408567158,24.470883039248037,-0.0124999284744262,37.28668423401704,25.006716976011845,12.279967258005192,3.962499976158142,3.9149999618530273,3.9387499690055847,3.9674999713897705,12.49978541478666,20.985767833680644,20.960506419053,27.46219573613805,-36.95679522688656,3.9049999713897705,3.987499952316284,76.0,4.0,72.0,3.968454721518034,4.125941875171661,0.0,0.0,46.13390790411865,0.1101993550187832,0.0367331183395943,0.183390721345221,7.0039115795147415,49.54039985278521,29.57748843669168,27.699532408268613,-70.42251156330832,0.0705147336511049,0.2577317053687192,0.536070873261109,0.8364842656683553,-0.3004133924072463,4.578405987237852,0.2625023097139041,4.315903677523948,3.9799521179270254,0.7772075291107017,0.7742028298517001,2.638526228434434,-0.7772099755464694,3.632415771484375,2
2022-08-11,3.920000076293945,3.930000066757202,3.8350000381469727,3.900000095367432,3.632415771484375,6904849,-237998103.2503428,13806464,0.1907633564994675,-155849.16030220845,-0.010318746617639,0.0050316322630156,69239.73848283614,3.963364988065721,48.65149057411996,1202.573461108591,3.9490000009536734,4.13692544952386,3.7610745523834894,9.517622108118587,0.3696294036836041,0.0,0.0,3.994166684150696,4.074666738510132,3.91366662979126,4.030881068577803,-0.084885249659621,0.0,1.0,3.7100000381469727,4.139999866485596,3.924999952316284,10.888828266264348,0.4418607745834614,0.0904813990098182,3.160226430610084,0.0148893726272416,0.0293494657363479,-0.0144600931091062,3.9924999872843423,3.911153839184688,3.9493607892135576,3.934471416586316,1.063829968557185,0.8978723343814268,0.1659576341757582,0.1189541642871743,24.566790068276,-0.0289999246597294,36.75239213234416,28.78076821504402,7.971623917300143,3.962499976158142,3.9149999618530273,3.9387499690055847,3.9674999713897705,6.249892707393331,20.60759721968377,19.365366040922925,26.573865002904267,-44.70194747502857,3.9049999713897705,3.987499952316284,72.0,4.0,68.0,3.968454721518034,4.119123039384842,0.0,0.0,47.02231631381152,0.1472878423732132,0.0858290657973321,0.0931559415405006,5.090556740814924,49.71702462908536,32.39438889922414,27.699532408268613,-67.60561110077586,0.0240735825370337,-0.7633580376634502,0.3784338746107907,0.7448741874568424,-0.3664403128460517,3.915240445359181,0.9930499368429594,2.922190508516221,3.9764968927537856,0.257069156647316,0.2567392990779238,2.9023782222051158,-0.25706761559371216,3.660357236862183,3
2022-08-12,3.900000095367432,3.930000066757202,3.880000114440918,3.930000066757202,3.660357236862183,5713897,-232284206.2503428,19520361,0.2117516335082537,-109096.88789845112,0.0196888539373952,0.005726511613863,61703.24794653474,3.96465680424524,49.06543708536814,1211.8240171458096,3.957000005245209,4.126481485093588,3.7875185253968295,8.56616020337238,0.4203454604238734,0.0,0.0,3.983500019709269,4.063000051180522,3.9039999882380174,3.991466352599862,0.163522441677187,0.0,0.0,3.785000085830689,4.139999866485596,3.962499976158142,8.971437457274101,0.4084509028682101,0.0864332543404648,3.3488218373439693,0.0122420110401018,0.0259279747970986,-0.0136859637569968,3.993333319822947,3.919999993764437,3.9463822165279647,3.934140205487863,1.076596018392508,0.889361690039448,0.1872343283530601,0.1089338367243765,24.60234134660632,0.0429999947547914,37.30808918290911,31.829033059191996,5.479056123717115,3.962499976158142,3.922499895095825,3.942499935626984,3.9674999713897705,3.1249463536966653,20.25643879240096,18.56458652426301,25.475006002364697,-32.71887714681883,3.883750021457672,3.9674999713897705,68.0,16.0,52.0,3.968454721518034,4.112440580313759,0.0,0.0,49.70241193659943,0.2591741004611975,0.1722204326177313,0.0982608722515526,4.262589644750538,52.31071701553139,40.84509028682101,34.27232254091226,-59.15490971317899,-0.0077205594848184,0.2551017925670933,0.3111737355731506,0.6581340970801042,-0.3469603615069535,1.994609938980584,1.1933619372704842,0.8012480017100994,3.9748086697834486,0.7692300168250066,0.7662865278946995,3.693934203517113,-0.7692254173422981,3.632415771484375,4
2022-08-15,3.930000066757202,3.950000047683716,3.869999885559082,3.900000095367432,3.632415771484375,7344583,-234120324.6396944,12175778,0.1607953889182008,-124988.37246578546,0.0054460667459293,0.0048309478433277,-12112.453808899976,3.9630010735400063,42.473002696132575,1211.8240171458096,3.959000015258789,4.12475877226063,3.793241258256949,8.373768949884958,0.3220307603697169,0.0,0.0,3.9665000200271607,4.047000098228454,3.8859999418258666,4.058997997975186,0.0869573909391584,0.0,0.0,3.785000085830689,4.139999866485596,3.962499976158142,8.966905261092842,0.3239438889922414,0.0857899451188817,3.6345962764913113,0.0076351971382853,0.022269419265336,-0.0146342221270507,3.9849999944369,3.924999998166011,3.9392465055801904,3.931611308441905,1.058577506031786,0.891213374095232,0.167364131936554,0.0972927605147365,24.697543243277213,0.0609999656677247,34.86334582839141,33.93375198314996,0.929593845241449,3.962499976158142,3.924999952316284,3.943749964237213,3.9674999713897705,1.5624731768483326,19.609114291690084,18.992615572788864,23.780605345138152,-42.71550573684637,3.883750021457672,3.9674999713897705,64.0,12.0,52.0,3.968454721518034,4.105891770424098,0.0,0.0,47.13449559670935,0.1519710037095894,0.1861443155146666,0.1480646046432434,2.812016509920917,53.817897608675935,32.39438889922414,35.21128936175642,-67.60561110077586,-0.0016029336873222,-2.499997615814198,0.1942002029013171,0.5653473182443468,-0.3711471153430297,2.331327851037209,1.4209551200238293,0.9103727310133798,3.963924453399546,-0.763358037663453,-0.7662865278946995,2.9023782222051158,0.7633535081335623,3.716240644454956,0
2022-08-16,3.9600000381469727,4.010000228881836,3.930000066757202,3.990000009536743,3.716240644454956,7796855,-230221931.9942817,19972633,0.1732847402864935,-6887.707714878416,0.0615635948514755,0.0054447871607297,123861.78242160188,3.965054575791996,45.71000873879012,1211.8240171458096,3.9640000104904174,4.127144020851778,3.800856000129056,8.2312820347938,0.5796841973810017,0.0,0.0,3.954000035921733,4.035000101725261,3.872999970118205,4.097120134934226,0.7222218788212508,0.0,0.0,3.785000085830689,4.139999866485596,3.962499976158142,8.955594846504225,0.57746493062015,0.0882109639584339,3.721366013324358,0.0111183395462282,0.0200392033215144,-0.0089208637752862,3.9824999968210855,3.932692307692308,3.9470547369581217,3.9359363974118935,1.055776981741142,0.8406373578608536,0.2151396238802884,0.0893818575643126,24.79083688270213,0.1359998941421509,33.03453924273702,35.2012848423663,-2.16674559962928,3.962499976158142,3.924999952316284,3.943749964237213,3.9674999713897705,0.7812365884241663,18.295129518476333,22.18025009461309,21.648464264987616,17.297868447929105,3.883750021457672,3.9674999713897705,60.0,8.0,52.0,3.968454721518034,4.099473936732229,0.0,0.0,54.69656228121981,0.4676654653353875,0.2929368565020581,0.217100534878152,3.840558888442489,58.53264801579969,57.74649306201501,43.66199074935338,-42.253506937984994,0.0167206189211679,-0.7462679485599458,0.2824827035705953,0.5087743953095966,-0.2262916917390012,3.074197589466347,1.751603613912333,1.322593975554014,3.965407323356117,2.307690050475042,2.2814655703145226,5.2770461661411305,-2.3076893793004984,3.688298940658569,1
2022-08-17,4.039999961853027,4.039999961853027,3.950000047683716,3.9600000381469727,3.688298940658569,5157249,-234233125.6609484,14815384,0.1158042760830842,-28006.22410559901,0.0436276196794414,0.0032231024598096,141150.97588693936,3.9656211589885193,45.98033722248492,1202.7125670814194,3.9640000104904174,4.127144020851778,3.800856000129056,8.2312820347938,0.4877409770221264,0.0,0.0,3.9426667054494215,4.025666745503743,3.859666665395101,4.210350316429298,0.6044176164626323,0.0,0.0,3.785000085830689,4.139999866485596,3.962499976158142,8.955594846504225,0.4929579167441801,0.0883898589795217,3.863394294898906,0.0113274324382111,0.0182968491448537,-0.0069694167066426,3.970833341280619,3.936923082058246,3.9490463217564074,3.9377188893181954,1.064257115018407,0.8634540375249529,0.2008030774934541,0.0826291849721695,24.94037938418729,0.1559998750686646,30.175227648274205,35.44252695828558,-5.267299310011378,3.9275001287460327,3.924999952316284,3.9262500405311584,3.9674999713897705,0.3906182942120831,17.474921691355316,22.996813321343275,20.063453255877143,21.335794603435936,3.881250023841858,3.9674999713897705,56.00000000000001,4.0,52.00000000000001,3.968454721518034,4.093184459714198,0.0,0.0,52.02512674915251,0.3561407410438813,0.3252590700296194,0.2681134140154481,3.8737576690569298,55.39611929144977,49.29579167441801,46.47889121188572,-50.70420832558199,0.0331618000479303,-3.4146309693180865,0.2876648322697412,0.4645524827016255,-0.1768876504318842,0.5990096958665989,1.5210848303031863,-0.9220751344365874,3.9650753457558174,-0.7518789804026538,-0.75471983924702,4.485490184829133,0.7518809051851747,3.669671535491944,2
2022-08-18,3.9600000381469727,3.9700000286102295,3.880000114440918,3.940000057220459,3.669671535491944,5895309,-232268022.6609484,8920075,0.1480224407699832,-40849.058884214064,-0.106864423624094,-0.0072083760297882,-68550.53039502248,3.9581231579434633,37.81035696820188,1202.7125670814194,3.965500009059906,4.127175515283622,3.80382450283619,8.154104443542503,0.4211384815329972,0.0,0.0,3.9270000537236527,4.0110000928243,3.8430000146230063,4.278076799158516,0.5773809371756917,0.0,0.0,3.785000085830689,4.139999866485596,3.962499976158142,8.95220728391994,0.4366199074935334,0.0885508644985006,4.035989421121988,0.0097667240325129,0.0165908241223856,-0.0068241000898726,3.955833355585734,3.941153856424185,3.947654588750876,3.937887864718363,0.9450983032084584,0.9529412424687816,-0.007842939260323,0.075781894796471,24.919351437850267,0.1344998955726621,26.01479956052716,34.460576023664444,-8.445776463137285,3.912500023841858,3.924999952316284,3.918749988079071,3.9674999713897705,0.1953091471060415,16.691247546013784,21.31608572295225,24.28151845869492,-28.674639090837257,3.881250023841858,3.9674999713897705,52.0,4.0,48.0,3.968454721518034,4.087020772236528,0.0,0.0,50.262649699182674,0.2825624103267313,0.368789538902,0.3289951551445592,3.377930032206608,57.075682983348095,43.66199074935334,50.23475849526212,-56.33800925064666,0.0398970961570741,-4.368927993652047,0.2480193537255919,0.4212458569064188,-0.1732265031808269,-0.5282642969361746,1.1112150048553142,-1.6394793017914888,3.963763370299365,-0.5050500185316276,-0.5063297066661754,3.9577861972877937,0.505040547589104,3.678985118865967,3
2022-08-19,3.950000047683716,3.984999895095825,3.930000066757202,3.950000047683716,3.678985118865967,6517768,-234045585.4777296,15437843,0.1614389286150465,-25702.39078050912,0.027424870570301,-0.0088301374198547,-13231.7168378218,3.950058239275412,37.83711594642048,1202.7125670814194,3.969500017166138,4.125381267148596,3.81361876718368,7.853948825209621,0.4374524855150427,0.0,0.0,3.917833375930786,4.003333401679993,3.83233335018158,4.36465860311856,0.6881091348865945,0.0,0.0,3.785000085830689,4.139999866485596,3.962499976158142,8.943186273326795,0.4647889121188567,0.0851957608825129,4.183936591165189,0.0092303651301599,0.0151187323239404,-0.0058883671937805,3.943333367506663,3.9480769359148464,3.9480154285866975,3.9387850634565376,0.9600002441405322,0.988000111389118,-0.0279998672485858,0.0695174219103644,24.858834621438447,0.0904999256134031,22.425784065030623,32.79944734753613,-10.373663282505508,3.9299999475479126,3.924999952316284,3.9274999499320975,3.9674999713897705,0.0976545735530207,15.750816697957948,21.58943716746998,23.16720534410031,-9.666615313015418,3.878750026226044,3.9674999713897705,48.0,4.0,44.0,3.968454721518034,4.080980358508411,0.0,0.0,51.15368884240044,0.3197607232141101,0.3194879581949075,0.337845522375509,3.223882007383084,55.310780423695455,46.47889121188568,46.47889121188567,-53.521108788114326,0.047088252095615,-3.658533181412236,0.234345489318468,0.3838657833888287,-0.1495202940703606,-0.670752281727131,0.7548215475388252,-1.4255738292659563,3.963263646782977,0.2538068608636479,0.2534853152055927,4.221638191058452,-0.253798828694741,3.639714241027832,4
2022-08-22,3.799999952316284,3.809999942779541,3.75,3.799999952316284,3.639714241027832,5559237,-230339427.4777296,9878606,0.1975658571645221,-141157.20355045848,-0.1915728797957808,-0.0262080157263549,-194567.85513541417,3.9343730179721024,33.0588568632878,1157.039909465222,3.965500009059906,4.1339606030157325,3.79703941510408,8.496310355362374,0.0087870318591559,0.0,0.0,3.9090000311533606,3.985000054041544,3.833000008265177,3.888463662445131,-0.2171055658591373,0.0,1.0,3.75,4.139999866485596,3.944999933242798,9.834821979436894,0.1282050498295001,0.0966761895626332,4.6183956772365855,-0.0032608680007681,0.0114428122589987,-0.0147036802597669,3.921666701634725,3.9492307809682994,3.925243816852788,3.928504684853556,0.8872732878124435,1.0363637687745932,-0.1490904809621497,0.0563047587260442,24.8431167516808,0.0744999527931211,17.44340603789805,30.589363103569863,-13.145957065671812,3.8949999809265137,3.944999933242798,3.919999957084656,3.944999933242798,0.0488272867765103,16.706816752729136,18.300549896576054,33.34836778588141,-160.1232364563556,3.862499952316284,3.9674999713897705,44.0,100.0,-56.0,3.968454721518034,4.075060753054856,0.0,0.0,39.672633694918765,0.0,0.200774377846947,0.2963506249812849,-0.7807673037264807,47.02197703453232,12.820504982950007,34.32046231472967,-87.17949501704999,0.0222647225155547,-6.403940742059635,-0.0830053229499902,0.2904915621210649,-0.3734968850710551,-1.9410236199234228,0.2156525140463757,-2.1566761339697984,3.956643414298065,-3.797470722953333,-3.871453680086345,0.2638519937706807,1.0674378006247451,3.582245349884033,0
2022-08-23,3.7799999713897705,3.7899999618530273,3.7200000286102295,3.740000009536743,3.582245349884033,8145146,-233830204.33487248,1733460,0.1280365814662926,-190807.35931910836,-0.0214851478677175,-0.0279880934577879,-339717.84487971745,3.910974460364959,32.236706508970514,1157.039909465222,3.956000006198883,4.1507715962083145,3.761228416189452,9.846895333884346,-0.0544956444923029,0.0,1.0,3.898000033696493,3.973000033696492,3.823000033696492,3.848127211475526,-0.5533334943983274,0.0,1.0,3.7200000286102295,4.139999866485596,3.9299999475479126,10.6167805161083,0.0476190205874522,0.0950085629769753,5.074451272554071,-0.0177966059974328,0.0055949286077124,-0.0233915346051452,3.896666705608368,3.944615400754489,3.896744769573396,3.914541375570829,0.8555961488771693,1.043321430766257,-0.1877252818890877,0.0359233608144816,24.79816153779885,-0.055999910831451,11.160289487987647,27.686430354011048,-16.5261408660234,3.879999995231629,3.9299999475479126,3.9049999713897705,3.940000057220459,0.0244136433882551,17.82473483747799,17.173579156105255,33.60403048765536,-169.03769135253472,3.8600000143051143,3.9674999713897705,40.0,100.0,-60.0,3.968454721518034,4.062058322932662,0.0,0.0,36.175124503423255,0.0,0.1065869077380366,0.2089497479266304,-5.315414231326499,42.96036280763753,4.761902058745226,21.353766084526963,-95.23809794125478,-0.0204411906354566,-7.425741464083657,-0.4546281234500344,0.141467625006845,-0.5960957484568795,0.2110886946521842,0.2147397501675374,-0.0036510555153531,3.946004925309999,-1.5789458824326583,-1.5915440207622034,-1.319259968853348,1.5789396457555398,3.582245349884033,1
2022-08-24,3.7699999809265137,3.7899999618530273,3.7300000190734863,3.740000009536743,3.582245349884033,4540795,-236857401.00153917,6274255,0.1067707276030572,-163549.1651306643,0.0066067600011822,-0.0279724656687416,-128607.4473851285,3.892404382251225,37.438092111492814,1157.039909465222,3.947000002861023,4.163064744907134,3.730935260814912,10.948302097263433,0.0209769271839275,0.0,0.0,3.8843333641688025,3.9573333422342936,3.811333386103312,3.758687590456691,-0.4885849178103382,0.0,1.0,3.7200000286102295,4.139999866485596,3.9299999475479126,10.640989044107553,0.0476190205874522,0.0915077009572319,5.43481882644924,-0.028982194388011,-0.0013204959914322,-0.0276616983965788,3.883333365122477,3.93884616631728,3.872630191106219,3.90161238549423,0.8608063438554819,1.0512820020173883,-0.1904756581619063,0.0115551537207612,24.73450183539613,-0.0870001077651978,4.485607297874143,24.10123203906993,-19.615624741195788,3.879999995231629,3.9299999475479126,3.9049999713897705,3.9149999618530273,0.0122068216941275,18.86280163045907,16.359860909281473,32.01180486444234,-143.79334388204106,3.84250009059906,3.9674999713897705,36.0,96.0,-60.0,3.968454721518034,4.041534825273317,0.0,0.0,36.175124503423255,0.0,0.0,0.1024537618616612,-8.836921467539767,42.115748803467326,5.714277929192436,7.765561656962547,-94.28572207080757,-0.0676617797683265,-4.102566203030176,-0.7428260812315371,-0.0353911162408314,-0.7074349649907057,-2.4683505925898563,-0.3218783183839413,-2.146472274205915,3.930474614639087,0.0,0.0,-1.319259968853348,0.0,3.639714241027832,2
2022-08-25,3.759999990463257,3.799999952316284,3.7200000286102295,3.799999952316284,3.639714241027832,4546628,-232310773.00153917,10820883,0.1128877333417455,-101213.93870630384,0.0,-0.0256441730427678,72940.48640220436,3.876937754596121,42.80829733627928,1157.039909465222,3.937000000476837,4.160705109040325,3.713294891913349,11.364242242133288,0.1937932060642418,0.0,0.0,3.8728333552678422,3.9443333228429154,3.801333387692769,3.692385445803839,-0.0093247271412033,0.0,1.0,3.7200000286102295,4.139999866485596,3.9299999475479126,10.66801721677666,0.190476082349809,0.0903569232321142,5.557664934414824,-0.0326292303766999,-0.0075822428684858,-0.0250469875082141,3.8783333698908486,3.932692316862253,3.86145630821546,3.89408553859216,0.8790038413391356,0.9928827386133068,-0.1138788972741713,-0.0114772001366168,24.69394119465218,-0.0469998955726622,-0.8225048062156861,19.864499373611626,-20.68700417982731,3.879999995231629,3.9299999475479126,3.9049999713897705,3.9149999618530273,0.0061034108470637,19.826720795370072,15.317710247583532,29.972599041934565,-113.37229756547724,3.848750054836273,3.9674999713897705,32.0,92.0,-60.0,3.968454721518034,4.0222427374735314,0.0,0.0,42.09550324352231,0.3196500623291992,0.1065500207763996,0.0710456428381455,-10.003770193713653,43.269289182214095,24.99998137354462,11.825387120494083,-75.00001862645537,-0.1012500307139228,-1.5544027049267966,-0.8379176588015192,-0.1958964247529689,-0.6420212340485503,-4.641988433153632,-1.1859003413378797,-3.456088091815752,3.925766244498397,1.604276540816718,1.5915440207622034,0.2638519937706807,-1.6042701024277761,3.620558023452759,3
2022-08-26,3.829999923706055,3.839999914169312,3.7699999809265137,3.7799999713897705,3.620558023452759,4479740,-235510587.28725344,6341143,0.092114536428065,-99554.04954193764,0.0703164467548274,-0.0044037089891334,49362.92964430808,3.87312805400966,51.90446419833288,1150.9502314623542,3.925,4.155260674079105,3.694739325920895,11.733027978553116,0.1851393986616766,0.0,0.0,3.861166675885519,3.9346666415532425,3.787666710217793,3.80713767819247,-0.0521547102666834,0.0,1.0,3.7200000286102295,4.139999866485596,3.9299999475479126,10.70063281211124,0.1428570617623567,0.0883212242331826,5.552440395456549,-0.0367101917479963,-0.0134078326443879,-0.0233023591036084,3.869166692097982,3.927692312460679,3.8489245640884304,3.885634755836427,1.0368853075726625,0.934426293581987,0.1024590139906754,-0.0336099827042842,24.63885588930778,-0.0249999046325677,-7.710069575204012,15.13411988432324,-22.844189459527254,3.879999995231629,3.9299999475479126,3.9049999713897705,3.9149999618530273,0.0030517054235318,20.056184745509206,17.686160982179807,28.275327675586997,-87.97110413631302,3.847500026226044,3.9674999713897705,28.000000000000004,88.0,-60.0,3.968454721518034,4.0041081749417335,0.0,0.0,40.738962303149954,0.2464083973652312,0.1886861532314767,0.0984120580026255,-11.36521372145615,43.35958522152772,18.749986030158468,16.488081777631834,-81.25001396984153,-0.1326323894893422,-2.8277668521326174,-0.9447669185287104,-0.3456705235081173,-0.5990963950205931,-6.474783412874199,-2.243676955645144,-4.231106457229055,3.916161587617165,-0.5263152941442195,-0.5277052121341219,-0.2638519937706696,0.5263110317601161,3.582245349884033,4
2022-08-29,3.740000009536743,3.759999990463257,3.7100000381469727,3.740000009536743,3.582245349884033,4720526,-234566482.08725345,1620617,0.0511649858770495,-112306.45102540708,-0.0741441382651632,-0.0095345942645892,-73530.16558207072,3.8668075648181,54.42390352220799,1150.9502314623542,3.9070000052452087,4.136006522079714,3.6779934884107033,11.722882852677778,0.1353815646452754,0.0,0.0,3.8441666762034097,3.914666620890299,3.77366673151652,3.667892192256196,-0.2387712652066614,0.0,1.0,3.7100000381469727,4.139999866485596,3.924999952316284,11.005882461257782,0.0697674031770674,0.0864890951341441,5.548797756289443,-0.0426800565400173,-0.0192622774235138,-0.0234177791165035,3.855833351612091,3.92269231722905,3.832166940311248,3.874846996851265,0.9586779155592192,0.9504132622228464,0.0082646533363726,-0.056129976395906,24.611767462589963,0.0230000615119934,-13.031925897794297,10.015623757597538,-23.047549655391837,3.875,3.924999952316284,3.899999976158142,3.9149999618530273,0.0015258527117659,20.830607035365357,16.6695927059733,31.576814223138538,-119.19904732550786,3.8350000381469727,3.9674999713897705,24.0,84.0,-60.0,3.968454721518034,3.987061686161843,0.0,0.0,38.09485996617163,0.1036493757007218,0.2232359451317173,0.172824039713198,-13.319156772234647,40.97032933083391,9.090902522902638,17.61362330886857,-90.90909747709736,-0.1386912072406096,-4.102566203030176,-1.1014643049054471,-0.4968292797875833,-0.6046350251178638,-7.586172817651041,-3.3121761280463238,-4.273996689604717,3.903768860751166,-1.058200057031233,-1.0638388086280814,-1.319259968853348,1.0581980269491282,3.563088893890381,0
2022-08-30,3.7300000190734863,3.759999990463257,3.714999914169312,3.7200000286102295,3.563088893890381,4636327,-238172492.3636067,-3015710,-0.0003045093213154,-109509.30824593184,0.002426433709977,-0.0119489064228475,-74745.77762969161,3.8572880864009536,47.73019881786621,1144.7954232757454,3.887000012397766,4.107825722736559,3.6661743020589728,11.362269597862577,0.121873776537788,0.0,0.0,3.819666663805644,3.886666599909464,3.752666727701823,3.5081561822500364,-0.2437815689926495,0.0,1.0,3.7100000381469727,4.139999866485596,3.924999952316284,11.062511627659346,0.0232558010590224,0.0823401932501242,5.642155331535432,-0.0484663586983882,-0.0251030936784887,-0.0233632650198995,3.838333348433177,3.916538467774025,3.814910492357245,3.863376851055633,0.9361703595515388,0.9744681032387196,-0.0382977436871809,-0.0788495277409856,24.5716112479415,0.0130000829696661,-19.83739807668648,4.458665343713019,-24.29606342039949,3.847499966621399,3.924999952316284,3.8862499594688416,3.9149999618530273,0.0007629263558829,21.54971344737464,16.031650235637027,30.368374927339776,-112.6641278635358,3.8350000381469727,3.9674999713897705,20.0,100.0,-80.0,3.968454721518034,3.9648967543206535,0.0,0.0,36.80847541779156,0.0341955587879662,0.1280844439513064,0.1800021807715002,-15.311839323979068,39.43854043234963,3.0303008409675463,10.290396464676208,-96.96969915903246,-0.1393235697465784,-5.343512330274639,-1.2545076643285582,-0.6483649566957783,-0.6061427076327799,-8.541096750512862,-4.357960252539631,-4.183136497973231,3.8647049056997433,-0.5347588469389097,-0.5361938000394639,-1.8469639563946871,0.5347611378509498,3.572666883468628,1
2022-08-31,3.700000047683716,3.75,3.690000057220459,3.7300000190734863,3.572666883468628,9430255,-235029074.03027332,6414545,0.0180261482849733,-80393.34134421585,-0.0111343163149843,-0.0120071614012293,556.9546731944429,3.839798562537856,46.51435028563132,1144.7954232757454,3.868500018119812,4.076468775282642,3.6605312609569824,10.75190674363278,0.1670172940017935,0.0,0.0,3.793666664759319,3.857666603724162,3.729666725794474,3.3740412440218392,0.0026038562255128,0.0,0.0,3.690000057220459,4.139999866485596,3.9149999618530273,11.632410680040476,0.0888888417938409,0.0801061682030658,5.729768152008139,-0.0516497431023403,-0.030412423563259,-0.0212373195390813,3.8241666754086814,3.908846158247728,3.801847342621282,3.8534970857236224,0.9254387478419456,0.9824561513582024,-0.0570174035162568,-0.100101162495404,24.57995417833791,0.1214999914169312,-25.291209023879,-1.242002276776555,-24.04920674710245,3.837499976158142,3.9149999618530273,3.8762499690055847,3.9149999618530273,0.0003814631779414,22.449563458078217,15.19657698736417,30.95688173292216,-107.06581505157028,3.8350000381469727,3.9674999713897705,16.0,96.0,-80.0,3.968454721518034,3.944505017026759,0.0,0.0,37.9369511590113,0.0951236441104004,0.0776561928663627,0.1429921939831289,-16.63541060284192,43.90148593297214,11.428563643472849,7.8499223357810015,-88.57143635652716,-0.1454117992345023,-4.358976208638515,-1.340334297739359,-0.7867588249044946,-0.5535754728348645,-2.640597615925326,-4.01448772521677,1.3738901092914442,3.8409847324355697,0.2688169458695544,0.2684562793282108,-1.5831119626240175,-0.26881141233019434,3.5535106658935547,2
2022-09-01,3.7300000190734863,3.744999885559082,3.690000057220459,3.7100000381469727,3.5535106658935547,4497203,-236255576.85030577,1917342,0.0569728130121816,-81757.71746970787,-0.0030575163709972,-0.013631902137543,1236.4575905806923,3.8280122875710094,40.32428522909221,1138.6571158995534,3.851000022888184,4.050288781037672,3.651711264738696,10.349974394444423,0.1462420006766107,0.0,0.0,3.772166657447815,3.83266658782959,3.71166672706604,3.2077018793601386,-0.0137743044376243,0.0,1.0,3.690000057220459,4.070000171661377,3.880000114440918,9.867569778821355,0.0526315129034605,0.0775955342166216,5.9015859476587895,-0.0551506867052453,-0.0353600761916563,-0.019790610513589,3.8008333444595337,3.900769233703613,3.787716988086773,3.8428676747920174,0.8864629411994983,0.9868996742513656,-0.1004367330518674,-0.1202860574273399,24.50157478986285,0.1090000152587888,-31.13592331050975,-7.19330309628104,-23.94262021422871,3.764999985694885,3.9149999618530273,3.839999973773956,3.9149999618530273,0.0001907315889707,23.28513846801725,14.45336860087204,29.442895119839285,-102.00535610301412,3.8350000381469727,3.9674999713897705,12.0,100.0,-88.0,3.968454721518034,3.919054521046129,0.0,0.0,36.53181215556524,0.0192580973691784,0.0495257667558483,0.0850888011911725,-18.14553231706646,44.443477116021015,5.714281821736424,6.72438210205893,-94.28571817826358,-0.1529559198547811,-7.017543125827705,-1.4351440479466993,-0.9164358695129357,-0.5187081784337637,-4.606752261033506,-4.132940632380118,-0.4738116286533884,3.8179196475578334,-0.5361925153952618,-0.5376351867712792,-2.1108159501653567,0.5361881809835864,3.5535106658935547,3
2022-09-02,3.7100000381469727,3.75,3.700000047683716,3.7100000381469727,3.5535106658935547,3847836,-238564278.45030576,5765178,0.0639326821847223,-70078.0435454639,0.0097457964677808,-0.0133247785859822,-24113.66588813093,3.815560410159017,46.93206352137631,1138.6571158995534,3.834500026702881,4.022805664913652,3.6461943884921095,9.821652726532228,0.1694204439684519,0.0,0.0,3.7486666599909455,3.808666602770488,3.688666717211406,3.201135135322271,0.1777778440052208,0.0,0.0,3.690000057220459,4.039999961853027,3.865000009536743,9.127654249451602,0.0571428182173642,0.0748359760265878,6.025745193033827,-0.0572650933832457,-0.0397410796299741,-0.0175240137532715,3.7800000111262,3.8896153890169582,3.77576053424988,3.833025627633126,0.9013455369510546,1.0000000000000004,-0.0986544630489458,-0.1386851572316813,24.44170327473282,0.1055000305175779,-37.161487096089694,-13.260513444501903,-23.90097365158779,3.764999985694885,3.9149999618530273,3.839999973773956,3.9149999618530273,9.536579448537188e-05,23.957638272503328,14.249893421055567,28.09757213715298,-89.26104935119035,3.880000114440918,3.9674999713897705,8.0,96.0,-88.0,3.968454721518034,3.896149074663562,0.0,0.0,36.531812155565234,0.019258097369178,0.0445466129495855,0.0572428575239322,-19.39413274255701,44.56107630050834,5.714281821736424,7.619042428981889,-94.28571817826358,-0.1657206135637619,-6.313131252316453,-1.4939919256059504,-1.0319470807315383,-0.4620448448744119,-7.088163138054289,-4.723985133514952,-2.364178004539337,3.7965659725006793,0.0,0.0,-2.1108159501653567,0.0,3.5535106658935547,4
2022-09-05,3.690000057220459,3.7300000190734863,3.670000076293945,3.7100000381469727,3.5535106658935547,3638333,-237351500.78363907,9403511,0.0268901486952426,-60066.894467540485,-0.0412275934879638,-0.0206670063245136,0.0,3.793547575140934,38.991170161531606,1138.6571158995534,3.825000023841858,4.01823565926038,3.631764388423336,10.103824011192282,0.202435874610262,0.0,0.0,3.740333334604899,3.800333277384441,3.6803333918253593,3.208267146910796,0.2472222884496652,0.0,0.0,3.670000076293945,4.039999961853027,3.8550000190734863,9.67319956216502,0.1081080384459754,0.0733523727018832,6.200425948471534,-0.0582690861550889,-0.0434466809349971,-0.0148224052200918,3.7608333428700766,3.877692314294668,3.765643534849433,3.823912621004522,0.8403756047218108,1.1032865972826975,-0.2629109925608867,-0.1548565289803133,24.399399409101107,0.1250000238418578,-39.36598486779327,-18.87454392847756,-20.491440939315705,3.754999995231629,3.9049999713897705,3.8299999833107,3.9049999713897705,4.768289724268593e-05,24.895409868963014,13.45536841130265,29.318776127747626,-91.78008882436625,3.90500009059906,3.9674999713897705,4.0,92.0,-88.0,3.968454721518034,3.8755341729192514,0.0,0.0,36.53181215556524,0.0225039496280257,0.0203400481221273,0.0381374759425204,-20.44108612642306,39.54927511507098,10.81080384459754,7.413122496023452,-89.18919615540246,-0.1675735494669745,-5.837563851096586,-1.5238079927616646,-1.1303192631375638,-0.3934887296241007,-9.40065916586305,-5.659319939984572,-3.741339225878479,3.788767752055172,0.0,0.0,-2.1108159501653567,0.0,3.505619764328003,0
2022-09-06,3.7300000190734863,3.740000009536743,3.650000095367432,3.660000085830689,3.505619764328003,5413307,-241561850.672528,3990204,-0.0088365270392687,-90152.35123980684,-0.0083128324643971,-0.0243770386205021,-72955.54962004625,3.7727827314315134,31.89646733708172,1138.6571158995534,3.815000033378601,4.020280352137409,3.609719714619793,10.761746629763955,0.1224675885026566,0.0,0.0,3.733666674296061,3.795666615168254,3.671666733423869,3.3211288677172366,-0.0940859574142997,0.0,1.0,3.650000095367432,4.039999961853027,3.8450000286102295,10.222801129052876,0.0256410099659,0.075017126848626,6.420135976669148,-0.062380255193529,-0.0472333957867035,-0.0151468594068255,3.736666679382324,3.8607692443407498,3.749390696538857,3.811770951732386,0.8028169234798848,1.122065714036262,-0.3192487905563772,-0.1710713112460972,24.43503687684001,-0.0150000810623169,-42.34789844711853,-24.078266789032305,-18.26963165808623,3.745000004768372,3.8949999809265137,3.819999992847442,3.8949999809265137,2.3841448621342966e-05,25.967076341554964,12.34360139001784,28.732414286454105,-96.3635834307829,3.9299999475479126,3.9674999713897705,4.0,100.0,-96.0,3.968454721518034,3.8508700813242154,0.0,0.0,32.74482684500255,0.0,0.0139206823324012,0.0262691144680381,-22.42348590357299,38.08040622320019,2.985073564630337,6.503386410321425,-97.01492643536967,-0.1691617643131926,-7.341771097523991,-1.6365163590214755,-1.2315586823143465,-0.4049576767071292,-8.547044638825216,-6.236864879752701,-2.310179759072516,3.7784198680218775,-1.3477075957459284,-1.356871603726395,-3.4300759190186936,1.347706706643848,3.43857216835022,1
2022-09-07,3.619999885559082,3.640000104904175,3.549999952316284,3.5899999141693115,3.43857216835022,5508248,-242173891.1986162,-1518044,-0.0142779974439158,-132356.05899889712,-0.163391652020024,-0.0284146977916399,-178304.81096191483,3.747408296051354,32.277114048808926,1138.6571158995534,3.800000023841858,4.02414287273153,3.5758571749521857,11.79699197280848,0.0315484952725107,0.0,0.0,3.717666673660278,3.782666635513306,3.652666711807252,3.4968149411324414,-0.4820525724279473,0.0,1.0,3.549999952316284,4.039999961853027,3.794999957084656,12.894737012168376,0.0816325736214662,0.0785154275152038,6.766673495989632,-0.0704744297556811,-0.051881602580499,-0.0185928271751821,3.7191666762034097,3.840384630056528,3.724869037712773,3.795343467468454,0.7788016964865874,1.129032215534045,-0.3502305190474579,-0.1898383082939824,24.528647626500224,-0.0600000143051149,-47.07536791788497,-29.217473801439997,-17.857894116444974,3.694999933242798,3.84499990940094,3.769999921321869,3.84499990940094,1.1920724310671483e-05,27.79503684662688,11.13283648354448,34.83123095543787,-146.29563095113346,3.945000052452088,3.9674999713897705,4.0,100.0,-96.0,3.968454721518034,3.822748283290265,0.0,0.0,28.31882286710163,0.0,0.0075013165426752,0.0139206823324013,-25.572673305086667,36.736571888083766,9.195394739005614,7.663757382744488,-90.8046052609944,-0.1843823531094717,-5.526316862687524,-1.8568656660391425,-1.3566200790593057,-0.5002455869798368,-7.63912578815287,-6.517317061432736,-1.1218087267201344,3.751785557282479,-1.912572951360736,-1.9310992272365104,-5.277046166141142,1.9125746796625265,3.572666883468628,2
2022-09-08,3.619999885559082,3.740000009536743,3.609999895095825,3.7300000190734863,3.572666883468628,7284479,-236010099.2202096,5766435,0.0173361779211231,32241.63859698221,0.142769293961199,-0.0201758104065758,178725.3482833619,3.724496989175081,32.54569092245312,1138.6571158995534,3.791500020027161,4.012703577235152,3.570296462819169,11.668392775395896,0.3609877668109839,0.0,0.0,3.709666673342386,3.779666654268901,3.6396666924158736,3.7739229472843263,0.6452382233678395,0.0,0.0,3.549999952316284,4.039999961853027,3.794999957084656,12.923645178649718,0.3673470678651174,0.0856638943004266,6.694336204963866,-0.0648447925712147,-0.0544742405786422,-0.0103705519925725,3.718333343664805,3.8261538652273326,3.725658419460575,3.7905032120317896,0.788135519592054,1.0296608979452957,-0.2415253783532415,-0.2021601811285547,24.721769586826905,-0.0515000104904173,-50.12579168533762,-33.930331813677064,-16.195459871660553,3.6549999713897705,3.84499990940094,3.7499999403953552,3.84499990940094,5.960362155335742e-06,27.62155927199101,18.125043651341837,30.445658293541005,-70.72989043378755,3.945000052452088,3.9674999713897705,4.0,96.0,-92.0,3.968454721518034,3.779108550334428,0.0,0.0,44.48171524650546,1.0,0.3333333333333333,0.1182517774028033,-23.196654213694018,48.743212966426334,62.06899670160175,24.749821668412554,-37.93100329839825,-0.1870000025805307,-0.2673794234694531,-1.7107172568904545,-1.4274395146255356,-0.2832777422649186,-4.274935762053935,-6.068840801556975,1.7939050395030405,3.751091915930621,3.8997244638254935,3.825606017734184,-1.5831119626240175,-3.8997208304266735,3.563088893890381,3
2022-09-09,3.660000085830689,3.75,3.660000085830689,3.7200000286102295,3.563088893890381,5337843,-234230818.2202096,428592,-0.0170310735202213,20010.20749821872,0.0505823340811444,-0.0028790094153668,269764.05230045575,3.7189331752159065,39.69344773082579,1135.604418783819,3.781000018119812,3.994719485475809,3.5672805507638152,11.304917552593594,0.3572895809066059,0.0,0.0,3.7010000149408975,3.772999993960063,3.629000035921733,3.890839163928768,0.6319445778190708,0.0,0.0,3.549999952316284,4.039999961853027,3.794999957084656,12.959534704800312,0.3469389244597508,0.0860974962873151,6.427010527654193,-0.0604928562092719,-0.0556779637047681,-0.0048148925045037,3.716666678587596,3.8130769454515896,3.724787897791291,3.785280754000563,0.8878505172683108,0.9906542097723589,-0.1028036925040479,-0.2097523577991468,24.961576161553577,0.0189999341964721,-52.85553875050994,-38.355177686201024,-14.50036106430892,3.6549999713897705,3.810000061988831,3.732500016689301,3.84499990940094,2.980181077667871e-06,27.2968590074204,17.597345727888467,28.15505875219667,-54.63218718952218,3.957499921321869,3.9674999713897705,28.000000000000004,92.0,-64.0,3.549999952316284,3.779108550334428,1.0,0.0,43.7233416450318,0.9530793385446256,0.6510264461815418,0.3306203653525168,-21.577163662160352,50.60760717714975,58.62072367447465,43.295038371694,-41.37927632552535,-0.185705882661483,-0.5347588469389063,-1.598107515415828,-1.4615731147835942,-0.1365344006322337,-4.377630271974961,-5.730598695640573,1.3529684236656123,3.750246727309156,-0.2680962576976253,-0.2684562793282108,-1.8469639563946871,0.2680907537886128,3.582245349884033,4
2022-09-12,3.759999990463257,3.7699999809265137,3.7100000381469727,3.740000009536743,3.582245349884033,3497082,-234230818.2202096,3925674,-0.001000393068809,27143.25975539523,0.0600499500603579,0.0029449261509242,4490.940729133557,3.716420217950052,47.2372385088603,1141.709813015288,3.7730000138282778,3.980181110736386,3.5658189169201697,10.982300352439784,0.4203595193190543,0.0,0.0,3.7013333479563393,3.774333326021831,3.628333369890849,3.944523294871411,0.7648402273882465,0.0,0.0,3.549999952316284,4.039999961853027,3.794999957084656,12.987013192177654,0.3877552112704839,0.0834877409365376,6.086643708450719,-0.0547984021058143,-0.0555020513849774,0.000703649279163,3.711666683355967,3.801538485747117,3.727128222675207,3.781926624781021,0.9714285844037392,0.9619047792049844,0.0095238051987546,-0.2124372766991971,24.90807478603437,0.0069999575614927,-52.94900561031943,-42.03424518993802,-10.914760420381413,3.659999966621399,3.794999957084656,3.7274999618530273,3.84499990940094,50.00000149009054,26.662490331037304,18.403771302867835,26.71219034049546,-27.552846768811147,3.959999918937683,3.9674999713897705,24.0,88.0,-64.0,3.5539999532699587,3.779108550334428,0.0,0.0,45.71668769750697,1.0,0.9843597795148752,0.6562398530099168,-19.64039409056472,51.79924069848265,65.51726972872885,62.06899670160174,-34.48273027127115,-0.1730000089196597,-1.57894588243266,-1.4489546610118915,-1.4590494240292535,0.010094763017362,-7.1125272753590485,-6.006984411584268,-1.1055428637747804,3.750204077079094,0.537633891739131,0.5361938000394639,-1.319259968853348,-0.5376362073508716,3.5535106658935547,0
2022-09-13,3.75,3.759999990463257,3.700000047683716,3.7100000381469727,3.5535106658935547,4462478,-237205803.5535429,-536804,-0.0651992729032806,4140.763743555868,-0.0134454187917871,0.0015126276657121,-16993.74579264518,3.714502061009501,40.8784167707351,1141.709813015288,3.759000015258789,3.942073789557398,3.5759262409601806,9.74055725221937,0.3661742314005786,0.0,0.0,3.700500019391377,3.774999984105429,3.626000054677328,4.026480979524671,0.5637585453366183,0.0,0.0,3.549999952316284,4.039999961853027,3.794999957084656,13.035381951255696,0.3265307810543842,0.081138961120838,5.788714477964378,-0.0521056121116245,-0.0548227635303068,0.0027171514186822,3.705833355585734,3.794230791238638,3.7244931173631706,3.776598729474795,0.9523809740062316,0.9714285844037382,-0.0190476103975066,-0.2128183746886841,24.835365296146534,-0.019000005722046,-52.81869460414299,-45.09285469885624,-7.7258399052867475,3.659999966621399,3.794999957084656,3.7274999618530273,3.84499990940094,59.00557180869165,26.18986956178564,17.441203311671362,26.186781749826487,-36.86981334891099,3.9387499690055847,3.9674999713897705,20.0,84.0,-64.0,3.562639954376221,3.779108550334428,0.0,0.0,43.24245423753017,0.8577852234112825,0.9369548539853026,0.8574470265605733,-18.765416539255085,51.41445256436718,55.17245064734755,59.770148016850335,-44.82754935265245,-0.1602647199350246,-1.851850099804667,-1.3796968077376544,-1.443178900770934,0.0634820930332795,-7.832319047327055,-6.372051338732826,-1.4602677085942295,3.749935585466581,-0.802138270408359,-0.8053727074825323,-2.1108159501653567,0.8021417067764105,3.4960415363311768,1
2022-09-14,3.670000076293945,3.690000057220459,3.650000095367432,3.650000095367432,3.4960415363311768,4128643,-241334446.5535429,-4665447,-0.0669385376421444,-31839.108756545076,-0.0581303692851483,-0.0026395415689413,-102565.6862212329,3.707748035294348,34.666579316159826,1123.2455211696276,3.743500018119812,3.907362771232771,3.5796372650068524,8.754521293965974,0.2147005009493363,0.0,0.0,3.694500025113423,3.766999991734823,3.622000058492025,3.924751177619669,0.193103791492938,0.0,0.0,3.549999952316284,3.984999895095825,3.767499923706055,11.620139993962695,0.229885416563901,0.0790250592867082,5.72139479616269,-0.0541884004335004,-0.0546958909109455,0.000507490477445,3.698333362738292,3.786153875864469,3.7130326524407495,3.76722105287425,0.9126213996751495,1.0291262001082833,-0.1165048004331337,-0.2142726912571785,24.708341936749346,-0.0234999895095824,-54.05238884284991,-47.63912864689404,-6.413260195955871,3.659999966621399,3.794999957084656,3.7274999618530273,3.84499990940094,46.49968109186799,26.305758261238942,16.51119307839855,29.233984217407887,-100.35724274279728,3.9387499690055847,3.9674999713897705,16.0,80.0,-64.0,3.570934355438233,3.779108550334428,0.0,0.0,38.72799616070412,0.5983017683532593,0.8186956639215138,0.9133367658072308,-19.405655480588592,45.67226038764754,34.482812484585104,51.724177620220495,-65.51718751541489,-0.1367352962493897,-2.4064148112250665,-1.438418390451411,-1.4422267987070294,0.0038084082556184,-8.866168181524573,-6.870874707291176,-1.9952934742333976,3.7465172863000142,-1.6172491148951251,-1.6304693179083118,-3.693927912789363,1.6172493898488653,3.582245349884033,2
2022-09-15,3.680000066757202,3.759999990463257,3.670000076293945,3.740000009536743,3.582245349884033,5896061,-238058857.1090985,1230614,-0.0545852310929617,48515.761628250286,0.0686897960391132,-0.002755730905778,78611.74120677185,3.703509501720543,35.8731459241295,1123.2455211696276,3.7335000157356255,3.870361254242841,3.596638777228412,7.33152473177361,0.5237466570959539,0.0,0.0,3.695333361625672,3.771333336830139,3.619333386421204,4.113294675586911,0.7938596216044949,0.0,0.0,3.549999952316284,3.984999895095825,3.767499923706055,11.651263986772245,0.4367817981915263,0.0821225428676199,5.545784607850851,-0.0480232026843299,-0.0533613532656224,0.0053381505812925,3.7000000278155016,3.780384641427261,3.717181476609364,3.765204679293694,0.8691589368130289,0.9813084195447191,-0.1121494827316902,-0.2114185224673003,24.631253174667407,-0.00349999666214,-53.97984390785007,-49.50783495931185,-4.4720089485382175,3.659999966621399,3.794999957084656,3.7274999618530273,3.84499990940094,73.24984054593399,25.2471345355303,20.99987500177737,26.449441372228925,-16.469019162188758,3.9387499690055847,3.9674999713897705,12.0,76.0,-64.0,3.578896980457764,3.779108550334428,0.0,0.0,47.57000680909587,1.0,0.8186956639215138,0.8581153939427768,-17.012675338071624,53.9165402984441,86.36365114164555,58.67297142452605,-13.636348858354458,-0.1197646898381852,0.5376338917391232,-1.27544733353881,-1.4088709056733857,0.1334235721345755,-6.836234810864605,-6.863946728005862,0.0277119171412572,3.746448209970944,2.465751008706518,2.435842025390844,-1.319259968853348,-2.4657548446441098,3.4768853187561035,3
2022-09-16,3.690000057220459,3.7200000286102295,3.630000114440918,3.630000114440918,3.4768853187561035,11409659,-249468516.1090985,-10179045,-0.1389705785929854,-137709.53190137655,-0.0315521536055387,0.0002865537127665,-190195.70141288507,3.695243069460278,32.90865745102096,1123.2455211696276,3.717500019073486,3.819847428321949,3.615152609825023,5.506249292446334,0.072534833685191,0.0,0.0,3.689333367347717,3.769333338737488,3.6093333959579463,4.336825297372517,0.1291670367123019,0.0,0.0,3.549999952316284,3.839999914169312,3.694999933242798,7.800940426768433,0.2758626643033075,0.0849102780904404,5.345038635017848,-0.0514205669889569,-0.0529731960102893,0.0015526290213324,3.6916667024294543,3.77000002677624,3.70376895935268,3.7551895263416366,0.8738739280555462,0.9459459691666624,-0.0720720411111163,-0.2109781452267334,24.67898799007293,-0.0074999809265134,-56.018827357074926,-51.35815079145426,-4.660676565620662,3.659999966621399,3.794999957084656,3.7274999618530273,3.84499990940094,61.6233772587702,24.724925713480243,19.04617306858424,27.37179838240762,-119.07155829658646,3.9387499690055847,3.9674999713897705,8.0,72.0,-64.0,3.586541100476514,3.779108550334428,0.0,0.0,39.97670290860296,0.6055669135273808,0.7346228939602133,0.7906714072677471,-17.586411782963822,48.73270794241071,36.3637053276792,52.40338965130328,-63.6362946723208,-0.1142940963015837,-2.6809625769762824,-1.3693201535702946,-1.4009607552527674,0.0316406016824728,2.5848740884088603,-4.974182564722918,7.559056653131778,3.743912285937984,-2.941173658163987,-2.985293417318924,-4.2216319003307134,2.9411729470551364,3.4673068523406982,4
2022-09-19,3.609999895095825,3.6449999809265137,3.5999999046325684,3.619999885559082,3.4673068523406982,5053821,-250030063.67623705,-15232866,-0.1782370795056286,-125256.65116229834,-0.0467470019023907,-0.0032258345452597,-349500.57511403423,3.6884335200572655,32.79606771752711,1120.1511101646506,3.708500015735626,3.81189730462464,3.605102726846612,5.576232355415218,0.0720384396560953,0.0,0.0,3.681166688601176,3.7596666733423865,3.6026667038599647,4.264951379913767,0.1104024526645403,0.0,0.0,3.549999952316284,3.839999914169312,3.694999933242798,7.819872202306106,0.241379111898897,0.0809192579107909,5.102351159433176,-0.054294069337982,-0.0532373706758278,-0.0010566986621541,3.684166689713797,3.758076942884005,3.69088140953828,3.7451754788762623,0.8423423026736194,1.0135136151041475,-0.171171312430528,-0.2123030814628414,24.645444282085425,0.0015000224113466,-56.73695696872765,-52.95693507163306,-3.780021897094585,3.659999966621399,3.794999957084656,3.7274999618530273,3.84499990940094,43.3093741080899,24.56589492424721,18.29626222236367,28.91898125734293,-166.04557089246447,3.942499935626984,3.9674999713897705,4.0,68.0,-64.0,3.5938794556945144,3.779108550334428,0.0,0.0,39.361565298096245,0.5736136782167534,0.7263935305813779,0.7599040294877017,-18.2314208903366,42.05934779455858,31.8181473361604,51.515167935161706,-68.1818526638396,-0.1239705793997822,-2.425880098719429,-1.449706953498291,-1.4107099949018722,-0.0389969585964187,1.0121588993092574,-3.776914271916483,4.78907317122574,3.7408824427039566,-0.2754883902634897,-0.2758685579016706,-4.485490184829133,0.27548985765317013,3.505619764328003,0
2022-09-20,3.660000085830689,3.694999933242798,3.625,3.660000085830689,3.505619764328003,5894514,-250030043.5996228,-9338352,-0.1496883546677727,-73679.73806714278,0.0445329193472673,0.0007503965734725,51210.3894266225,3.681886540345904,42.108590650835886,1120.1511101646506,3.704500019550324,3.8088982867291,3.6001017523715477,5.6362945945644105,0.2868741746286319,0.0,0.0,3.6788333495457968,3.755333336194356,3.6023333628972374,4.158926451941845,0.3769067516205747,0.0,0.0,3.549999952316284,3.839999914169312,3.694999933242798,7.828315840803529,0.379310855117122,0.0803273368880834,4.829886525064651,-0.0527357538423269,-0.0531370473091277,0.0004012934668007,3.680000027020773,3.748846173286438,3.686130436660189,3.738866190502516,0.8844442937402922,0.95555557910308,-0.0711112853627876,-0.2123239649333058,24.615873990469897,0.0055000185966491,-54.4951162064929,-53.78135154814505,-0.7137646583478556,3.684999942779541,3.794999957084656,3.7399999499320975,3.84499990940094,27.90198677920055,23.624341328060865,21.488961607515986,27.010173237134783,-82.9596682638226,3.943749964237213,3.9674999713897705,4.0,64.0,-60.0,3.5999999046325684,3.779108550334428,0.0,0.0,43.13101290009418,0.7694170954692021,0.6495325624044453,0.7035163289820122,-17.527771509991283,40.233291267339766,50.00005418603386,39.39396894995781,-49.99994581396614,-0.1251764704199396,-1.3477075957459324,-1.41047449026891,-1.41066289397528,0.0001884037063697,0.8878772280537326,-2.84395597192244,3.731833199976173,3.740545783570249,1.1049779429876727,1.0989176640116671,-3.4300759190186936,-1.1049760987101678,3.4768853187561035,1
2022-09-21,3.630000114440918,3.660000085830689,3.619999885559082,3.630000114440918,3.4768853187561035,3204944,-251632486.945334,-12543296,-0.1382296986992256,-76889.52238695354,-0.0249615357550352,-0.000814176239673,38863.07242854852,3.6779463977351288,42.88413165195386,1110.969552659432,3.699000024795532,3.8068702975085222,3.5911297520825416,5.832401837788754,0.1801717997960309,0.0,0.0,3.683166686693827,3.754666678110759,3.611666695276896,3.882528134023332,0.1282057438099248,0.0,0.0,3.549999952316284,3.839999914169312,3.694999933242798,7.839955661234632,0.2758626643033075,0.0762946232264357,4.519749082752914,-0.0533070342475667,-0.0531710446968155,-0.0001359895507512,3.673333366711935,3.73500002347506,3.6774950024726087,3.730802036720176,0.8783781606842582,0.9819817826709198,-0.1036036219866616,-0.2126041088362896,24.501320144282037,-0.0389999389648432,-51.4523824340602,-53.928750520225336,2.476368086165138,3.684999942779541,3.794999957084656,3.7399999499320975,3.84499990940094,17.073100237981272,22.81129193803997,20.7040515199827,26.480179926452823,-108.51062580670848,3.943749964237213,3.9674999713897705,8.0,60.0,-52.0,3.5999999046325684,3.779108550334428,0.0,0.0,41.069018820231896,0.662307107528965,0.6684459604049734,0.6814573511302656,-17.604935725798722,38.475380250103846,36.3637053276792,39.39396894995781,-63.6362946723208,-0.1176470791592314,-2.1563321531935107,-1.4288357764066753,-1.414297470461559,-0.0145383059451162,-2.9726679909611726,-2.8696983757301866,-0.102969615230986,3.739229495094647,-0.8196713302251801,-0.8230491061099965,-4.2216319003307134,0.819668061673184,3.43857216835022,2
2022-09-23,3.650000095367432,3.660000085830689,3.5899999141693115,3.5899999141693115,3.43857216835022,5859259,-257491745.945334,-18402555,-0.2327249822851636,-99386.95253784768,-0.0179203816311955,-0.0027903318181713,-90835.1658104211,3.670890519698539,36.74690380518891,1110.969552659432,3.688500022888184,3.795882532294621,3.5811175134817463,5.822557068732469,0.0413586939654471,0.0,0.0,3.675166686375936,3.740666683514913,3.609666689236959,3.564464021824619,-0.1501280605090609,0.0,1.0,3.549999952316284,3.839999914169312,3.694999933242798,7.862273554385148,0.1379309210850839,0.0756651780699299,4.249652334755587,-0.0563380302078391,-0.0538044417990202,-0.0025335884088188,3.6675000190734863,3.7207692494759192,3.664034219656717,3.720372249864556,0.8451325902551385,0.9867255722256308,-0.1415929819704923,-0.214705494839774,24.40498691536225,-0.0985001087188721,-52.33025572375585,-53.87038573947488,1.5401300157190292,3.6799999475479126,3.767499923706055,3.723749935626984,3.84499990940094,10.096060528984337,22.42518668577281,19.370623137053244,27.53491612318611,-129.3268753277201,3.9262500405311584,3.9674999713897705,4.0,56.00000000000001,-52.00000000000001,3.5999999046325684,3.7699999809265137,0.0,1.0,38.43084333680973,0.5252674588833932,0.6523305539605201,0.6567696922566464,-18.494498031310545,36.32994888686472,18.18179847780594,34.84851933050633,-81.81820152219406,-0.1231470802251029,-1.912572951360734,-1.5143116447524885,-1.434300305319745,-0.0800113394327435,-2.251335575906978,-2.7460258157655453,0.4946902398585671,3.72944121733126,-1.1019338570397608,-1.1080501211265137,-5.277046166141142,1.1019388588747034,3.342790365219116,4
2022-09-26,3.549999952316284,3.5799999237060547,3.4600000381469727,3.490000009536743,3.342790365219116,7771689,-261377590.445334,-26174244,-0.2320066509768277,-196212.83915158093,-0.1621267947356078,-0.0114259890501459,-281046.54515914695,3.6539381570225418,35.027042299684865,1110.969552659432,3.674000024795532,3.8039846642442816,3.544015385346783,7.075919356096541,-0.2077759958373272,0.0,1.0,3.655166681607565,3.723666675885519,3.5866666873296102,3.7481187724017855,-0.7055962472100369,0.0,1.0,3.4600000381469727,3.7699999809265137,3.615000009536743,8.437668499928584,0.0967741191200968,0.0810986478651708,4.290025275511273,-0.0660479136777976,-0.0562531361747757,-0.0097947775030218,3.659166693687439,3.703461555334238,3.6372597257921058,3.703307639469904,0.7791665880216537,1.029166737033259,-0.2500001490116049,-0.2226977348291571,24.508997822063115,0.0559999942779541,-55.392850084308485,-54.14192401436256,-1.250926069945926,3.6100000143051143,3.722499966621399,3.666249990463257,3.799999952316284,5.048030264492168,23.33770946033498,17.16024599340348,35.80388940198478,-240.290698175772,3.918749988079071,3.9674999713897705,4.0,100.0,-96.0,3.5999999046325684,3.7663999795913696,0.0,0.0,32.76436523429926,0.230923063256395,0.4728325432229177,0.5978696858628038,-21.200347739904533,35.72965023707282,9.677411912009685,21.407638572498268,-90.32258808799033,-0.1440735662684722,-2.7855127304566327,-1.7834843903827498,-1.504137122332346,-0.2793472680504036,0.9887546263967532,-1.9990697273330855,2.987824353729839,3.704021417750021,-2.7855127304566296,-2.825043964499052,-7.915566103847837,2.785510916790173,3.361946821212769,0
2022-09-27,3.539999961853028,3.539999961853028,3.494999885559082,3.509999990463257,3.361946821212769,7333327,-263822006.87646827,-18840917,-0.2563905685195189,-147230.09068308544,-0.001534129947565,-0.0109417960132293,-174456.63009769883,3.63968385385425,42.91687312069918,1117.336134264707,3.662500023841858,3.806981887962973,3.5180181597207425,7.889794576413848,-0.027748012895114,0.0,1.0,3.632666675249736,3.69966668287913,3.565666667620341,3.688750640728057,-0.4154229165539776,0.0,1.0,3.4600000381469727,3.7699999809265137,3.615000009536743,8.4641622050929,0.1612901985334947,0.0779887783102822,4.153983033840135,-0.0713072493860171,-0.059263958817024,-0.0120432905689931,3.64083335796992,3.686538476210374,3.6176813049722822,3.6889885543583,0.8146550545865471,1.06896565190109,-0.2543105973145428,-0.2328966581185151,24.55745377171979,0.0575000047683715,-58.88263360376647,-54.81569501432072,-4.066938589445748,3.6100000143051143,3.649999976158142,3.629999995231629,3.799999952316284,2.524015132246084,24.185052036714133,16.385781887497497,34.18801354540768,-191.3153467273187,3.9274999499320975,3.9674999713897705,12.0,96.0,-84.0,3.5999999046325684,3.7541439819335936,0.0,0.0,34.833886066236644,0.3384240272580406,0.3648715164659428,0.4966782045497935,-22.695355724590616,31.00220859375064,16.129019853349472,14.662743414388355,-83.87098014665052,-0.1550000380067264,-5.898124061266799,-1.9329756201539932,-1.5899048218966758,-0.3430707982573175,2.817760612338352,-1.0357036593987985,3.8534642717371503,3.683423518827259,0.5730653544946174,0.5714295813826764,-7.387862116306499,-0.5730678236054274,3.3523685932159424,1
2022-09-28,3.4800000190734863,3.515000104904175,3.430000066757202,3.5,3.3523685932159424,6683681,-259497287.5506428,-25524598,-0.1835928236154939,-135745.3271939948,-0.0572287626535996,-0.0033587324870561,22982.94826593637,3.630129452138203,42.42639081810135,1114.1528434620695,3.6515000224113465,3.8096487194470017,3.493351325375692,8.662122199918173,0.0210203269104697,0.0,0.0,3.608500011761984,3.678000028928121,3.5389999945958457,3.8520170120327526,-0.2805754313888682,0.0,1.0,3.430000066757202,3.7699999809265137,3.600000023841858,9.311239547652674,0.2058822085700281,0.0786899042939512,3.7767494787676794,-0.0754129133609105,-0.0624937497258013,-0.0129191636351091,3.622500022252401,3.675000016505902,3.5995764888227004,3.674989402183611,0.84140984154092,1.0220265159273072,-0.1806166743863871,-0.2442550754958954,24.638939097248493,0.0884999871253966,-61.24740325299669,-55.61514105989258,-5.632262193104111,3.595000028610229,3.634999990463257,3.615000009536743,3.784999966621399,1.262007566123042,25.48590923264408,15.135231840748949,37.414967658154,-188.94040411060615,3.919999957084656,3.944999933242798,8.0,92.0,-84.0,3.5999999046325684,3.742378224182129,0.0,0.0,34.265965039671926,0.1014207859745038,0.2235892921629797,0.3537644506172802,-24.063740142165877,40.84732178345725,20.58822085700281,15.46488420745398,-79.41177914299719,-0.1802206053453336,-5.913979218231894,-2.052057981884289,-1.6823354538941986,-0.36972252799009,3.332261322234752,-0.1621106630720883,3.4943719853068407,3.665515605052225,-0.2849000139722779,-0.2853066265385617,-7.651714110077168,0.28490123449874716,3.381103038787842,2
2022-09-29,3.5,3.569999933242798,3.490000009536743,3.5299999713897705,3.381103038787842,6471622,-259497287.5506428,-19052976,-0.2161616980730442,-88617.64118836564,0.0710793439084272,-0.0084794432051112,36429.18471011151,3.616775890969801,41.647927319420845,1123.702715869982,3.641500020027161,3.803768355717764,3.4792316843365576,8.912169973811652,0.1564331292274199,0.0,0.0,3.5951666673024496,3.66866668065389,3.521666653951009,4.088823698768287,0.0566892239795605,0.0,0.0,3.430000066757202,3.7699999809265137,3.600000023841858,9.336809345034016,0.2941174408143259,0.0788209062351616,4.034036469916048,-0.0753770351293958,-0.0650704068065202,-0.0103066283228756,3.6050000190734863,3.6669230919617872,3.5888724092176343,3.66424944434703,0.8497653759301972,1.084507199906514,-0.2347418239763167,-0.2539273839025315,24.748120167757367,0.0685000181198121,-61.12549163689103,-56.40910191867491,-4.716389718216121,3.575000047683716,3.634999990463257,3.6050000190734863,3.784999966621399,0.6310037830615209,25.759104129083926,18.98481219799374,34.72853759758529,-116.52291801339068,3.9049999713897705,3.940000057220459,4.0,88.0,-84.0,3.5999999046325684,3.7236355347366334,0.0,0.0,37.555152087702375,0.3235784703554074,0.2544744278626505,0.2809784121638578,-24.233772233008143,39.79523722038245,29.411744081432587,22.042994930594947,-70.58825591856741,-0.1918529587633468,-5.614974267686818,-2.057093445035046,-1.7572870521223682,-0.2998063929126779,3.416136203291638,0.5535387102006569,2.862597493090981,3.6592482572479335,0.8571420397077256,0.8534894344956356,-6.860158128765159,-0.8571386102962606,3.3044774532318115,3
2022-09-30,3.5,3.509999990463257,3.440000057220459,3.450000047683716,3.3044774532318115,10695092,-267136638.97921425,-29748068,-0.2586528690234159,-198187.4844513471,-0.0359977516482444,-0.0146637350429247,-186910.4663835769,3.592975495642918,33.14438756940842,1123.702715869982,3.628500020503998,3.807527979779677,3.449472061228319,9.867876988508986,0.0014745921741302,0.0,0.0,3.569500001271566,3.641000016530355,3.497999986012777,4.006164181723968,-0.3356638327651315,0.0,1.0,3.430000066757202,3.7699999809265137,3.600000023841858,9.370260775748475,0.0588234881628651,0.0799388070285765,4.500165429369323,-0.0808716881481577,-0.0682306630748477,-0.0126410250733099,3.583333353201548,3.655769247275132,3.5675074305201084,3.648379118668266,0.7370891840105958,1.1314555199283274,-0.3943663359177316,-0.2657536992391937,24.8059700026079,0.0215000748634341,-65.26330200300801,-57.43626576822302,-7.827036234784984,3.5625,3.634999990463257,3.5987499952316284,3.784999966621399,0.3155018915307604,26.42958046847168,17.465495595371973,36.39528224781626,-151.85518026976246,3.9049999713897705,3.9149999618530273,4.0,100.0,-96.0,3.5999999046325684,3.706017406657868,0.0,0.0,32.83658931544798,0.0048781459948121,0.1432924674415744,0.207118729155735,-25.86441611586157,34.7208185260394,5.882348816286518,18.627437918240627,-94.11765118371348,-0.2092058932079985,-7.008085924255639,-2.2166470511342458,-1.849159051924744,-0.3674879992095019,8.546427230782689,2.152116414317064,6.394310816465625,3.619460870775398,-2.2662868089077803,-2.2923617975689314,-8.970974078930515,2.2662895710951574,3.3044774532318115,4
2022-10-03,3.490000009536743,3.5,3.430000066757202,3.450000047683716,3.3044774532318115,6458226,-269904450.1220714,-23289842,-0.2568817933490698,-169874.98667258324,-0.0108388691392434,-0.0197272221286106,-242381.459196551,3.577941581979148,28.20163366064051,1123.702715869982,3.615500020980835,3.806337668566976,3.424662373394694,10.556639274164311,0.0663854187302977,0.0,0.0,3.5494999965031946,3.619000013669332,3.4799999793370566,3.9160454844122254,-0.2158267931188193,0.0,1.0,3.430000066757202,3.7699999809265137,3.600000023841858,9.403952764383453,0.0588234881628651,0.0789449196499987,4.936398630296574,-0.0842550010472087,-0.0714355306693199,-0.0128194703778888,3.5666666825612388,3.642307712481572,3.549429371622202,3.6336843726694106,0.6837209539583711,1.1581396339131975,-0.4744186799548266,-0.2780682618776002,24.849904569390223,0.1244999885559083,-67.25902397913008,-58.60538432493441,-8.653639654195665,3.5625,3.634999990463257,3.5987499952316284,3.784999966621399,0.1577509457653802,27.133087941981152,16.368295944067185,35.00633739216924,-135.3281989421524,3.9049999713897705,3.9149999618530273,4.0,96.0,-92.0,3.5999999046325684,3.689456366263828,0.0,0.0,32.83658931544798,0.0048781459948121,0.1111115874483438,0.169626160917523,-27.159336338923424,34.399669162658554,6.0606016819350925,13.784898193218057,-93.9393983180649,-0.2071176493869111,-5.479453218030204,-2.318720956639185,-1.943071432867632,-0.3756495237715533,7.314867945047772,3.184666720463205,4.130201224584567,3.596811258356696,0.0,0.0,-8.970974078930515,0.0,3.361946821212769,0
2022-10-04,3.470000028610229,3.5199999809265137,3.4100000858306885,3.509999990463257,3.361946821212769,8721737,-262768483.48570776,-14568105,-0.1999987433840604,-70849.45701389913,0.0,-0.0187668350720543,151682.23585664728,3.562216614579927,35.978125244895395,1123.702715869982,3.605500018596649,3.7964424397199785,3.41455759747332,10.591730419552118,0.2499245385819498,0.0,0.0,3.5353333393732704,3.611333338419597,3.4593333403269453,4.2994530784358105,0.3333332287637772,0.0,0.0,3.4100000858306885,3.7699999809265137,3.590000033378601,9.984742566606508,0.2777775938127712,0.0820504171945813,5.164177778405109,-0.0811592535977014,-0.0733802752549962,-0.0077789783427052,3.5475000143051147,3.631923097830552,3.5433633129823643,3.6245225665800658,0.688888907726905,1.1244445640658416,-0.4355556563389365,-0.2865691663055394,25.014103938454276,0.0245000958442687,-67.79836038073176,-60.08352256651651,-7.714837814215258,3.5350000858306885,3.590000033378601,3.5625000596046448,3.774999976158142,0.0788754728826901,27.78634488166852,14.795364662264172,31.64236087722532,-103.09484283917512,3.9049999713897705,3.9149999618530273,40.0,92.0,-52.0,3.5999999046325684,3.67388898829343,0.0,0.0,39.45356335240979,0.4518006250737173,0.1538523056877804,0.1360854535258996,-26.292348441428643,44.777924656548336,28.57140910868212,13.504786535634564,-71.42859089131788,-0.2027646829100216,-6.149733114625724,-2.239170873042174,-2.0022913209025406,-0.2368795521396336,8.8578744450542,4.319308265381405,4.538566179672795,3.5923745968217844,1.7391287521814514,1.7241789896118576,-7.387862116306499,-1.7391363322740148,3.342790365219116,1
2022-10-05,3.490000009536743,3.5299999713897705,3.470000028610229,3.490000009536743,3.342790365219116,8730674,-265678708.15237436,-23298779,-0.1849408592556798,-85672.86507985766,0.0240530799176533,-0.0128965887004256,101934.85296489888,3.5523371193574174,42.99895152907574,1123.702715869982,3.597000014781952,3.792560764621749,3.4014392649421548,10.87354734701896,0.2264277076743085,0.0,0.0,3.519000005722046,3.5940000057220467,3.444000005722046,4.262574588124306,0.3066666920979801,0.0,0.0,3.4100000858306885,3.7699999809265137,3.590000033378601,10.008337326004936,0.2222220750502169,0.0798453697530773,5.386603280125629,-0.0794043587342745,-0.0745850919508519,-0.0048192667834226,3.5358333388964334,3.622307713215168,3.5351535739907303,3.614557932725005,0.7866666129783236,1.07111127029234,-0.2844446573140163,-0.2926651667850112,25.153870576134445,0.0229998707771299,-69.00678810721892,-62.034012085756366,-6.972776021462558,3.5350000858306885,3.590000033378601,3.5625000596046448,3.774999976158142,0.039437736441345,28.199647392738814,14.895352053001163,29.95164655456175,-79.54877113704974,3.899999976158142,3.9149999618530273,36.0,88.0,-52.0,3.5999999046325684,3.652777876096411,0.0,0.0,38.105897237298265,0.360776800925115,0.272485190664548,0.1791496946002242,-25.969797978479303,47.35993288467164,22.85712728694569,19.163046025854293,-77.1428727130543,-0.1827058764065015,-3.856752079627337,-2.196793085410913,-2.041191673804215,-0.1556014116066975,9.885730389513569,5.432592690207838,4.453137699305731,3.5814283059972545,-0.5698000279445559,-0.5714295813826764,-7.915566103847837,0.5698024689974801,3.4194157123565674,2
2022-10-06,3.490000009536743,3.619999885559082,3.490000009536743,3.569999933242798,3.4194157123565674,7594788,-263926064.7677589,-15703991,-0.1641802107464938,13363.610012073375,0.0941433304321833,-0.0110784791009206,124345.01220950812,3.5430126350839357,43.80183361248324,1149.4609196786455,3.596000015735626,3.791897967446306,3.400102064024946,10.895325408979764,0.4336387076388944,0.0,0.0,3.5113333304723104,3.595333298047384,3.4273333628972367,4.784505466689755,0.8492061036693577,0.0,0.0,3.4100000858306885,3.7699999809265137,3.590000033378601,10.011120509469206,0.4444441501004338,0.0848608203800035,5.426546589338687,-0.0707427878335651,-0.0738166311273945,0.0030738432938294,3.5316666762034097,3.616538478777959,3.540514552337202,3.6112573401707673,0.8078601938124854,1.069869152939202,-0.2620089591267165,-0.2921440437373632,25.38640039141203,0.0640000700950627,-66.75573588017475,-63.63684321424736,-3.118892665927397,3.5149999856948853,3.590000033378601,3.552500009536743,3.774999976158142,50.01971886822067,27.043541421406097,20.91864851690676,26.63138775927164,-28.37289347113779,3.8862499594688416,3.9149999618530273,32.0,84.0,-52.0,3.5999999046325684,3.633355652875153,0.0,0.0,46.04501630612441,1.0,0.6041924753329441,0.3435099905617575,-23.18887861128704,48.91698078758092,51.61286353071832,34.34713330878203,-48.387136469281685,-0.1668235245872948,-1.3812141960485742,-1.958951721513701,-2.024743683346112,0.0657919618324112,9.307399349530412,6.207554022072353,3.099845327458059,3.5811825991173563,2.2922614179784477,2.2663838145124293,-5.80475015368248,-2.2922570297772324,3.400259494781494,3
2022-10-07,3.549999952316284,3.5899999141693115,3.5350000858306885,3.549999952316284,3.400259494781494,6761859,-266999658.35827592,-22465850,-0.234828096212647,-7865.055850762077,0.0061004170213468,-0.0083890097704288,136210.86749435466,3.530350654560552,46.06015064842139,1143.02136872648,3.587000012397766,3.773772623430864,3.400227401364668,10.413861744497083,0.400948913556375,0.0,0.0,3.505833331743876,3.588333264986674,3.423333398501078,4.706437838661361,0.7676767049157817,0.0,0.0,3.4100000858306885,3.7699999809265137,3.590000033378601,10.036239025691543,0.3888886313378796,0.0818747211758654,5.429062311629861,-0.0647459112435742,-0.0720024871506304,0.0072565759070562,3.522499998410543,3.609615399287297,3.541973844641676,3.6067197558852495,0.8944953727095953,1.0825689718906597,-0.1880735991810643,-0.2876770445143569,25.52502277324426,0.0430001020431518,-66.30336994871561,-64.84912319918148,-1.4542467495341356,3.5149999856948853,3.590000033378601,3.552500009536743,3.774999976158142,75.00985943411033,25.970014448025715,19.912901267951792,25.35097784401861,-25.32810045293136,3.8762499690055847,3.9149999618530273,28.000000000000004,80.0,-52.0,3.5999999046325684,3.619999885559082,0.0,0.0,44.50797488892794,0.8842646035285652,0.7483471348178933,0.5416749336051284,-21.373093818124765,46.12049804912011,49.12278647053312,41.19759242939903,-50.87721352946688,-0.1377058828578277,-3.005468058327617,-1.7951467157359629,-1.9788242898240824,0.1836775740881195,7.845438734264873,6.5351309645108575,1.310307769754015,3.58071951231603,-0.5602235658404231,-0.561798703675942,-6.33245414122382,0.5602190311593063,3.381103038787842,4
2022-10-10,3.509999990463257,3.549999952316284,3.490000009536743,3.5299999713897705,3.381103038787842,3276543,-265907477.35827592,-25742393,-0.2438434909469697,-16103.01894421062,-0.0778258888266865,-0.0106089302650214,-56340.90743369445,3.52527525752634,46.98526691424995,1136.5818177743142,3.577500009536743,3.755362338564456,3.39963768050903,9.94338664170933,0.3664696498504429,0.0,0.0,3.507166663805644,3.5836666027704878,3.4306667248408,4.362492364810134,0.6492374235397769,0.0,0.0,3.4100000858306885,3.7699999809265137,3.590000033378601,10.062890122603864,0.3333331125753254,0.079687243336233,5.444310902857441,-0.0609050985903563,-0.0697830094385756,0.0088779108482193,3.5141666531562805,3.602692319796636,3.540131710295229,3.6010368088855853,0.8823530046363265,1.049773836689463,-0.1674208320531361,-0.2812455122713402,25.62218823128789,0.0124999046325684,-63.22352854617495,-65.33144485944909,2.1079163132741456,3.5149999856948853,3.590000033378601,3.552500009536743,3.774999976158142,87.50492971705516,25.51102810136921,18.84826607091916,28.00545331690177,-47.53100815207228,3.839999973773956,3.9149999618530273,24.0,76.0,-52.0,3.5999999046325684,3.619999885559082,0.0,0.0,42.96347794530183,0.7679678244570366,0.8840774759952005,0.7455390287153459,-20.317107202178136,47.60372425035128,42.10524554617125,47.61363184914088,-57.89475445382875,-0.1190588348052084,-2.754824790592305,-1.6913211894994389,-1.921323669759154,0.2300024802597151,2.612237504761561,5.750552272560999,-3.1383147677994376,3.5797902482987647,-0.5633797519761674,-0.564972721496737,-6.860158128765159,0.5633821778323806,3.381103038787842,0
2022-10-11,3.5199999809265137,3.559999942779541,3.490000009536743,3.5299999713897705,3.381103038787842,9600642,-264535957.0725616,-16141751,-0.2228167337662797,-13802.587666466246,0.0036455825811263,-0.0135294543197457,-18459.3798267926,3.517401653317658,48.85238650419255,1136.5818177743142,3.5670000076293946,3.729369982229804,3.404630033028985,9.104007527508797,0.3860625668918139,0.0,0.0,3.508333333333333,3.5873332579930626,3.429333408673604,4.503558650435874,0.6371307513884372,0.0,0.0,3.4100000858306885,3.759999990463257,3.5850000381469727,9.81216439259769,0.3428569093041854,0.0787185123268895,5.4640440552919936,-0.0572018396900815,-0.0672667754888768,0.0100649357987953,3.509166657924652,3.595769240305974,3.538572981232851,3.5957748209229323,0.863636422748439,1.0909092682453163,-0.2272728454968773,-0.2732267912287232,25.685208083021045,-0.0769999980926514,-61.393012495624255,-65.34762366418549,3.954611168561236,3.5149999856948853,3.590000033378601,3.552500009536743,3.774999976158142,93.7524648585276,24.913450051837348,18.56107525923257,26.24264398379728,-39.614420441154536,3.839999973773956,3.9149999618530273,20.0,72.0,-52.0,3.5999999046325684,3.6031999015808105,0.0,0.0,42.96347794530183,0.7679678244570366,0.8067334174808795,0.8130526760979911,-19.458581395755555,51.74221669553231,47.99995422363273,46.40932874677903,-52.00004577636727,-0.1002941398059618,-1.6713076382739795,-1.590807059364175,-1.8552203476801583,0.2644132883159833,5.765233895135358,5.753488597075871,0.0117452980594867,3.5792707000861346,0.0,0.0,-6.860158128765159,0.0,3.3523685932159424,1
2022-10-12,3.539999961853028,3.549999952316284,3.5,3.5,3.3523685932159424,6856142,-271392099.0725616,-22997893,-0.2470055890294936,-41214.227120428775,0.0,-0.0117464874801003,-58267.44065474471,3.513634926633716,47.1680416924828,1126.9224913460655,3.5565000057220457,3.707268062519175,3.4057319489249167,8.478451092622443,0.3126260730478499,0.0,0.0,3.51183332602183,3.5873332420984902,3.4363334099451697,4.299743698952014,0.4216335153948067,0.0,0.0,3.4100000858306885,3.759999990463257,3.5850000381469727,9.84113325093362,0.257142681978139,0.0758466563258289,5.448559687764617,-0.0560417133156589,-0.0650217630542332,0.0089800497385742,3.509999990463257,3.5876923157618594,3.532638676427797,3.588680389743456,0.8783785118975256,1.0675678752421245,-0.1891893633445986,-0.2655507571032348,25.60514284869676,-0.0465000152587888,-60.9462642274502,-65.32770950758095,4.381445280130748,3.5149999856948853,3.590000033378601,3.552500009536743,3.774999976158142,96.8762324292638,24.358556148700615,17.70386479075127,25.030673835012426,-44.12884701435124,3.8299999833107,3.9049999713897705,16.0,68.0,-52.0,3.5999999046325684,3.5877439163208007,0.0,0.0,40.51750027271088,0.5837917882550097,0.7065758123896941,0.7991289019552581,-19.38982558127311,50.33106103024137,35.999965667724545,42.035055145842826,-64.00003433227545,-0.0883823794477125,0.2865326772473052,-1.5616245312853076,-1.7965011844011882,0.2348766531158805,4.992189341295839,5.601228745919865,-0.6090394046240268,3.578940749201281,-0.8498575533404162,-0.8534894344956356,-7.651714110077168,0.8498541819713665,3.381103038787842,2
2022-10-13,3.490000009536743,3.569999933242798,3.490000009536743,3.5299999713897705,3.381103038787842,6754237,-271392099.0725616,-16243656,-0.2131317350448963,-6379.777994691896,0.0059221972379842,-0.0100434461323018,-374.0358662505969,3.509068114894217,53.37330736475181,1136.5818177743142,3.5504999995231628,3.695341304626434,3.405658694419892,8.158924383761356,0.4292327968227853,0.0,0.0,3.51183332602183,3.5873332420984902,3.4363334099451697,4.299743698952014,0.6203090434530728,0.0,0.0,3.4100000858306885,3.759999990463257,3.5850000381469727,9.857763827054608,0.3428569093041854,0.0762619830638515,5.3504668882687385,-0.052100970281065,-0.0624376044995996,0.0103366342185345,3.5116666555404663,3.5826923113602858,3.532232721806562,3.584333692087627,0.8973215350083958,1.0491074621680447,-0.1517859271596489,-0.2563311645092821,25.50143394973735,-0.0504999995231627,-59.85942372795174,-64.72727858813025,4.867854860178504,3.5149999856948853,3.590000033378601,3.552500009536743,3.774999976158142,98.43811621463188,23.471090863205283,18.241673888444858,23.185625227250043,-25.88108531919208,3.819999992847442,3.8949999809265137,12.0,64.0,-52.0,3.5999999046325684,3.573524409881592,0.0,0.0,43.95374688581192,0.8425326131224761,0.7314307419448407,0.7482466572718048,-18.37459174317997,46.428522255940095,57.142857142857146,47.04759234473813,-42.85714285714285,-0.0866176682360029,0.5698000279445594,-1.4535747716814795,-1.7279159018572463,0.2743411301757668,4.214812098118836,5.32394541635966,-1.1091333182408238,3.578737041489266,0.8571420397077256,0.8534894344956356,-6.860158128765159,-0.8571386102962606,3.390681266784668,3
2022-10-14,3.5299999713897705,3.5799999237060547,3.5199999809265137,3.539999961853028,3.390681266784668,4639418,-272938571.73922825,-11604238,-0.2495474492252261,1159.35254098754,0.0258652639443725,0.0033845580591253,71036.21955650632,3.510730436318676,59.66941103479515,1139.8015932503972,3.540499997138977,3.6563404169952136,3.424659577282741,6.543732238375666,0.4978417063466707,0.0,0.0,3.5198333183924357,3.59433323542277,3.445333401362101,4.23315028248893,0.6353467511405478,0.0,0.0,3.4100000858306885,3.7200000286102295,3.565000057220459,8.755823839289567,0.4193545161870877,0.0746357790354204,5.048399135430365,-0.0476220302565391,-0.0594744896509875,0.0118524593944484,3.5149999856948853,3.580769236271198,3.5334276818137105,3.5810497120702496,1.0333334468660984,0.9761905897232412,0.0571428571428571,-0.2454353472461068,25.255658073213525,-0.0105000257492067,-56.20448103751351,-63.498996039061744,7.294515001548234,3.5149999856948853,3.590000033378601,3.552500009536743,3.774999976158142,99.21905810731594,22.45999173028602,18.15317293247184,21.88280580580824,2.670176926974341,3.769999921321869,3.84499990940094,8.0,60.0,-52.0,3.4100000858306885,3.573524409881592,1.0,0.0,45.09239888292768,0.9278780566475356,0.7847341526750071,0.7409135690031806,-17.21421844500874,46.9222862928173,61.90476190476212,51.68252823844793,-38.09523809523788,-0.0816176779129924,1.1428560529436511,-1.3298343805735169,-1.6482995976005006,0.3184652170269839,1.087738622125501,4.476704057512828,-3.388965435387327,3.5760119448424086,0.2832858511134795,0.2828853529377673,-6.596306134994478,-0.2832870778247525,3.361946821212769,4
2022-10-17,3.5299999713897705,3.549999952316284,3.490000009536743,3.509999990463257,3.361946821212769,4874880,-274563531.73922825,-16479118,-0.1883485648657358,-19898.59218323448,-0.0369239153943091,0.0008567162415007,-28169.68865134189,3.5107062680726844,53.68187605291187,1139.8015932503972,3.534499990940094,3.6433990196637422,3.4256009622164454,6.162061338395072,0.3875104729399823,0.0,0.0,3.525499979654948,3.598999897638957,3.452000061670939,4.169616701640286,0.3945577789960036,0.0,0.0,3.4100000858306885,3.694999933242798,3.552500009536743,8.063371004177203,0.3508770462180937,0.0731721954098325,4.79444701295884,-0.0459633481230428,-0.0567722613453985,0.0108089132223557,3.513333320617676,3.572307696709266,3.5298234216059483,3.575786769728991,0.9764152068013238,0.9716981132075476,0.0047170935937761,-0.2350042249867371,25.02564049388161,-0.084499943256378,-51.30976026236891,-61.666929359243646,10.357169096874737,3.544999957084656,3.590000033378601,3.5674999952316284,3.774999976158142,99.60952905365798,21.9762420153049,17.11734751527892,23.48718122352908,-31.9897770481892,3.7499999403953552,3.84499990940094,4.0,56.00000000000001,-52.00000000000001,3.413400082588196,3.573524409881592,0.0,0.0,42.31496126019198,0.7176003585767325,0.8293370094489146,0.7818339680229208,-16.949692019777107,43.33707662137254,47.61904761904762,55.55555555555562,-52.38095238095238,-0.0752941475195041,-0.5665717022269444,-1.2854051732655851,-1.5757207127335178,0.2903155394679324,-1.1919799401278095,3.3429672579847005,-4.53494719811251,3.573753998654002,-0.8474568280522621,-0.8510681608948412,-7.387862116306499,0.8474534558403803,3.400259494781494,0
2022-10-18,3.5299999713897705,3.575000047683716,3.515000104904175,3.549999952316284,3.400259494781494,6511619,-273478287.78076875,-9967499,-0.1740839877613745,20153.27978600588,0.0230358117010372,0.0065899001239748,32893.91034393238,3.515078526516952,60.4171026242858,1139.8015932503972,3.530999994277954,3.632960780440944,3.4290392081149643,5.775179061354804,0.593172869459625,0.0,0.0,3.532166647911072,3.600666570663452,3.4636667251586912,3.8786348199562624,0.6301702519408525,0.0,0.0,3.4100000858306885,3.694999933242798,3.552500009536743,8.071363576152832,0.4912278647053312,0.0723549815908951,4.479705246666218,-0.0409491318521357,-0.053607635446746,0.0126585035946102,3.521666646003723,3.565769232236422,3.532927503253692,3.573876635105828,1.0576923076923077,0.9182691161448048,0.139423191547503,-0.2227323232786523,24.87747592503313,-0.0809999465942383,-46.88030362906394,-59.208431083893096,12.328127454829158,3.5549999475479126,3.590000033378601,3.572499990463257,3.7400001287460327,99.804764526829,21.036887072134625,18.44956167263876,22.02121842495976,22.342415667758857,3.732500016689301,3.84499990940094,12.0,52.0,-40.0,3.416732079410553,3.573524409881592,0.0,0.0,47.00225118031003,1.0,0.8818261384080893,0.8319657668440037,-15.401835580095504,45.60733453530453,66.66666666666667,58.73015873015879,-33.333333333333336,-0.065632366432863,2.898547920302406,-1.1457903009269153,-1.4897346303721974,0.3439443294452822,-0.9649830705188702,2.4813771922839867,-3.446360262802857,3.573215694447482,1.1396000558891115,1.133155529453811,-6.33245414122382,-1.1395978463128813,3.4289941787719727,1
2022-10-19,3.5799999237060547,3.5999999046325684,3.559999942779541,3.5799999237060547,3.4289941787719727,3360685,-273478287.78076875,-6606814,-0.1774217267284251,31677.161795152315,0.0416579525110551,0.0044883721670196,102606.54198983706,3.516360884690679,59.13356777804203,1149.433710334009,3.5269999861717225,3.613510075457564,3.440489896885881,4.905590565637674,0.8063222912602322,0.0,0.0,3.540499973297119,3.606999897956848,3.4740000486373903,3.7565273357593214,0.7969924448114145,0.0,0.0,3.4100000858306885,3.660000085830689,3.5350000858306885,7.088176948686511,0.6799993515014636,0.070119478663434,4.220872382165113,-0.0341607979466611,-0.049718267946729,0.0155574700000679,3.5324999690055847,3.5596153827813954,3.540169414092517,3.574330212039178,1.0346533473174224,0.9356434463273235,0.0990099009900988,-0.2076926936648828,24.738148136940925,-0.0169999957084656,-41.08513783016588,-56.356142411669886,15.271004581504007,3.544999957084656,3.5850000381469727,3.564999997615814,3.725000023841858,99.9023822634145,19.6978960428796,20.00066510863873,20.938588594947195,100.32433744660572,3.7274999618530273,3.84499990940094,8.0,48.0,-40.0,3.419997436296463,3.573524409881592,0.0,0.0,50.26629082541909,1.0,0.905866786192244,0.8723433113497494,-13.135795027088864,44.557786877660455,80.95238095238095,65.07936507936506,-19.047619047619047,-0.0505147267790402,3.768112296393128,-0.9557258540802868,-1.3829328751138157,0.4272070210335288,-4.828132520219946,1.0194752497832,-5.847607770003147,3.5736444384030213,0.8450696279642456,0.8415189046159011,-5.540898159911811,-0.845073266748571,3.390681266784668,2
2022-10-20,3.559999942779541,3.5799999237060547,3.5299999713897705,3.539999961853028,3.390681266784668,5663851,-276876598.38076866,-12270665,-0.1875212960448091,-5212.979024330623,-0.0220697475236432,0.0054832296044911,-34883.06416712336,3.524400616782412,62.304008866197655,1149.433710334009,3.522499978542328,3.59540395554245,3.4495960015422056,4.139331579515935,0.620020772739672,0.0,0.0,3.539499974250793,3.597999906539917,3.48100004196167,3.3055478296199863,0.5042734032559487,0.0,0.0,3.4100000858306885,3.660000085830689,3.5350000858306885,7.097232122722534,0.5199995040893564,0.068107526028719,3.689216174528095,-0.0316438860266967,-0.0461033915627226,0.0144595055360258,3.534999966621399,3.5530769183085518,3.540143344517211,3.571787230543908,1.077319464732574,0.9123710111243266,0.1649484536082472,-0.1931742662486945,24.67485212477596,-0.0324999690055847,-38.56131791017351,-53.2736921851652,14.712374274991696,3.544999957084656,3.5850000381469727,3.564999997615814,3.725000023841858,99.95119113170723,18.95710443019592,18.994979672278134,22.902697906331223,57.00478818511911,3.7274999618530273,3.84499990940094,4.0,44.0,-40.0,3.427197535029907,3.573524409881592,0.0,0.0,46.18219439661085,0.765681791712163,0.9218939305707208,0.9031956183903516,-12.308032631581662,41.95404071310996,61.90476190476212,69.84126984126989,-38.09523809523788,-0.0407353190814747,0.8547000419168518,-0.8859398386358549,-1.2835342678182236,0.3975944291823686,-4.8650086337530425,-0.1574215269240485,-4.707587106828994,3.5730150451234945,-1.1173173940076109,-1.1236062731748708,-6.596306134994478,1.117322164747037,3.342790365219116,3
2022-10-21,3.5,3.5199999809265137,3.4800000190734863,3.490000009536743,3.342790365219116,6341007,-280047101.88076866,-18611672,-0.1669509174449114,-49761.13168331582,-0.0346947386091043,0.0037792389280725,-152845.35370829323,3.5270771411805404,62.338096673938544,1149.433710334009,3.5174999833106995,3.584693668938981,3.4503062976824177,3.820536514404672,0.295367871870526,0.0,0.0,3.533333309491476,3.59033325513204,3.476333363850911,3.226412039161279,0.1198829712225738,0.0,0.0,3.4100000858306885,3.619999885559082,3.5149999856948853,5.970143588479567,0.3809523809523809,0.0672967677038013,3.125240261582137,-0.0332999325872633,-0.0435426997676307,0.0102427671803673,3.534999966621399,3.546923068853525,3.532428985289447,3.56572891787671,1.036458209156871,0.9427082091568711,0.0937499999999997,-0.1819507006786953,24.525895787572097,0.0524999499320983,-35.15832139660254,-50.15533583521272,14.99701443861018,3.539999961853028,3.5850000381469727,3.5625,3.725000023841858,99.97559556585362,19.010494535360504,17.835986725974983,26.58991849876644,-59.71769977316848,3.7274999618530273,3.84499990940094,12.0,40.0,-28.0,3.4341096298140137,3.573524409881592,0.0,0.0,41.62906019767754,0.2897244184448899,0.6851354033856842,0.8376320400495497,-12.93160764087917,42.48792453948085,38.095238095238095,60.31746031746038,-61.90476190476191,-0.0441176617846772,0.0,-0.9338885079096968,-1.2136051158365182,0.2797166079268215,-3.935097310630416,-0.912956683665322,-3.022140626965094,3.5699052206894435,-1.4124280467537664,-1.4224977422775176,-7.915566103847837,1.4124271141228775,3.3523685932159424,4
2022-10-24,3.539999961853028,3.559999942779541,3.5,3.5,3.3523685932159424,2692873,-282739974.88076866,-15918799,-0.1642970887631591,-38805.44082587616,0.0668429802212766,0.0085537375153065,-81846.20021284948,3.5317572755797157,59.67751305808275,1152.727213517412,3.5179999828338624,3.584513075995142,3.4514868896725828,3.7813015057323103,0.3646884246518471,0.0,0.0,3.5329999764760336,3.589999922116598,3.4760000308354693,3.226716446084923,0.2105262460763736,0.0,0.0,3.4100000858306885,3.619999885559082,3.5149999856948853,5.969295075414752,0.4285714285714285,0.0675670842577009,2.724415388813842,-0.0334201985155697,-0.0415181995172185,0.0080980010016487,3.5291666388511658,3.537692299255958,3.527439910629532,3.5608601091451018,1.0706520443376046,0.9076085660767352,0.1630434782608694,-0.1725356463679754,24.37787786354192,0.0319999694824217,-31.100415894775928,-46.7894917684518,15.689075873675868,3.539999961853028,3.565000057220459,3.552500009536743,3.725000023841858,99.9877977829268,18.29263855144394,20.634729546011364,24.696652952705243,-0.2214997315615541,3.7274999618530273,3.84499990940094,8.0,36.0,-28.0,3.440745240806756,3.573524409881592,0.0,0.0,42.8427888246962,0.3895343973097451,0.4816468691555992,0.6962254010373349,-13.09773979381803,36.686247543505786,20.00000000000024,40.00000000000014,-79.99999999999976,-0.0371176614480863,-1.960782480441495,-0.9385428658019748,-1.1585926658296095,0.2200498000276347,-8.194445826136365,-2.3692545121595305,-5.825191313976834,3.5686978404451817,0.2865326772472976,0.2861229548441146,-7.651714110077168,-0.2865339118027066,3.390681266784668,0
2022-10-25,3.5299999713897705,3.569999933242798,3.509999990463257,3.539999961853028,3.390681266784668,3737692,-282739974.8807686,-12181107,-0.1496351879113632,-11903.586790984267,0.0160526564412307,0.0079822786955621,50432.40036416044,3.5360433998283645,57.17020439984836,1152.727213517412,3.5194999814033507,3.586574502786884,3.4524254600198176,3.8115937910468793,0.6528149588459816,0.0,0.0,3.5343333085378013,3.59033325513204,3.4783333619435624,3.16891145829178,0.5505951671372642,0.0,0.0,3.4100000858306885,3.619999885559082,3.5149999856948853,5.966750982753497,0.6190476190476212,0.0678103691562106,2.078462933550541,-0.0299426868470149,-0.0392030969831778,0.0092604101361628,3.528333306312561,3.5342307549256544,3.5293722262023777,3.5593149130493926,1.0053762159038675,0.8978493341834369,0.1075268817204305,-0.1622396148113246,24.336105808853517,0.0104999899864197,-27.9109257152712,-43.1188986004319,15.207972885160697,3.539999961853028,3.552500009536743,3.5462499856948853,3.725000023841858,99.9938988914634,17.442423832889485,20.182562258054663,22.937794589729744,48.42193621383393,3.7274999618530273,3.84499990940094,4.0,32.0,-28.0,3.4471154273597886,3.573524409881592,0.0,0.0,47.54156655248581,0.7205064301872443,0.4665884153139596,0.5444568959517477,-11.870241320666302,39.660980244196274,42.85714285714317,33.65079365079382,-57.142857142856826,-0.0335588581421792,-0.281689875988073,-0.8412485991963543,-1.0951238525029583,0.2538752533066042,-10.184029242131126,-3.93220945815385,-6.251819783977276,3.5684956357474515,1.1428560529436416,1.136374787433403,-6.596306134994478,-1.1428538510430286,3.4289941787719727,1
2022-10-26,3.559999942779541,3.5799999237060547,3.5199999809265137,3.5799999237060547,3.4289941787719727,3639791,-279100183.8807686,-8541316,-0.158877935163404,10595.71148672643,0.0164844315399253,0.0024352144889722,83843.98240416514,3.534775209703686,54.88673912318148,1165.752367490438,3.5234999775886537,3.5948511534001306,3.452148801777177,4.050017100343894,0.8959286267873451,0.0,0.0,3.538666637738546,3.59566658337911,3.4816666920979813,3.221549327799425,0.8625730297021021,0.0,0.0,3.4100000858306885,3.619999885559082,3.5149999856948853,5.959977325503185,0.8095238095238095,0.0670293265185437,1.9718253414895472,-0.0236860333195925,-0.0360996842504607,0.0124136509308682,3.5324999690055847,3.5326922948543844,3.537161102741405,3.560847136060997,0.9941859078960422,0.982558000919298,0.0116279069767442,-0.1493006670261411,24.30997392942039,0.0064999938011167,-23.060332290578067,-39.03011066294594,15.96977837236787,3.539999961853028,3.552500009536743,3.5462499856948853,3.725000023841858,99.9969494457317,16.464629779561115,19.96568435428198,21.522877485827586,92.45091213925566,3.7274999618530273,3.84499990940094,4.0,28.000000000000004,-24.000000000000004,3.4532308064507,3.573524409881592,0.0,0.0,51.80807697543569,1.0,0.7033469424989963,0.5505274089895185,-9.527503973998538,45.29862881605684,83.33333333333333,48.730158730158905,-16.666666666666668,-0.0382353207644294,1.416429255567361,-0.6651797287146103,-1.0091350277452888,0.3439552990306785,-11.907139101348326,-5.527195386792746,-6.37994371455558,3.5690276874509363,1.1299424374029865,1.1236062731748708,-5.540898159911811,-1.12994731656498,3.43857216835022,2
2022-10-27,3.5899999141693115,3.609999895095825,3.549999952316284,3.5899999141693115,3.43857216835022,5139068,-277387161.2141019,-3402248,-0.1465772460779052,16423.55713005528,0.0350257394292914,0.0045013089466825,55482.468305244445,3.5360099669126144,63.21120536244519,1165.752367490438,3.5264999747276304,3.603512887200204,3.4494870622550566,4.367668397815423,0.9122681340242454,0.0,0.0,3.5439999659856163,3.598999913533529,3.489000018437703,3.1038345415230326,0.9181817459336936,0.0,0.0,3.4100000858306885,3.619999885559082,3.5149999856948853,5.954907166690478,0.8571428571428571,0.0663263881446434,1.80080327776915,-0.0177164504526667,-0.0324230374909019,0.0147065870382351,3.537499964237213,3.529999980559716,3.5452901506533907,3.563006601106057,0.9768783402745808,0.9132946718227593,0.0635836684518215,-0.134295327334674,24.36379748239376,-0.0264999747276304,-19.957369937268144,-35.00265387402979,15.045283936761646,3.544999957084656,3.5350000858306885,3.540000021457672,3.725000023841858,99.99847472286584,15.569820286465074,21.836579386822415,20.182176234325883,133.937519592115,3.7399999499320975,3.84499990940094,4.0,24.0,-20.0,3.459101570377974,3.573524409881592,0.0,0.0,52.84071798947009,1.0,0.9068354767290816,0.6922569448473458,-7.300773390256758,46.81696561434936,84.61538461538461,70.26862026862035,-15.384615384615383,-0.030441207044265,1.6997151066808331,-0.4972331639005974,-0.9067546549763504,0.4095214910757531,-10.841763669970454,-6.590109043428288,-4.251654626542167,3.569745044781537,0.2793293485018999,0.2789399490466637,-5.277046166141142,-0.2793235881688787,3.4864633083343506,3
2022-10-28,3.5799999237060547,3.640000104904175,3.5799999237060547,3.640000104904175,3.4864633083343506,3574279,-273812882.2141019,172031,-0.0580896423553607,39607.99635999258,0.0503601110015089,0.0136574517915537,64136.16082151284,3.540666696011307,67.85158839144182,1181.9885352112465,3.535999977588653,3.619522409381223,3.452477545796084,4.724119475222792,1.1225879987175704,1.0,0.0,3.5513333082199097,3.60633327960968,3.4963333368301392,3.09742660664757,1.3060622073410433,1.0,0.0,3.4100000858306885,3.640000104904175,3.525000095367432,6.504525467512388,1.0,0.065693767449991,1.5302751787951283,-0.0088489107638025,-0.027708212145482,0.0188593013816795,3.5491666396458945,3.5303845955775333,3.559860912845819,3.568709823609621,1.0635836509263457,0.8323695980591335,0.2312140528672122,-0.1155504701767033,24.39911294443796,-0.0060000061988829,-14.852331542167333,-30.951828460674054,16.099496918506723,3.5600000619888306,3.5350000858306885,3.5475000739097595,3.725000023841858,99.99923736143292,15.24617271778508,23.607128594625863,18.91339271011009,194.62079793354096,3.7399999499320975,3.84499990940094,100.0,20.0,80.0,3.468155469861045,3.573524409881592,0.0,0.0,57.719102920225446,1.0,1.0,0.8700608064093593,-3.8470645604619618,51.07287733896635,100.0,89.3162393162393,-0.0,-0.0056470856947057,4.000002997262137,-0.2479582594600591,-0.7749953758730923,0.5270371164130332,-12.385418288887582,-7.749170892520147,-4.636247396367435,3.5738465348777657,1.3927630064145324,1.383153187655961,-3.957779906560044,-1.392762392045654,3.4673068523406982,4
2022-10-31,3.700000047683716,3.700000047683716,3.5999999046325684,3.619999885559082,3.4673068523406982,7539466,-278336569.0042867,-7367435,-0.0726836303335383,12408.143487869467,0.0530541805924076,0.017186637363788,8355.145163784859,3.55305126068644,67.0378471214581,1181.9885352112465,3.544499969482422,3.625857184791486,3.463142754173358,4.590617351363332,0.9640025828677092,0.0,0.0,3.563666637738546,3.622666629155477,3.5046666463216143,3.311195878544467,0.9774004747089684,0.0,0.0,3.4100000858306885,3.700000047683716,3.555000066757202,8.18168893637694,0.724137335696692,0.0691244050101067,1.3495298812050214,-0.0033960249637163,-0.0228457747091289,0.0194497497454125,3.556666632493337,3.531538440630986,3.5691130624940133,3.5725090874577297,1.0837986936789217,0.7821226505440603,0.3016760431348614,-0.095949775439445,24.411352923357956,-0.0045000076293941,-10.157352098076377,-26.87150051278655,16.714148414710174,3.590000033378601,3.555000066757202,3.5725000500679016,3.697499990463257,99.99961868071648,15.818433318492708,27.29720418019921,16.995651121729296,212.6276796143726,3.723749935626984,3.84499990940094,96.0,16.0,80.0,3.4819030406644957,3.573524409881592,0.0,0.0,55.2567950466109,0.8568559032509495,0.9522853010836496,0.9530402592709104,-1.670545608814577,47.74965968546872,63.6362946723208,82.75055976256847,-36.3637053276792,0.0209999750642215,2.5495726600212496,-0.0950599391234316,-0.6390082885231603,0.5439483493997286,-7.205233192982298,-7.640383352612577,0.4351501596302789,3.577093348197307,-0.5494565595793977,-0.550971624431118,-4.485490184829133,0.5494523905603472,3.524776220321656,0
2022-11-01,3.619999885559082,3.680000066757202,3.619999885559082,3.680000066757202,3.524776220321656,3640767,-274695802.0042867,-3726668,-0.1075208537385654,41842.22008962186,0.0,0.017186637363788,18918.29807093623,3.562430749137349,75.50964282098826,1201.5795651915753,3.552999973297119,3.65181293694702,3.4541870096472183,5.562227097806829,1.1426287036084175,1.0,0.0,3.574999968210856,3.633999983469645,3.515999952952067,3.3007001836879013,1.3898311134818275,1.0,0.0,3.470000028610229,3.700000047683716,3.5850000381469727,6.473403343711566,0.9130435684002116,0.068211982628908,1.1714574821492736,0.0057012193907732,-0.0171363758891485,0.0228375952799217,3.568333307902018,3.5388461351394653,3.586172601611427,3.580471382220653,1.0939224336083264,0.7955799038158825,0.2983425297924439,-0.0731473589847685,24.47333776064131,-0.0429999828338623,-5.310756858513341,-22.896569293714048,17.585812435200708,3.590000033378601,3.555000066757202,3.5725000500679016,3.697499990463257,99.99980934035824,16.349818162006933,25.6187292670095,15.950607319703597,213.04649876298407,3.666249990463257,3.799999952316284,100.0,12.0,88.0,3.5037127413664173,3.573524409881592,0.0,0.0,60.67651962020854,1.0,0.9522853010836496,0.9681902007224332,1.971547614834853,55.74606141882469,90.90910076109702,84.8484651444726,-9.09089923890297,0.0453529203639311,3.954805265898667,0.1592309721866095,-0.4793604363812063,0.6385914085678159,-9.123862811588742,-7.93707924440781,-1.1867835671809317,3.58563904105099,1.6574636214070848,1.6438776097217556,-2.902371931477365,-1.6574641480652872,3.505619764328003,1
2022-11-02,3.680000066757202,3.684999942779541,3.640000104904175,3.660000085830689,3.505619764328003,4416653,-275186530.8263515,-8143321,-0.0891779797375862,23245.763539814823,0.0127358911646796,0.0176733297871234,36340.86297915648,3.5724249028610275,74.71018745461215,1201.5795651915753,3.5614999771118163,3.666242553247574,3.4567574009760587,5.88193608361038,0.970200907562202,0.0,0.0,3.5831666469573973,3.6426666498184206,3.5236666440963744,3.321084879574149,1.1456591191495809,1.0,0.0,3.4800000190734863,3.700000047683716,3.590000033378601,6.177173382677868,0.8181820152219426,0.0658907681535538,1.1418138178801374,0.0111682788038192,-0.0114754449505549,0.0226437237543741,3.580833315849304,3.5446153695766744,3.5975306761066976,3.5863623973028784,1.132183936395395,0.8045975877517505,0.3275863486436444,-0.0501175043752117,24.436283643394475,-0.0115000247955321,-1.1939094929941525,-18.744635025138564,17.550725532144412,3.590000033378601,3.555000066757202,3.5725000500679016,3.625,99.99990467017912,16.91505844034559,24.93230486920177,15.195920492699036,177.95613979578346,3.629999995231629,3.799999952316284,96.0,8.0,88.0,3.523341471998147,3.573524409881592,0.0,0.0,58.14811000346197,0.8672573826955766,0.9080377619821752,0.9375361213831584,4.227792041013496,59.05403600593035,81.81820152219426,78.78786565187069,-18.181798477805746,0.0680735244470485,4.273507002136339,0.3114096559850813,-0.3212064179079488,0.6326160738930302,-9.370286762452633,-8.223720748016776,-1.146566014435857,3.588800717807212,-0.5434777327093077,-0.5449599457100884,-3.4300759190186936,0.5434800621727192,3.4960415363311768,2
2022-11-03,3.630000114440918,3.670000076293945,3.5899999141693115,3.650000095367432,3.4960415363311768,4789949,-272791549.1887857,-12933270,-0.0853998946900723,13082.162417057476,-0.0542804851966816,0.0119486334199053,-37090.805147840125,3.5789055099681124,67.43033463396597,1201.5795651915753,3.565499985218048,3.677119926678171,3.453880043757925,6.261110190597674,0.8785170868395967,0.0,0.0,3.5918333212534583,3.654333345095316,3.5293332974116005,3.480118271192323,0.9653340154009512,0.0,0.0,3.4800000190734863,3.700000047683716,3.590000033378601,6.1702434307197285,0.7727275190274278,0.0673017075506618,1.1405123451088928,0.0145265935912872,-0.0062750372421865,0.0208016308334737,3.589166661103566,3.550384604013883,3.605602894454503,3.591076300863216,1.03932566661425,0.837078424433776,0.2022472421804738,-0.028373208790409,24.43892953773176,0.0144999384880066,2.816934332726187,-14.525162166324256,17.342096499050445,3.600000023841858,3.555000066757202,3.57750004529953,3.625,99.99995233508956,16.342484089843442,22.8614139014663,19.125032660317054,112.1643596988067,3.615000009536743,3.784999966621399,92.0,4.0,88.0,3.541007329566704,3.573524409881592,0.0,0.0,56.87202342925976,0.8002622761097213,0.889173219601766,0.9164987608891972,5.712074197348025,62.06040249835991,77.27275190274277,83.33335139534468,-22.727248097257227,0.0805735398741327,2.8169054758972707,0.4045192130224412,-0.1760612917218708,0.5805805047443121,-8.872466120780365,-8.353469822569494,-0.5189962982108707,3.593536659682394,-0.2732237767417156,-0.2735977141819168,-3.693927912789363,0.2732249542375058,3.4768853187561035,3
2022-11-04,3.630000114440918,3.670000076293945,3.619999885559082,3.630000114440918,3.4768853187561035,5306762,-275975565.9015591,-18240032,-0.0876927501155984,-3948.880611315006,0.0141329523684023,0.0155955525458132,-42165.3990161706,3.588364120648823,74.92754680296883,1201.5795651915753,3.56949999332428,3.6842998809641374,3.454700105684422,6.432267144113057,0.7635025275740472,0.0,0.0,3.606166656812032,3.669666703542073,3.542666610081991,3.5217477600537275,0.6876648825961478,0.0,0.0,3.4800000190734863,3.700000047683716,3.590000033378601,6.163329010272478,0.681818526638396,0.0655715558690819,1.1094449714199843,0.015396766600535,-0.0019406764736422,0.0173374430741772,3.593333343664805,3.5542307633620043,3.609356312913951,3.593959546313416,1.107954263748821,0.8011362266319405,0.3068180371168808,-0.0094673772711679,24.41232503479296,-0.0295000314712519,6.694444232206309,-10.325733263326232,17.020177495532543,3.6050000190734863,3.555000066757202,3.580000042915344,3.625,99.9999761675448,15.810807907234304,21.650988545470053,18.11243455216508,101.0065147509195,3.6050000190734863,3.784999966621399,88.0,4.0,84.0,3.5569066013784054,3.573524409881592,0.0,0.0,54.305173825735736,0.6655015425870278,0.7776737337974419,0.8582949051271278,6.237073316363561,56.42205394446301,68.1818526638396,75.7576020295922,-31.8181473361604,0.0884558888042676,1.3966534022465158,0.4284067865017733,-0.055167676077142,0.4835744625789153,-7.551394459742802,-8.193054750004157,0.6416602902613544,3.5984102513790903,-0.5479446686014633,-0.5494513919280797,-4.2216319003307134,0.5479402168423917,3.505619764328003,4
2022-11-07,3.630000114440918,3.680000066757202,3.619999885559082,3.660000085830689,3.505619764328003,3039614,-274962353.1826895,-15200418,-0.0886695012677425,9642.14990972246,0.0098696946351561,0.014655115612536,-3957.3673438709775,3.5958224658753566,73.59806708662092,1211.5099650378113,3.5759999990463256,3.6957331060249135,3.4562668920677377,6.69648249499548,0.850780535576452,0.0,0.0,3.61949999332428,3.6830000638961793,3.55599992275238,3.508775835834649,0.8188980117789942,0.0,0.0,3.4800000190734863,3.700000047683716,3.590000033378601,6.152126081345099,0.8181820152219426,0.0650144184019857,1.1088498425574371,0.0182962244639388,0.002106703713874,0.0161895207500648,3.603333353996277,3.5623076879061184,3.617147662593449,3.5988514381295102,1.0857140210211498,0.8228572720896731,0.2628567489314767,0.0083757802232305,24.393517543055804,-0.0859999895095824,11.55678318177739,-5.940432274765279,17.49721545654267,3.6100000143051143,3.555000066757202,3.5825000405311584,3.625,99.9999880837724,15.498525990204636,21.33178387621849,16.952498054920543,105.14352564160154,3.5987499952316284,3.784999966621399,84.0,8.0,76.0,3.5712159460089365,3.573524409881592,0.0,0.0,57.41032008825077,0.8285230875413117,0.7647623020793536,0.8105364184928537,7.579960530855938,56.38016539512372,81.81820152219426,75.7576020295922,-18.181798477805746,0.0876470642931321,3.38983404719718,0.5083906568104477,0.0575439905003759,0.4508466663100718,-10.142447708652757,-8.582933341733877,-1.5595143669188791,3.607570864166076,0.8264454667762822,0.8230491061099965,-3.4300759190186936,-0.8264421439755552,3.5343542098999023,0
2022-11-08,3.700000047683716,3.75,3.640000104904175,3.690000057220459,3.5343542098999023,5045779,-275421060.3645077,-10154639,-0.1115682417453308,29889.446442491047,0.0981018723102639,0.0186868241696224,66479.55596001864,3.604266229525354,74.34734678369612,1211.5099650378113,3.5840000033378603,3.711499096573649,3.456500910102072,7.114904749835126,0.9156894421459506,0.0,0.0,3.634833335876465,3.7033334016799926,3.566333270072937,3.769089775171789,0.902676411306112,0.0,0.0,3.4800000190734863,3.75,3.615000009536743,7.533481603656712,0.7777779740070748,0.0695129660713696,1.1088498425574371,0.0227525356134941,0.006235870093798,0.016516665519696,3.620000024636586,3.571538457503685,3.628355723305297,3.605603187691803,1.0641712879901344,0.7967914738494454,0.267379814140689,0.0263566079358037,24.418896985692896,-0.0840000033378602,16.19090817791856,-1.5791833338212091,17.770091511739768,3.649999976158142,3.580000042915344,3.615000009536743,3.625,99.9999940418862,16.307141115882395,26.080338109664947,15.049634183855115,137.22399176691604,3.5987499952316284,3.784999966621399,100.0,4.0,96.0,3.5840943561764145,3.573524409881592,0.0,0.0,60.31455019070428,0.980996445695215,0.8250070252745182,0.789147687050438,9.581670601858365,51.481181677051936,77.77779740070748,75.92595052891377,-22.222202599292515,0.0956176652627833,5.730660376423996,0.631032712949746,0.1722417349902499,0.4587909779594961,-8.77689451080995,-8.621725575549092,-0.1551689352608569,3.619222702074108,0.8196713302251579,0.8163302695052721,-2.638519937706696,-0.819668061673184,3.543932676315308,1
2022-11-09,3.700000047683716,3.75,3.680000066757202,3.700000047683716,3.543932676315308,6264243,-278105735.9359363,-3890396,-0.0692322839514385,34568.43555920996,0.0223490265258417,0.0218595937445856,58335.05568912414,3.6191462201207023,83.21329349648903,1211.5099650378113,3.594000005722046,3.724904629516279,3.463095381927813,7.284620121637072,0.9048750872554738,0.0,0.0,3.649833345413208,3.7193334102630615,3.5803332805633543,3.8083966182836937,0.8609111903628215,0.0,0.0,3.4800000190734863,3.75,3.615000009536743,7.512520325449187,0.814814978339229,0.0695616627885125,1.0678842054603377,0.0267823793646191,0.0103451719479622,0.0164372074166568,3.636666695276896,3.5788461520121646,3.639377927055823,3.612595547691204,1.1361257171902466,0.7801047643252053,0.3560209528650413,0.0441420940994896,24.478119421524013,-0.054000043869018,19.58742730665774,2.814683026615,16.77274428004274,3.6649999618530273,3.6100000143051143,3.637499988079071,3.590000033378601,99.9999970209431,17.057998018297457,24.217427310512655,13.974643287398706,136.15643603495042,3.5625000596046448,3.774999976158142,100.0,48.0,52.0,3.604003033435245,3.573524409881592,0.0,0.0,61.26279048822836,1.0,0.936506511078842,0.842091946144238,11.513671641914264,53.47275807357489,81.4814978339229,80.35916558560821,-18.51850216607709,0.1039117834147287,5.714287076677595,0.7413611352573264,0.2860656150436652,0.4552955202136611,-5.618004271327541,-8.020981314704782,2.4029770433772413,3.628694602410227,0.2710024473763672,0.2706358978334267,-2.3746679439360263,-0.2710103698315294,3.5535106658935547,2
2022-11-10,3.680000066757202,3.7200000286102295,3.670000076293945,3.7100000381469727,3.5535106658935547,6157977,-274410949.7359362,2267581,-0.0313235554462567,38427.1892326021,-0.0162390683279963,0.0231778559075219,33619.41683402094,3.638759075432925,82.99788210721064,1214.7843131298073,3.603000009059906,3.739689514567806,3.466310503552006,7.587538449302698,0.8913981131524491,0.0,0.0,3.661500024795532,3.73000009059906,3.5929999589920043,3.7416395105638807,0.854014355917177,0.0,0.0,3.4800000190734863,3.75,3.615000009536743,7.49375465577537,0.8518519826713832,0.0676054917412897,0.8300283036529014,0.0304321720913205,0.0143625719766339,0.0160696001146866,3.650833368301392,3.5873076915740967,3.650242867223692,3.6198106951323714,1.1798941825639646,0.7671958379450697,0.4126983446188949,0.0614796163585701,24.36253478503392,-0.0230000853538512,23.351132367437447,7.05951234990442,16.291620017533027,3.669999957084656,3.615000009536743,3.6424999833107,3.590000033378601,99.99999851047156,17.501867398398055,22.95608403421688,14.288468661137932,110.35461403523318,3.5625000596046448,3.774999976158142,100.0,44.0,56.0,3.621522669423016,3.573524409881592,0.0,0.0,62.23456668281048,1.0,0.9936654818984048,0.9183930060839218,13.404621754923872,52.978909121917575,84.00001525878906,81.0864368311398,-15.999984741210938,0.1148529697867002,4.802262093950917,0.8407117016434938,0.396994832363631,0.4437168692798628,-3.3058813786308203,-7.07796132748999,3.7720799488591696,3.638228426259863,0.2702700090373433,0.2699054363876962,-2.1108159501653567,-0.27026443369700814,3.59182357788086,3
2022-11-11,3.7799999713897705,3.7899999618530273,3.740000009536743,3.75,3.59182357788086,6395822,-278248442.9359362,8663403,-0.0541090485670045,69485.11020205224,0.054723119628454,0.0223121515794631,85600.74811793023,3.6547042284608633,83.98464268965708,1214.7843131298073,3.613500010967255,3.761050066993815,3.4659499549406947,8.166600557837784,0.962554853276959,0.0,0.0,3.6755000193913774,3.7430000623067214,3.6079999764760338,3.672971979824454,1.051851357354377,1.0,0.0,3.4800000190734863,3.7899999618530273,3.634999990463257,8.578938476232654,0.8709678411732042,0.0688449349377662,0.5764215441783189,0.0361357710752585,0.0187172117963588,0.0174185592788997,3.665000041325887,3.5942307710647583,3.665590118420047,3.629454347344789,1.2094240458642258,0.7591623847040688,0.450261661160157,0.0798201254909601,24.29583498888245,-0.0235000967979432,28.515916662374007,11.356542212176684,17.159374450197323,3.6899999380111694,3.634999990463257,3.662499964237213,3.600000023841858,99.99999925523578,18.868349530046164,28.271538580676907,13.11175503026588,155.75323533355396,3.552500009536743,3.774999976158142,100.0,40.0,60.0,3.6369399490922536,3.573524409881592,0.0,0.0,65.91765449135183,1.0,1.0,0.9767239976590822,16.15803545397507,53.592077028802734,85.71429787850018,83.73193699040404,-14.285702121499824,0.1316470882471869,4.748605584269382,0.9956254471610732,0.5167209553231195,0.4789044918379538,-1.1383363423690858,-5.890036330465809,4.751699988096723,3.650360684848712,1.0781660765967649,1.0723953080773008,-1.0554079750826784,-1.0781707328201122,3.4960415363311768,4
2022-11-14,3.75,3.75,3.650000095367432,3.650000095367432,3.4960415363311768,4683059,-282931501.9359362,3980344,-0.0854389270685495,-7342.113168053627,-0.1387979011633154,0.0112513974648527,-55923.87111347157,3.662786595352708,77.47388458078407,1182.3900956732418,3.620500016212463,3.760853210415829,3.480146822009097,7.753249196236413,0.6050922970524792,0.0,0.0,3.6798333644866954,3.7473333835601808,3.612333345413208,3.668645418834184,0.2790128837831654,0.0,0.0,3.4800000190734863,3.7899999618530273,3.634999990463257,8.562351647324206,0.5483874441062162,0.0719604319072463,0.8666175850107601,0.0322153987293045,0.0214168491829479,0.0107985495463565,3.67000005642573,3.5980769304128795,3.6631916533350295,3.630976254605725,1.1116752202829512,0.8274111552259273,0.2842640650570238,0.0924114477355765,24.3733388597618,0.0195000886917116,31.473906876444676,15.443727071616465,16.030179804828208,3.6899999380111694,3.634999990463257,3.662499964237213,3.600000023841858,99.99999962761788,18.241319714681666,25.45010768146233,20.78501517226105,68.53066695000452,3.552500009536743,3.774999976158142,96.0,36.0,60.0,3.6369399490922536,3.7899999618530273,0.0,1.0,52.209179077802965,0.0284276479515291,0.6761425493171762,0.8899360104051937,14.356694069373058,43.88727708002866,48.1481939349843,72.62083569075783,-51.8518060650157,0.1362794518470762,1.6713142794601985,0.8872379346585049,0.5908243511901965,0.2964135834683084,-2.022750769622874,-5.116579218297222,3.093828448674348,3.650355556419938,-2.666664123535145,-2.7028646259856126,-3.693927912789363,2.666668879271441,3.4960415363311768,0
2022-11-15,3.619999885559082,3.690000057220459,3.619999885559082,3.650000095367432,3.4960415363311768,4347113,-283552501.1574878,8327457,-0.1051846604955507,-6293.239858331681,-0.0724621850260448,0.0048980677101405,-124881.4542369837,3.667521098925413,71.57299956382829,1182.3900956732418,3.6255000233650208,3.7625365804187583,3.4884634663112832,7.5595948790835505,0.5893924677077368,0.0,0.0,3.6791666984558105,3.747666716575623,3.6106666803359984,3.723670261995053,0.2871051432616878,0.0,0.0,3.4800000190734863,3.7899999618530273,3.634999990463257,8.55054311906509,0.5483874441062162,0.0717644058826594,1.122034570668321,0.0287767548829953,0.0228888303229574,0.0058879245600378,3.670833388964335,3.602692319796636,3.661162182878477,3.632385427995481,1.0703516492205871,0.8994974043540717,0.1708542448665156,0.100425023691157,24.44629207786801,-0.0055001378059387,32.6795318452808,19.20744277586924,13.472089069411563,3.6899999380111694,3.634999990463257,3.662499964237213,3.600000023841858,99.99999981380894,17.146452151039036,23.669404600167056,22.329380046623587,30.8823531749206,3.552500009536743,3.774999976158142,92.0,32.0,60.0,3.6369399490922536,3.7899999618530273,0.0,0.0,52.209179077802965,0.0,0.3428092159838429,0.6729839217670065,12.946644292712852,44.0123611741641,41.66672461562474,58.509738809703066,-58.333275384375256,0.1229117919416986,0.2747250048093209,0.7922274619099468,0.6311049733341465,0.1611224885758002,-3.230667200377979,-4.739396814713373,1.5087296143353943,3.650349417012206,0.0,0.0,-3.693927912789363,0.0,3.515197992324829,1
2022-11-16,3.660000085830689,3.680000066757202,3.630000114440918,3.670000076293945,3.515197992324829,4330031,-280954482.5574879,12657488,-0.0772766888673815,6977.299751602713,1.376539519739507e-07,0.002396239011902,23726.174013288983,3.6732750487201855,71.2872831387358,1188.8689391645546,3.630000030994416,3.766674889043817,3.493325172945013,7.530295145036719,0.6463328583998648,0.0,0.0,3.679000035921733,3.748000065485636,3.610000006357829,3.751020869268176,0.4347829291909783,0.0,0.0,3.4800000190734863,3.7899999618530273,3.634999990463257,8.539943254342576,0.6129035235196112,0.0695879605260219,1.2585866369919971,0.0273501605487371,0.0237810963681134,0.0035690641806237,3.6750000715255737,3.608076939216027,3.6625218587885486,3.635171698239812,1.050761583505027,0.9390861482038014,0.1116754353012255,0.1059189211780454,24.50916948475264,0.0500000357627867,33.67454155408753,22.63606580046494,11.038475753622592,3.704999923706055,3.634999990463257,3.669999957084656,3.600000023841858,99.99999990690446,16.12978941337088,22.460541088706925,21.18895538331378,35.20527305363663,3.552500009536743,3.774999976158142,88.0,28.000000000000004,60.0,3.6369399490922536,3.7831999588012697,0.0,0.0,54.40841328169613,0.1604287958761289,0.0629521479425525,0.3606346377478573,12.424797834447144,44.805500406032856,42.8572077329347,44.22404209451457,-57.1427922670653,0.1072353292913996,1.381220782197364,0.7523760311508921,0.6553591848974957,0.0970168462533964,-4.199121712405578,-4.631341794251815,0.4322200818462365,3.6504975312088574,0.5479446686014189,0.546448913255615,-3.166223925248046,-0.5479470365147705,3.505619764328003,2
2022-11-17,3.670000076293945,3.700000047683716,3.640000104904175,3.660000085830689,3.505619764328003,5106039,-282656495.55748785,7551449,-0.0600895968120008,-1313.7918279138075,0.0176261537247766,5.809920642115195e-05,9813.274764367192,3.6754798089187006,71.92303442365883,1188.8689391645546,3.6360000371932975,3.766751766414073,3.505248307972524,7.192064240005035,0.5917771748810544,0.0,0.0,3.682000041007996,3.7490000486373902,3.615000033378601,3.6393268268977255,0.3358212487153901,0.0,0.0,3.4800000190734863,3.7899999618530273,3.634999990463257,8.525850924326068,0.5806454838129151,0.0686291587513738,1.4126103884320134,0.0251230556567509,0.0240494882258409,0.00107356743091,3.673333406448364,3.614230788671053,3.6621338937181087,3.6370108380613577,1.0304570542947884,0.9492386462573984,0.0812184080373898,0.1087345163164968,24.52326319106776,0.0240000486373905,34.556597129046416,25.731860566780508,8.824736562265908,3.704999923706055,3.634999990463257,3.669999957084656,3.600000023841858,99.99999995345225,15.518505917680532,23.1337331894607,19.877035035132693,39.52838668863786,3.552500009536743,3.774999976158142,84.0,24.0,60.0,3.6369399490922536,3.776671955871582,0.0,0.0,53.09283234230338,0.0644603603130843,0.0749630520630709,0.1602414719964889,11.611929393039103,42.3901705834541,35.000077486019954,39.84133661152645,-64.99992251398004,0.0965000383994159,-0.5434777327093125,0.6907610885796089,0.6624395656339184,0.0283215229456905,-3.68844356653828,-4.442762148709107,0.7543185821708276,3.650569155433967,-0.2724792985114632,-0.2728511990736981,-3.4300759190186936,0.2724804695991452,3.5343542098999023,3
2022-11-18,3.660000085830689,3.7200000286102295,3.650000095367432,3.690000057220459,3.5343542098999023,3316077,-282182770.2717736,10867526,-0.0229239843404545,13085.637736970242,0.031663860558271,-0.0014697807960171,13268.033208268478,3.6800369068616834,70.18591022257951,1198.6137570128385,3.646000039577484,3.7600877835333177,3.531912295621651,6.258241509457277,0.6928341122250972,0.0,0.0,3.686666711171468,3.755666693051656,3.61766672929128,3.7432177783308753,0.524154687857593,0.0,0.0,3.5,3.7899999618530273,3.6449999809265137,7.953920973808709,0.6551726972872894,0.0687662362005162,1.4685913109266506,0.0254850303889169,0.0243365966584561,0.0011484337304607,3.6758334040641785,3.62038463812608,3.666420995795393,3.640935965406476,1.0209426345023835,0.9895288075752684,0.031413826927115,0.1110520484750755,24.572686271066665,0.0040000557899477,36.89478553838396,28.547194161959016,8.34759137642494,3.704999923706055,3.634999990463257,3.669999957084656,3.600000023841858,99.99999997672612,15.27528398887035,23.5262061251664,18.442383451075013,62.21022596379087,3.552500009536743,3.774999976158142,80.0,20.0,60.0,3.6369399490922536,3.770405073059082,0.0,0.0,56.49166595308948,0.3123970205362072,0.1790953922418067,0.1056701974158101,11.8905487479176,45.779518875986376,50.000059604630565,42.61911494119506,-49.99994039536944,0.0740294645814336,0.8196713302251506,0.6999582148946625,0.6699432954860672,0.0300149194085952,-6.160733562201884,-4.786356431407663,-1.3743771307942207,3.652046275584137,0.8196713302251579,0.8163302695052721,-2.638519937706696,-0.819668061673184,3.563088893890381,4
2022-11-21,3.740000009536743,3.740000009536743,3.690000057220459,3.7200000286102295,3.563088893890381,5225064,-281137757.4717736,16092590,0.0167429155857751,33609.37099022018,0.0287077275795742,0.0005807711739524,69661.08640813497,3.6839002002734,70.90676917788448,1198.6137570128385,3.657000041007996,3.753767858794133,3.560232223221859,5.292196702270985,0.8255213822299261,0.0,0.0,3.693000046412151,3.761000005404155,3.625000087420145,3.682640570669293,0.6985294005931229,0.0,0.0,3.509999990463257,3.7899999618530273,3.649999976158142,7.656548215749892,0.7500002128737531,0.066889607812093,1.4840736629461846,0.0278713612399239,0.0250435495747496,0.0028278116651742,3.681666731834412,3.6273077176167416,3.6746639239207526,3.6467925626808286,1.042328257245844,0.9470899938112082,0.0952382634346357,0.1143413828988749,24.594994758167847,-0.0269999265670777,38.58904033345607,31.035875512574293,7.553164820881776,3.704999923706055,3.634999990463257,3.669999957084656,3.600000023841858,99.99999998836306,15.364926804885275,24.392726025041583,17.47231593761059,106.11044290566774,3.552500009536743,3.774999976158142,76.0,16.0,60.0,3.6369399490922536,3.764388865559082,0.0,0.0,59.64098012987109,0.5421318438316529,0.3063297415603147,0.1867960619550642,13.055804351634777,44.06246819703244,65.0000417232414,50.00005960463063,-34.999958276758605,0.0696765205439398,1.9178063401050616,0.7642705407799552,0.6888087445448448,0.0754617962351104,-4.917702737297644,-4.81262569258566,-0.1050770447119839,3.6545918896413054,0.8130073421291018,0.8097202416641913,-1.8469639563946871,-0.813010872254722,3.543932676315308,0
2022-11-22,3.740000009536743,3.759999990463257,3.680000066757202,3.700000047683716,3.543932676315308,12924721,-287600117.9717736,3167869,-0.046339032380295,-8119.706791312798,0.0030948384654563,-0.0001078754474206,-27007.52655777901,3.69012142857818,57.26205160463569,1198.6137570128385,3.66500004529953,3.7470975890800937,3.582902501518966,4.480084189131527,0.7131610811508344,0.0,0.0,3.695000044504802,3.760000006357829,3.6300000826517738,3.5182658224697745,0.5384615854869264,0.0,0.0,3.5199999809265137,3.7899999618530273,3.6549999713897705,7.366984381699983,0.6666669610106123,0.0682006394014891,1.5193290638514845,0.0278279312488267,0.0256004259095651,0.0022275053392616,3.6875000596046448,3.6346154121252208,3.6785617891150544,3.650733857866228,1.0102040717026832,0.9336734122904288,0.0765306594122544,0.1168213479045041,24.67264540360955,-0.004999959468841,38.35077356881303,33.12069176392489,5.230081804888137,3.704999923706055,3.634999990463257,3.669999957084656,3.600000023841858,99.99999999418154,15.754283857058628,24.443191614071523,16.020334209644894,93.35579979473356,3.5674999952316284,3.774999976158142,72.0,12.0,60.0,3.619999885559082,3.764388865559082,1.0,0.0,56.69466528556279,0.3272053289986257,0.3939113977888285,0.2931121771969834,13.18207310201937,41.05196453829632,55.00005364416751,56.66671832401315,-44.99994635583249,0.07620594291126,1.9283727558113049,0.7622558184806046,0.7034981593319967,0.0587576591486079,7.388317387115054,-2.372437076645517,9.76075446376057,3.65493414751436,-0.5376338917391199,-0.5390843438307646,-2.3746679439360263,0.5376295160056088,3.582245349884033,1
2022-11-23,3.740000009536743,3.7699999809265137,3.7200000286102295,3.740000009536743,3.582245349884033,4483927,-288496903.37177354,7651796,-0.088877693766439,18662.666886268937,0.0278772963033373,0.0057605375168663,-21012.84087621051,3.6965767087634815,63.31604645634133,1211.571731050445,3.6730000495910646,3.7515112030221474,3.594488896159982,4.275042328944363,0.9266907121960146,0.0,0.0,3.698333374659221,3.761333338419597,3.635333410898844,3.4069380652403454,0.830687768615264,0.0,0.0,3.549999952316284,3.7899999618530273,3.669999957084656,6.534168426255907,0.7916668736272305,0.06838056878562,1.5053140187772325,0.0306676576287063,0.0266138722533933,0.004053785375313,3.694166719913482,3.6419231066337,3.688013823026084,3.657346165397377,1.0824744117819114,0.8865980217644251,0.1958763900174862,0.120584125204508,24.75706373084389,0.0170000076293943,39.34552021164605,34.89784596883695,4.447674242809107,3.704999923706055,3.634999990463257,3.669999957084656,3.600000023841858,99.99999999709075,16.26799220429453,23.70554790101381,14.856925379990209,135.8175276487947,3.572499990463257,3.7400001287460327,68.0,8.0,60.0,3.6227998876571657,3.764388865559082,0.0,0.0,60.85930636568217,0.6310057848832554,0.5001143192378447,0.4001184861956626,14.53885667752601,47.22011655793028,70.58827654298825,63.52945730346571,-29.411723457011743,0.0886176887680503,2.1857902139337555,0.8385221480771232,0.730502957081022,0.1080191909961012,4.685188738556566,-0.9609119136051004,5.646100652161667,3.656717797484921,1.0810800361494175,1.0752781438702286,-1.319259968853348,-1.0810779173310863,3.543932676315308,2
2022-11-24,3.740000009536743,3.740000009536743,3.690000057220459,3.700000047683716,3.543932676315308,2869904,-290218845.7717735,4781892,-0.1240288626827708,-402.8641720338492,-0.0522664569608744,0.0010177225647751,17780.708555206107,3.701142897422103,58.28024634967272,1198.6137570128387,3.6785000562667847,3.747861402870942,3.609138709662628,3.771175508669162,0.6549853951050782,0.0,0.0,3.6993333737055463,3.7623333374659222,3.63633340994517,3.406017106118265,0.5052910663623973,0.0,0.0,3.5799999237060547,3.7899999618530273,3.684999942779541,5.708849665210996,0.5714290579970118,0.0665425071386864,1.5036932682927753,0.0293521453553942,0.0271615268737935,0.0021906184816006,3.695000052452088,3.646538496017456,3.689857857588797,3.660505712233402,1.0206187923577223,0.9175258137389624,0.1030929786187598,0.1226320002723267,24.8207802379546,0.0214999914169311,38.82460670890288,36.043255974006826,2.781350734896052,3.694999933242798,3.634999990463257,3.6649999618530273,3.600000023841858,99.99999999854538,16.04275253323534,22.451366897500648,17.245293995852144,63.111114954066245,3.564999997615814,3.725000023841858,64.0,4.0,60.0,3.62868789138794,3.764388865559082,0.0,0.0,55.14781919691216,0.2143666622624402,0.3908592587147737,0.4282949919138157,13.961319283115408,45.82180679321997,47.05889777737885,57.5490759881782,-52.94110222262115,0.0931323850856111,0.2710024473763683,0.8018603893254258,0.7447744435299029,0.0570859457955229,0.1113747048981015,-0.74645458990446,0.8578292948025616,3.657014269351426,-1.0695176938778084,-1.0752781438702286,-2.3746679439360263,1.0695156201393416,3.572666883468628,3
2022-11-25,3.740000009536743,3.75,3.700000047683716,3.7300000190734863,3.572666883468628,4688412,-289281163.37177354,9470304,-0.1479207915740658,19747.86297589337,0.0106645714226083,0.0010744994781646,7319.983531017893,3.704637030244869,59.22576939918213,1198.6137570128387,3.68300005197525,3.753455687236533,3.612544416713967,3.8259915431441063,0.8335429942824154,0.0,0.0,3.696000043551128,3.759000007311504,3.633000079790751,3.4090889079019524,0.7698412307956212,0.0,0.0,3.5899999141693115,3.7899999618530273,3.6899999380111694,5.430356906360962,0.7000003576277833,0.0648882516564462,1.5034337860730975,0.0303801360742865,0.0278052487138921,0.0025748873603944,3.6975000500679016,3.653846190525935,3.6960335747402873,3.6656534386660007,1.031250240591835,0.9166666873627384,0.1145835532290964,0.1248207559744279,24.894474606176143,0.0269999861717225,37.62630351906579,36.72685560096473,0.8994479181010604,3.694999933242798,3.634999990463257,3.6649999618530273,3.600000023841858,99.99999999927267,16.00678162887054,22.319225791825698,16.315685205497264,90.17444883274746,3.564999997615814,3.725000023841858,60.0,4.0,56.0,3.6343403749694825,3.764388865559082,0.0,0.0,58.30806055427791,0.4448985968525044,0.4300903479994,0.4403546419840062,14.43789317994966,44.30247455660415,64.7059318515859,60.78436872398433,-35.2940681484141,0.095102964429294,0.8108100271120583,0.8287781860071987,0.7615751920253621,0.0672029939818366,-0.9104048177872528,-0.7792446354810186,-0.1311601823062342,3.657775856114336,0.8108100271120522,0.8075406231589755,-1.5831119626240175,-0.8108000286053851,3.582245349884033,4
2022-11-28,3.7300000190734863,3.75,3.7100000381469727,3.740000009536743,3.582245349884033,9941439,-284310443.87177354,19411743,-0.0558445141317703,31128.781863772834,0.0020117773546712,-0.0057890787329491,64666.74052861751,3.708877116426727,61.74208639477822,1198.6137570128387,3.689000058174133,3.757381276949715,3.620618839398552,3.7073037515443614,0.8729090551163273,0.0,0.0,3.701000038782756,3.758000008265178,3.6440000693003336,3.0802469000334947,0.8421051897757101,0.0,0.0,3.5899999141693115,3.7899999618530273,3.6899999380111694,5.421524655185439,0.7500002980231528,0.0623994226761043,1.5051220895652748,0.0316370495682161,0.0285716088847569,0.0030654406834591,3.700000047683716,3.66346157514132,3.7027976416320496,3.6711605920638335,1.0224719040924444,0.9887640479537778,0.0337078561386665,0.127296109845126,24.894599090135955,0.0609999418258668,37.61635245592484,37.27539122436961,0.3409612315552266,3.700000047683716,3.6449999809265137,3.6725000143051143,3.600000023841858,99.99999999963634,15.973380074817516,21.328693708025355,15.59159155565612,94.5821653228535,3.5625,3.725000023841858,56.00000000000001,4.0,52.00000000000001,3.639766759207764,3.764388865559082,0.0,0.0,59.33656039407773,0.5199251631753572,0.3930634740967672,0.4046710269369803,15.130168038723182,47.28309232539715,70.58827654298825,60.78436872398433,-29.411723457011743,0.0920735485413493,0.8086245574475666,0.8617724225033306,0.7816146381209559,0.0801577843823747,5.8171815831913785,0.5400406082534608,5.277140974937918,3.665182950823362,0.2680962576976364,0.2677375207112531,-1.319259968853348,-0.2681041006013345,3.582245349884033,0
2022-11-29,3.759999990463257,3.759999990463257,3.690000057220459,3.740000009536743,3.582245349884033,14709420,-278006406.7289164,34121163,-0.0280459885837224,26681.813026091004,-0.0023794230664995,-0.0075553965609735,26652.625920292518,3.712282305710065,48.82386248296026,1198.6137570128387,3.6920000553131103,3.7637216712220902,3.62027843940413,3.885244573914171,0.8346268319201571,0.0,0.0,3.708666706085205,3.765666651725769,3.651666760444641,3.0738780353078363,0.7748538011695919,0.0,0.0,3.5899999141693115,3.7899999618530273,3.6899999380111694,5.417119303557385,0.7500002980231528,0.0631594737327736,1.5068085013990955,0.0322612746752182,0.0293095420428492,0.002951732632369,3.699166715145111,3.672692344738887,3.708521082848156,3.676259808172938,0.9550561918151114,0.9775280959075556,-0.0224719040924442,0.1295979975794333,24.9253584103346,-0.0419999599456781,37.297748910708016,37.67796981954967,-0.3802209088416575,3.705000042915344,3.649999976158142,3.677500009536743,3.600000023841858,99.99999999981816,15.440666364718396,19.682459856776816,16.593427269158507,79.08675068932402,3.552500009536743,3.725000023841858,52.0,4.0,48.0,3.6449760880765134,3.764388865559082,0.0,0.0,59.33656039407773,0.5199251631753572,0.4949163077344061,0.4393567099435245,15.69186761190711,49.87494769163574,70.58827654298825,68.62749497918746,-29.411723457011743,0.0871911932440365,-0.2666664123535156,0.8775569834182022,0.8008031071804053,0.0767538762377969,15.829498841868514,3.597932254976472,12.231566586892042,3.671922783544944,0.0,0.0,-1.319259968853348,0.0,3.649292469024658,1
2022-11-30,3.75,3.819999933242798,3.75,3.809999942779541,3.649292469024658,24373229,-260596957.4432021,58494392,0.105722633359175,266602.1830097101,0.017231988380118,-0.0051646067961082,456182.9942676269,3.731381167878609,63.40718223100793,1198.6137570128387,3.699500048160553,3.786096732258685,3.612903364062421,4.68153442199244,1.1380145831783195,1.0,0.0,3.7220000267028808,3.780999970436096,3.6630000829696656,3.170335481457814,1.245762711864405,1.0,0.0,3.5899999141693115,3.819999933242798,3.704999923706055,6.217056793602309,0.9565217842001056,0.0648435187301017,1.5068085013990955,0.0379667303348276,0.0310409797012448,0.0069257506335827,3.712500035762787,3.683076959389907,3.724133215145292,3.686166484810464,1.02173912480107,0.8695652511935837,0.1521738736074861,0.1351887297457101,24.97472178663023,-0.0494999527931208,38.40842506100364,38.10595070087825,0.3024743601253874,3.7350000143051143,3.669999957084656,3.702499985694885,3.615000009536743,99.99999999990908,16.018732102395234,24.48149964439425,15.153874507566965,186.5996075157084,3.5462499856948853,3.725000023841858,100.0,4.0,96.0,3.649977043790513,3.764388865559082,0.0,0.0,66.12147037368376,1.0,0.6799501087835713,0.5226432968715816,18.33101561194381,53.94939866242591,95.00000596046306,78.72551968214651,-4.999994039536944,0.0876911857548883,4.383557348811585,1.0299787188472538,0.846638229513775,0.1833404893334788,29.8563745710306,8.849620718187298,21.006753852843296,3.6903777721072286,1.8716559642861783,1.8543560143744475,0.5277039875413392,-1.871650671353251,3.697183609008789,2
2022-12-01,3.849999904632568,3.920000076293945,3.829999923706055,3.859999895095825,3.697183609008789,9011863,-263600927.69203123,67506255,0.064622342207109,292886.5454770209,0.0898817118834281,-0.0026532787778957,574448.8018918026,3.741072739790083,64.36990073258318,1214.3435815788105,3.7100000381469727,3.818258883724954,3.6017411925689915,5.8360563053823045,1.1927833755663155,1.0,0.0,3.7423333485921217,3.804333313306172,3.680333383878073,3.313438913044691,1.4489243021862417,1.0,0.0,3.619999885559082,3.920000076293945,3.7699999809265137,8.086258427229112,0.7999995231631462,0.0693591802085319,1.5068085013990955,0.0459927475710371,0.0340313332752033,0.0119614142958337,3.7300000190734863,3.693846189058744,3.745035781291528,3.699043033720491,1.0421052420238284,0.8315787809376487,0.2105264610861796,0.145138950631964,25.08519386033761,-0.0399999618530277,41.10597409596607,38.5738605406096,2.5321135553564678,3.8000000715255737,3.7350000143051143,3.767500042915344,3.665000081062317,99.99999999995454,17.798575944396696,32.04357365680938,13.428767749548982,278.98074691121184,3.5462499856948853,3.725000023841858,100.0,8.0,92.0,3.6601784171576495,3.764388865559082,0.0,0.0,69.97516467008752,1.0,0.8399750543917857,0.6716138236365877,21.90019176408781,55.52617003238792,79.99995231631462,81.86274493992198,-20.000047683685384,0.1101323541472938,5.753419020315209,1.2433688159820535,0.9259843468074308,0.3173844691746229,26.32745980659172,12.345188535868182,13.982271270723537,3.7233451427563016,1.3123347261734477,1.3037982179375571,1.8469639563946985,-1.3123404164131216,3.6014015674591064,3
2022-12-02,3.829999923706055,3.859999895095825,3.7300000190734863,3.759999990463257,3.6014015674591064,9011428,-268453235.0766466,58494827,0.0515492377967121,122311.04746555277,-0.11540896360462,-0.0009826403808461,-115190.66001670885,3.7467683174620503,61.838987339843314,1182.8839324468672,3.7165000319480894,3.820283361322081,3.6127167025740974,5.585003550751524,0.709571030229778,0.0,0.0,3.7520000060399368,3.819999965031941,3.684000047047933,3.624731283717389,0.5588234503513475,0.0,0.0,3.619999885559082,3.920000076293945,3.7699999809265137,8.072115919708759,0.4666667196485401,0.0754232497899126,1.4973091489887187,0.043779603468363,0.0359809873138352,0.0077986161545277,3.737500011920929,3.700384653531588,3.747337967317948,3.703558363849585,1.0306122300029965,0.8571429266526798,0.1734693033503165,0.1518950924148653,25.321999599190377,-0.0564999461174005,40.00837290613484,38.73156415979613,1.276808746338709,3.8000000715255737,3.75,3.775000035762787,3.665000081062317,99.99999999997726,17.46962956712623,27.988438214543333,21.46401457530551,110.72661850195628,3.540000021457672,3.725000023841858,96.0,4.0,92.0,3.680964149888554,3.764388865559082,0.0,0.0,56.20491838868388,0.224909521069081,0.7416365070230269,0.7538538900661279,20.27273222163307,50.73900147989468,46.66667196485401,73.88887674721056,-53.33332803514599,0.1160441062029669,2.452313686603409,1.1820956811615435,0.9772066136782532,0.2048890674832904,23.285901402247745,14.533331109144097,8.752570293103648,3.724437048058029,-2.59067117487799,-2.6248201434056595,-0.7915559813120088,2.590675813781445,3.505619764328003,4
2022-12-05,3.7899999618530273,3.7899999618530273,3.660000085830689,3.660000085830689,3.505619764328003,7280778,-275734013.0766466,51214049,-0.005138701329723,827.0255917740142,-0.1249864045179739,-0.0047343703445553,-427093.9962306638,3.747535183989777,60.27969590403923,1151.4242833149242,3.7165000319480894,3.820283361322081,3.6127167025740974,5.585003550751524,0.2277985469429361,0.0,0.0,3.750666673978169,3.826666625340779,3.67466672261556,4.052610267390126,-0.0964910932304018,0.0,1.0,3.619999885559082,3.920000076293945,3.7699999809265137,8.072115919708759,0.1333339161339356,0.0808809124131552,1.9109140786668384,0.0335695454289877,0.0354986989368657,-0.001929153507878,3.737500011920929,3.701153883567223,3.7339013701660617,3.700331824737074,0.9903848468377304,0.8750000286561003,0.1153848181816302,0.1505604745423977,25.50747452870232,-0.0264999747276304,36.97289561881975,38.57846660979688,-1.6055709909771352,3.790000081062317,3.754999995231629,3.7725000381469727,3.665000081062317,49.99999999998863,16.32418163198493,24.6315230261534,25.347907428404525,-33.75911674378831,3.5475000739097595,3.725000023841858,92.0,16.0,76.0,3.680964149888554,3.920000076293945,0.0,1.0,46.37655983357429,0.0,0.4083031736896935,0.6633049117015021,15.003955480094548,43.66233296887894,10.344819081381484,45.67048112085004,-89.65518091861851,0.1097499910522912,0.0,0.9072036514285576,0.9632060212283142,-0.0560023697997565,19.22659718460152,15.47198432423558,3.754612860365935,3.72311831667391,-2.659571938462879,-2.6955784001152727,-3.4300759190186936,2.659570207236854,3.5535106658935547,0
2022-12-06,3.660000085830689,3.740000009536743,3.660000085830689,3.7100000381469727,3.5535106658935547,5905355,-274257674.3266466,57119404,0.0077032219649597,42889.94599448169,-0.0338675013662098,-0.007153487417424,-112963.3587847497,3.748528071318159,58.79378224766721,1167.1541078808957,3.7175000309944153,3.820626069003008,3.614373992985823,5.548139187560762,0.4636367643309552,0.0,0.0,3.749666674931844,3.8256666262944536,3.673666723569234,4.053691058498736,0.2390351173014915,0.0,0.0,3.619999885559082,3.920000076293945,3.7699999809265137,8.069944538900623,0.3000003178912371,0.0807928135424451,2.0988473494970905,0.0291762534697621,0.034234209843445,-0.0050579563736828,3.7391666769981375,3.704615427897527,3.730224242163125,3.7010479886933623,0.9813084153798368,0.9158878692092656,0.0654205461705711,0.1462681893006377,25.64375723585048,0.0024999976158142,36.21653684752712,38.23080179156144,-2.0142649440343234,3.790000081062317,3.754999995231629,3.7725000381469727,3.665000081062317,24.99999999999432,15.26055140649658,22.8178161533694,23.48145061756194,-35.055342843308736,3.5725000500679016,3.697499990463257,88.0,12.0,76.0,3.680964149888554,3.91480007648468,0.0,0.0,50.99117654671242,0.1955461666105832,0.1401518958932213,0.430030525535314,12.578282039529196,44.22367713595086,24.99997871262473,27.33715658628674,-75.00002128737528,0.1012205804095551,0.5420048947527367,0.7883241060071391,0.9282296381840792,-0.1399055321769402,14.586843595744885,15.294956178537442,-0.708112582792559,3.723040932013852,1.3661188837085891,1.356871603726395,-2.1108159501653567,-1.3661179701481956,3.524776220321656,1
2022-12-07,3.680000066757202,3.7300000190734863,3.670000076293945,3.680000066757202,3.524776220321656,12319011,-282470348.32664645,44800393,-0.0277858021518245,-16032.900226196847,-2.1629436957248875e-16,-0.0084124983977652,-18940.37837563749,3.7464500489900057,51.14191354796732,1167.1541078808957,3.7165000319480894,3.8206680659285888,3.61233199796759,5.605706072113082,0.3248024667638433,0.0,0.0,3.7446666797002153,3.821666630109151,3.66766672929128,4.112512914772937,0.0800866585005659,0.0,0.0,3.619999885559082,3.920000076293945,3.7699999809265137,8.072115919708759,0.2000004768368553,0.0787135264661547,2.3552034134011515,0.023008562582071,0.0319890803911702,-0.0089805178090991,3.73583334684372,3.704615427897527,3.722497445946829,3.6994888833647583,0.9813084153798358,0.9439252461395106,0.0373831692403252,0.1382990983427915,25.743701977699786,-0.0164999842643736,33.4319154966805,37.631613879092285,-4.199698382411782,3.790000081062317,3.754999995231629,3.7725000381469727,3.665000081062317,12.499999999997158,14.272894768543113,21.536943793721264,22.163325304503164,-51.02655902866097,3.5725000500679016,3.697499990463257,84.0,8.0,76.0,3.680964149888554,3.9097040766716,0.0,0.0,48.30514982115858,0.0817247460578796,0.0924236375561542,0.213626235713023,9.730246625840891,41.11989328053835,11.11110129964613,15.48529969788411,-88.88889870035388,0.0799558877944948,-1.0752677834782465,0.6219389571768175,0.866971501982627,-0.2450325448058095,16.441469581013017,15.524258859032557,0.9172107219804602,3.722199920772278,-0.8086245574475681,-0.8119116580163066,-2.902371931477365,0.8086213402337705,3.5343542098999023,2
2022-12-08,3.619999885559082,3.740000009536743,3.619999885559082,3.690000057220459,3.5343542098999023,6197636,-281437398.7319934,50998029,-0.0447201777484654,-4888.72863749198,-0.038724676568001,-0.0134402510496418,-82773.16237347861,3.744953809215131,47.3138898028416,1170.325719222263,3.715500032901764,3.8202806563930474,3.6107194094104815,5.640189614502572,0.3783173127261141,0.0,0.0,3.7420000076293936,3.825999975204468,3.658000040054322,4.489576023720425,0.1904763661815569,0.0,0.0,3.619999885559082,3.920000076293945,3.7699999809265137,8.074288469338702,0.2333337571883159,0.0828421862173054,2.5979968446284816,0.0187118403271644,0.029333632378369,-0.0106217920512046,3.7350000143051143,3.7057692729509792,3.717497847681234,3.6987860073540695,0.9285712461081332,0.9553571618637364,-0.0267859157556032,0.1284875115122785,25.851313134207075,0.0244999766349791,32.31139358039839,37.041068330351465,-4.729674749953077,3.7699999809265137,3.754999995231629,3.762499988079071,3.665000081062317,6.249999999998579,14.08351668677613,19.213874001011103,24.26705426660616,-66.42953335584829,3.5725000500679016,3.625,80.0,4.0,76.0,3.680964149888554,3.904709996854781,0.0,0.0,49.26452928836162,0.1223788217479234,0.1332165781387953,0.1219307038627237,7.860977692849033,41.64451531438486,23.333375718831597,19.814818577034146,-76.66662428116841,0.0356617611997269,-0.2702700090373527,0.5058914003124495,0.7947554816485916,-0.288864081336142,12.31119799140494,14.881646685507034,-2.570448694102096,3.722004532583601,0.2717388663546538,0.2713703237951836,-2.638519937706696,-0.2717332670092816,3.639714241027832,3
2022-12-09,3.75,3.799999952316284,3.690000057220459,3.799999952316284,3.639714241027832,9620803,-271816595.7319934,60618832,0.0401124750331349,146993.56413037833,0.0743181153950779,-0.0101823662056772,303640.1132670382,3.7473884325235263,49.164903986222285,1170.325719222263,3.718000030517578,3.828199743934456,3.607800317100701,5.927902770971012,0.872051429428434,0.0,0.0,3.745666670799255,3.835666632652283,3.655666708946229,4.805551041402338,0.8018516919249169,0.0,0.0,3.619999885559082,3.920000076293945,3.7699999809265137,8.068859286510015,0.5999998410543825,0.0855579571051573,2.6222999100514244,0.0239071425530199,0.0282483344132992,-0.0043411918602793,3.740000009536743,3.711538498218243,3.7301904791635496,3.7062833366105297,0.957627135766928,0.9237288443804712,0.0338982913864566,0.1234811348512952,26.011796513859466,-0.0179999828338623,32.376394114406224,36.45885073684939,-4.082456622443168,3.7699999809265137,3.7699999809265137,3.7699999809265137,3.665000081062317,6.209429284794737,13.186948545809384,22.61397971823306,21.93173417391364,75.22122375175094,3.57750004529953,3.625,76.0,24.0,52.0,3.680964149888554,3.8933215924029536,0.0,0.0,58.40833195837063,0.5098509936562028,0.2379848538206685,0.1545416898385394,9.490909287853333,45.301799969065016,59.99998410543825,31.481487041305325,-40.00001589456175,0.0193382403429818,1.6042765408167188,0.6450435755104335,0.76481310042096,-0.1197695249105265,11.984702560437338,14.302257860493096,-2.3175553000557585,3.723622866592061,2.981026921140062,2.9374580624658586,0.2638519937706807,-2.9810263734407556,3.4673068523406982,4
2022-12-12,3.7699999809265137,3.7799999713897705,3.609999895095825,3.619999885559082,3.4673068523406982,9448844,-280153812.5851276,51169988,0.0168231539354259,-116975.8808565884,-0.0899582634029121,-0.0168290163391321,-160778.26520344586,3.745146978566683,50.57444215292149,1114.8892165298691,3.7165000200271607,3.8310905264296062,3.6019095136247152,6.166581772363776,0.0789348633770446,0.0,0.0,3.739333327611287,3.842333300908406,3.6363333543141687,5.509001967626987,-0.0792887038328173,0.0,1.0,3.609999895095825,3.920000076293945,3.764999985694885,8.341186049444826,0.032258014897307,0.0960021671166875,3.083960604968861,0.0133461102814993,0.0252678895869392,-0.0119217793054399,3.73333332935969,3.71115387403048,3.7132380801474776,3.699891969865978,0.8914727435705503,0.9457364641956144,-0.0542637206250642,0.1120730539303656,26.278588126134547,0.0134999990463255,28.15779981400865,35.44330083721613,-7.285501023207473,3.764999985694885,3.764999985694885,3.764999985694885,3.665000081062317,3.1047146423973686,13.185144623188988,19.180493719263303,24.994696979057508,-87.55111820310775,3.580000042915344,3.625,72.0,100.0,-28.0,3.680964149888554,3.882388724129199,0.0,0.0,44.32934162139188,0.0,0.2107432718013753,0.1939815679202798,5.140665036565719,38.20856864915015,3.2258014897307072,28.85305377133351,-96.7741985102693,0.0087793995352352,-2.1621665160441204,0.3607162152354082,0.6839937233838497,-0.3232775081484415,11.424167972341571,13.726639882862791,-2.30247191052122,3.7207071838821135,-4.7368439214711895,-4.852705995982798,-4.485490184829133,4.736838588692251,3.5343542098999023,0
2022-12-13,3.690000057220459,3.7100000381469727,3.640000104904175,3.690000057220459,3.5343542098999023,5367235,-277853569.013699,56537223,0.0343038008208446,-46592.55911322571,-0.02608398896398,-0.0206833938582262,-343790.4227118092,3.7425348279808417,50.88811332827016,1136.4479013386274,3.718500018119812,3.8297249514661074,3.6072750847735167,5.982247293495193,0.3718814206405533,0.0,0.0,3.7343333323796575,3.8373333056767778,3.63133335908254,5.516378112474671,0.28478987061815,0.0,0.0,3.609999895095825,3.920000076293945,3.764999985694885,8.336699736117396,0.2580648882701977,0.0954019656638078,3.3001810462301537,0.0105037641012271,0.0223150644897968,-0.0118113003885697,3.7299999992052713,3.712307719083933,3.709662999697167,3.69915923559594,0.8854960845654507,1.0076334002300835,-0.1221373156646328,0.1003926558993504,26.29492260651057,0.0214999914169311,26.08034809883743,34.073514508086554,-7.993166409249124,3.764999985694885,3.764999985694885,3.764999985694885,3.665000081062317,1.5523573211986843,13.183469552184336,17.801715730803128,23.19796856698616,-74.50624069189712,3.5825000405311584,3.625,68.0,96.0,-28.0,3.680964149888554,3.866045394387196,0.0,0.0,49.433997296810176,0.1990443303662238,0.2362984413408087,0.2283421889876176,3.859968989316341,42.639609532659954,25.806488827019766,29.677424807396235,-74.19351117298024,0.0001029302092159,-1.072385030790513,0.2839500392454702,0.6039849865561738,-0.3200349473107036,7.144986848464269,12.410309275983089,-5.26532242751882,3.72037749869048,1.933706460616813,1.9152479335169392,-2.638519937706696,-1.9337012965536076,3.5343542098999023,1
2022-12-14,3.7100000381469727,3.744999885559082,3.680000066757202,3.690000057220459,3.5343542098999023,5487349,-281652499.8402325,62024572,-0.0041725351167503,-39936.47923990776,0.0444201199195589,-0.0137772097953381,103786.56995148644,3.741690552379474,54.11635214193362,1136.4479013386274,3.719500017166138,3.8293134338707815,3.6096866004614943,5.904740755361508,0.3656814402514103,0.0,0.0,3.7255000034968058,3.827999965349833,3.623000041643779,5.502615045326493,0.326829465911169,0.0,0.0,3.609999895095825,3.920000076293945,3.764999985694885,8.334458388692434,0.2580648882701977,0.092361750977615,3.485638009519005,0.0081571536853304,0.0194834823289035,-0.0113263286435731,3.725833336512248,3.712307719083933,3.706637931623827,3.6984807779384967,0.9396224995955876,0.9584905022104562,-0.0188680026148685,0.0888401106070804,26.248204535787927,0.0204999923706052,21.845931407218288,31.93350976489236,-10.087578357674072,3.734999895095825,3.764999985694885,3.7499999403953552,3.665000081062317,0.7761786605993422,12.628996899542814,19.71024379981045,21.96964929108213,-35.37739880700687,3.615000009536743,3.625,64.0,92.0,-28.0,3.680964149888554,3.850682664429714,0.0,0.0,49.433997296810176,0.1990443303662238,0.1326962202441491,0.1932459777954444,2.9361302899777675,45.38297830639242,25.806488827019766,18.27959304792341,-74.19351117298024,-0.001294144462137,-1.3368971173472657,0.2205541727832681,0.5272988238015928,-0.3067446510183246,3.685438885993289,10.66533519798513,-6.9798963119918405,3.719522758494136,0.0,0.0,-2.638519937706696,0.0,3.563088893890381,2
2022-12-15,3.75,3.759999990463257,3.704999923706055,3.7200000286102295,3.563088893890381,6632162,-284667098.02233213,68656734,-0.0119101178806079,-5807.74359816049,0.0165858476632661,-0.013354261492434,53919.96400189649,3.741556417667743,54.80355993091332,1136.4479013386274,3.7225000143051146,3.828871947602938,3.6161280810072913,5.71508034326656,0.4882488471470874,0.0,0.0,3.711333338419596,3.810333291689555,3.6123333851496384,5.335007354101784,0.5437711832398543,0.0,0.0,3.609999895095825,3.920000076293945,3.764999985694885,8.327741571707904,0.3548389329621189,0.0901255692041333,3.61510383127881,0.0086188423457311,0.017310554332269,-0.0086917119865379,3.724166671435038,3.713076949119568,3.708693638852505,3.700074796506773,0.9405203057360336,0.9442378641800694,-0.0037175584440358,0.0792903620780177,26.1931420141592,0.0874999284744264,18.229234458688797,29.513605492953907,-11.284371034265114,3.704999923706055,3.764999985694885,3.73499995470047,3.695000052452087,0.3880893302996711,11.883666809389045,19.80966929294472,20.69857227709271,3.027187832482325,3.637499988079071,3.590000033378601,60.0,88.0,-28.0,3.680964149888554,3.836241698269681,0.0,0.0,51.638113228138,0.2849887715776718,0.2276924774367064,0.1988957130072215,2.971238642753638,43.85756627463075,35.48389329621189,29.032290316750466,-64.51610670378811,0.005602917951696,-0.5347588469389063,0.2329369761354067,0.4684264542683555,-0.2354894781329488,2.0052953516190657,8.933327228711917,-6.928031877092852,3.71953971485419,0.8130073421291018,0.8097202416641913,-1.8469639563946871,-0.813010872254722,3.7067618370056152,3
2022-12-16,3.799999952316284,3.880000114440918,3.7799999713897705,3.869999885559082,3.7067618370056152,13286707,-274037789.44261104,81943441,0.0455573328534715,279736.8125331936,0.073381783240708,-0.0082564039291456,589673.7634624551,3.751899080781635,56.06879453319575,1136.4479013386274,3.731500005722046,3.854508061447612,3.608491949996481,6.592954872675308,1.0629707705730804,1.0,0.0,3.717333340644837,3.813333320617676,3.621333360671997,5.164991738738521,1.295138420640498,1.0,0.0,3.609999895095825,3.920000076293945,3.764999985694885,8.307655921821032,0.8387091564217249,0.0971130208667888,3.614401244402104,0.0208481443593924,0.0180180723376937,0.0028300720216986,3.7291666666666665,3.719230789404649,3.7335099844996704,3.712661840140278,0.9488054168713156,0.8532421841815665,0.0955632326897489,0.079285443605238,26.21506576127596,0.1284998893737792,19.75027745261088,27.599981252264037,-7.849703799653152,3.745000004768372,3.764999985694885,3.754999995231629,3.700000047683716,21.193906059926015,12.401221019732278,26.689779135803093,18.118258789055943,186.39227498395337,3.6424999833107,3.590000033378601,100.0,84.0,16.0,3.609999895095825,3.836241698269681,1.0,0.0,60.831361239147455,0.6434583747389178,0.3758304922276044,0.2454063966361533,6.473330608239344,52.46284932219403,83.87091564217249,48.38709925513471,-16.1290843578275,0.0173088059705843,1.57480167140813,0.5615416985729219,0.4870495031292688,0.0744921954436531,7.18246246662177,8.58315427629389,-1.4006918096721197,3.72316624108457,4.032254188043427,3.953080149441624,2.1108159501653567,-4.032258172441047,3.620558023452759,4
2022-12-19,3.7899999618530273,3.849999904632568,3.7699999809265137,3.7799999713897705,3.620558023452759,5687863,-278303686.69261104,76255578,0.0158108844697088,166644.81334176555,-0.0281301867674682,-0.0100957441935005,403478.03797617566,3.756494563734105,60.0775466538746,1110.0189048004029,3.734500002861023,3.8591554531281016,3.6098445525939447,6.675884331052573,0.6825029247869314,0.0,0.0,3.7269999980926514,3.817999982833862,3.636000013351441,4.883283326417036,0.7912086933192486,0.0,0.0,3.609999895095825,3.920000076293945,3.764999985694885,8.3009822187877,0.5483870223459614,0.0974017092433667,3.666759535073268,0.0230124403126072,0.0190169459326764,0.0039954943799308,3.7225000063578286,3.7203846344581017,3.74066229017507,3.717649849862463,0.943143773773088,0.8695652312588997,0.0735785425141882,0.0807304171831989,26.128172030720098,0.0254999876022337,20.009343248566264,25.799181963490604,-5.78983871492434,3.745000004768372,3.764999985694885,3.754999995231629,3.700000047683716,50.92899633226618,12.725393685567443,24.623689048210768,17.489813947784196,95.98531772398304,3.662499964237213,3.600000023841858,96.0,80.0,16.0,3.615399899482727,3.836241698269681,0.0,0.0,54.17686007533949,0.3839813772109941,0.4374761745091944,0.3469997147245018,6.823233990020586,47.72292895384529,54.83870223459613,58.06450372432683,-45.161297765403866,0.0356029265067157,-2.0725369399023954,0.6190050500172484,0.5134406125068647,0.1055644375103836,3.807593659386628,7.628042152912437,-3.820448493525809,3.724711186246714,-2.3255792462719804,-2.353047540774078,-0.2638519937706696,2.325582741579467,3.563088893890381,0
2022-12-20,3.759999990463257,3.7799999713897705,3.680000066757202,3.7200000286102295,3.563088893890381,5858827,-279475452.092611,70396751,0.0471864470116772,92619.94218505191,-0.1365458434123108,-0.0210798750358169,-225272.9274674254,3.746841260335827,47.3950495307099,1110.0189048004029,3.735500001907349,3.8593506448532975,3.6116493589614,6.631007516140315,0.4374247362450771,0.0,0.0,3.729333329200745,3.822333312034607,3.6363333463668814,4.987485677703887,0.4498209553049679,0.0,0.0,3.609999895095825,3.920000076293945,3.764999985694885,8.298760033190561,0.3548389329621189,0.0976615287822869,3.810276186987544,0.0196595435264437,0.0191454654514299,0.0005140780750138,3.7191666762034097,3.7230769395828247,3.737483480703556,3.717823937177113,0.8514851750032134,0.9636963166602376,-0.1122111416570242,0.0797451532477695,26.08433848686816,-0.0754999160766596,18.36268382798248,24.124822889190824,-5.762139061208348,3.745000004768372,3.764999985694885,3.754999995231629,3.700000047683716,75.4644981661331,11.86956811123908,22.728873784485533,23.069538701386,-20.36226708787174,3.662499964237213,3.600000023841858,92.0,76.0,16.0,3.620691903781891,3.836241698269681,0.0,0.0,50.2317451309579,0.2301506759349731,0.4191968092949615,0.4108344920105868,5.663786258353006,42.05908627877922,35.48389329621189,58.06450372432683,-64.51610670378811,0.0446176220388974,-1.0638287753851583,0.5287916764926452,0.5165108253040208,0.0122808511886244,1.1898981781662257,6.340413357963195,-5.15051517979697,3.724686242031076,-1.587300085546861,-1.6000326086675454,-1.8469639563946871,1.587300332990452,3.59182357788086,1
2022-12-21,3.700000047683716,3.759999990463257,3.684999942779541,3.75,3.59182357788086,5398677,-275516420.0043549,75795428,0.0749896746726963,102525.68695041769,-0.0104192988677952,-0.0282442329466186,-49459.49009675498,3.735754910866492,45.35450917935253,1118.9706615557805,3.736000001430512,3.8599999277822503,3.612000075078772,6.638111686523544,0.5564516406637856,0.0,0.0,3.733166654904683,3.827666648228964,3.638666661580404,5.062725672861376,0.5890653242564369,0.0,0.0,3.609999895095825,3.920000076293945,3.764999985694885,8.297649386494134,0.4516129776540401,0.0953953806724298,3.899355750158152,0.0192017498187881,0.0191567223249015,4.502749388661867e-05,3.726666669050852,3.7269230897610006,3.739409099056856,3.720207349238067,0.8108107716258596,1.0439189711655184,-0.2331081995396587,0.0786078942371429,26.07187544117058,-0.0259999632835388,17.233386558966654,22.449488775698413,-5.216102216731759,3.745000004768372,3.764999985694885,3.754999995231629,3.700000047683716,87.73224908306655,11.07487293507703,21.39887473704291,21.71960536158597,-11.512546293355443,3.662499964237213,3.600000023841858,88.0,72.0,16.0,3.625878067995072,3.836241698269681,0.0,0.0,52.10954573531292,0.471469813643284,0.3618672889297503,0.4061800909113022,5.40919022410783,51.66729969030465,51.85184858136645,47.39148137072482,-48.148151418633546,0.0438970327377319,2.459013990675476,0.5161473008411988,0.5164381204114564,-0.0002908195702576,-1.4390418181372024,4.784522322743116,-6.223564140880319,3.7250645982901673,0.8064508376086854,0.8032164006342324,-1.0554079750826784,-0.8064543110263287,3.6109797954559326,2
2022-12-22,3.75,3.7899999618530273,3.7300000190734863,3.7699999809265137,3.6109797954559326,6428856,-273373468.0043549,82224284,0.0953570095284711,106247.30272597272,0.0349984396095183,-0.0175008470027515,77824.87518743487,3.7333583099315057,53.1103253658453,1118.9706615557805,3.739499998092652,3.863189052644331,3.615810943540972,6.615272342011899,0.6232929742425944,0.0,0.0,3.741166655222575,3.8296666304270426,3.6526666800181062,4.73114316257065,0.6629001908606376,0.0,0.0,3.609999895095825,3.920000076293945,3.764999985694885,8.289883175725008,0.5161290074486542,0.0918558368831409,3.899038465898172,0.020219696249164,0.019369317109754,0.00085037913941,3.7316666642824807,3.730769239939176,3.744115388575264,3.7238956923261,0.904255299361663,0.9822694309927662,-0.0780141316311031,0.0783193280629832,26.02815045130876,-0.0594999313354493,15.59697313889849,20.58510866730866,-4.9881355284101705,3.745000004768372,3.764999985694885,3.754999995231629,3.700000047683716,93.86612454153328,10.62811822366143,22.771557538227025,20.67719432166198,34.07088037141976,3.669999957084656,3.600000023841858,84.0,68.0,16.0,3.630960508923988,3.836241698269681,0.0,0.0,53.37262739919921,0.5480108488101105,0.4165437794627891,0.3992026258958337,5.618295052961669,51.67146279183074,59.25924290683228,48.86499492813687,-40.74075709316772,0.0460146861917829,1.6172491148951331,0.5429716060745521,0.5217448175440755,0.0212267885304765,-2.4449869253946668,3.3386204731155598,-5.783607398510226,3.725819496742942,0.5333328247070224,0.5319156418319704,-0.5277039875413392,-0.5333284656028354,3.620558023452759,3
2022-12-23,3.759999990463257,3.7799999713897705,3.7300000190734863,3.7799999713897705,3.620558023452759,2736204,-270637264.0043549,84960488,0.1067172639243489,94977.97575162307,-0.0091367282250544,-0.0092258701246859,41545.02796002208,3.736353289008293,57.28687772219568,1121.9387506806702,3.7419999957084658,3.866835815530793,3.6171641758861375,6.672144306012617,0.652199808257711,0.0,0.0,3.741166655222575,3.823666636149088,3.658666674296061,4.410387909950271,0.7353534857285992,0.0,0.0,3.609999895095825,3.920000076293945,3.764999985694885,8.284344776954708,0.5483870223459614,0.0876702484264552,3.6974607474499703,0.0215845287743148,0.0198123594426662,0.0017721693316485,3.739999989668528,3.735384620152987,3.74963609362365,3.728051564849335,0.9511277649615304,0.9360901817592528,0.0150375832022774,0.0789825404562705,25.920881367181245,-0.0519999384880067,13.019292522397183,18.903052301574053,-5.883759779176868,3.7600001096725455,3.764999985694885,3.762500047683716,3.700000047683716,96.93306227076664,10.21327456306123,21.831251671403496,19.82337098975024,30.688236711562705,3.669999957084656,3.600000023841858,80.0,64.0,16.0,3.635941301034327,3.836241698269681,0.0,0.0,54.02553814451473,0.587576354150621,0.5356856722013384,0.438032246864626,5.983386344318946,58.21475782817999,62.96294006956519,58.02467718592129,-37.037059930434815,0.0279264407999373,2.7173886635466227,0.5789761326755453,0.5331910805703696,0.0457850521051756,-7.480609654820368,1.174774447528374,-8.655384102348743,3.7261957499124994,0.265251737767902,0.2649005662013426,-0.2638519937706696,-0.2652528825799436,3.582245349884033,4
2022-12-28,3.7899999618530273,3.799999952316284,3.7200000286102295,3.740000009536743,3.582245349884033,3094030,-272184279.0043549,81866458,0.0722413548313036,63729.53893394521,0.012928098210454,-0.0058833272977813,-25483.198565689007,3.7388903983587225,55.4101580174976,1121.9387506806702,3.7419999957084658,3.866835815530793,3.6171641758861375,6.672144306012617,0.491989534035307,0.0,0.0,3.749499996503194,3.822999962170919,3.67600003083547,3.9205209087222914,0.4353742081363786,0.0,0.0,3.609999895095825,3.920000076293945,3.764999985694885,8.284344776954708,0.419354962756733,0.0869032159544152,3.660405894624604,0.0192169843225609,0.0196932844186451,-0.0004763000960842,3.744166652361552,3.737307695242075,3.748153619148741,3.72893663482618,0.9436089733603914,0.8834586405512806,0.0601503328091107,0.0779855966212589,25.881875843512216,0.0579999566078184,14.331496139857451,17.597624306131834,-3.266128166274381,3.78000009059906,3.764999985694885,3.7725000381469727,3.700000047683716,97.53765223035498,10.106490998434294,22.041735202410628,18.506607179657767,13.710046501461449,3.669999957084656,3.600000023841858,76.0,60.0,16.0,3.6408224773024576,3.836241698269681,0.0,0.0,50.95213231747393,0.4013321308233186,0.5123064445946833,0.4881786320862704,5.365781453207701,55.87606778040176,48.148151418633546,56.79011146501032,-51.85184858136645,0.0160146874539992,1.3550122368818416,0.5153475696820654,0.5296223783927088,-0.0142748087106433,-11.320676006892407,-1.3243156433557828,-9.996360363536626,3.7267989211857135,-1.058200057031233,-1.0638388086280814,-1.319259968853348,1.0581980269491282,3.582245349884033,2
2022-12-29,3.7200000286102295,3.75,3.690000057220459,3.740000009536743,3.582245349884033,4057859,-269479039.6710216,85924317,0.0542437102071083,54625.31908623876,-0.0591443769328964,-0.010107925650131,-32741.027224563622,3.744619376468832,60.60327669007104,1121.9387506806702,3.7419999957084658,3.866835815530793,3.6171641758861375,6.672144306012617,0.491989534035307,0.0,0.0,3.75416665871938,3.82666662534078,3.681666692097982,3.8623733686948345,0.4022989261731856,0.0,0.0,3.609999895095825,3.920000076293945,3.764999985694885,8.284344776954708,0.419354962756733,0.0842128886369278,3.5568697283790027,0.0171430736059723,0.0191832422561106,-0.0020401686501382,3.7391666571299234,3.73807692527771,3.746899217669972,3.729756144064,0.9135338069558364,0.913533806955836,3.3306690738754696e-16,0.0757686469162754,25.775729031671627,-0.1220001101493837,13.864629564684638,16.710812990294762,-2.846183425610125,3.78000009059906,3.764999985694885,3.7725000381469727,3.700000047683716,95.41016075256375,9.525468200258423,20.91939274218355,20.11021831345883,-26.942445297627344,3.669999957084656,3.600000023841858,72.0,56.00000000000001,15.999999999999991,3.645606030045228,3.836241698269681,0.0,0.0,50.95213231747393,0.4013321308233186,0.463413538599086,0.5038018851317027,4.8694562075591605,52.56020299034253,48.148151418633546,53.08641430227741,-51.85184858136645,0.0138676306780647,-1.57894588243266,0.4596298777671019,0.5156238782675874,-0.0559940005004854,-13.215910133162245,-3.7026345413170754,-9.513275591845169,3.727037851624542,0.0,0.0,-1.319259968853348,0.0,3.572666883468628,3
2022-12-30,3.759999990463257,3.759999990463257,3.7300000190734863,3.7300000190734863,3.572666883468628,3594022,-273073061.6710216,82330295,-0.0914499371801465,41687.38982752819,0.0208679459805534,-0.0058513097538057,-9609.675302965308,3.748808868208824,66.68166813817479,1118.93891731742,3.7379999995231623,3.858929662386734,3.6170703366595913,6.470286938416148,0.4669230019325295,0.0,0.0,3.757666659355164,3.826666641235352,3.688666677474976,3.672490837280848,0.2995170467601152,0.0,0.0,3.609999895095825,3.920000076293945,3.764999985694885,8.293209770938063,0.3870969478594259,0.078791596912212,3.492940328762104,0.0145251320833033,0.0182516202215491,-0.0037264881382458,3.7483333349227914,3.7392307703311625,3.744299340962821,3.729774208879517,0.9798388174434012,0.907258021874912,0.0725807955684891,0.072156528582951,25.63897281281534,-0.0479999423027037,13.724787759087553,16.210318912561288,-2.485531153473735,3.78000009059906,3.764999985694885,3.7725000381469727,3.700000047683716,89.85901767178873,9.138517083032262,21.250673973864583,19.573552470462392,-2.5913624754044733,3.669999957084656,3.600000023841858,68.0,52.0,16.0,3.650293911733141,3.836241698269681,0.0,0.0,50.12535669994467,0.3512306501148795,0.3846316372538387,0.4534505401492028,4.231968479597528,55.3041692378845,44.44445425590063,46.91358569772257,-55.55554574409937,0.0168970514746273,3.038677817455665,0.3894373028995469,0.4903865631939793,-0.1009492602944324,-15.353967725814735,-6.032901178216608,-9.321066547598129,3.7270799803188353,-0.2673794234694493,-0.2677375207112531,-1.5831119626240175,0.26738722448800445,3.524776220321656,4
2023-01-03,3.75,3.7699999809265137,3.6549999713897705,3.680000066757202,3.524776220321656,3166493,-274862813.44640434,79163802,-0.086245012760885,13114.26285076022,-0.1180329026503711,-0.0195906681856235,-52055.921469252105,3.74520724984809,59.83234697688397,1103.9397505011682,3.729000008106232,3.838526203669214,3.6194738125432497,5.874293125496923,0.2763094888069372,0.0,0.0,3.754999995231629,3.8299999713897694,3.6800000190734874,3.9946725035090456,3.178915386728448e-07,0.0,0.0,3.609999895095825,3.880000114440918,3.745000004768372,7.240552929958616,0.2592596844223608,0.0824124381746651,3.708064802794648,0.0083199095422119,0.0162652780856817,-0.0079453685434697,3.747500002384186,3.7369230802242575,3.734407144931187,3.726087235388975,0.863453715280643,0.9477911039013136,-0.0843373886206705,0.064995227692299,25.666651271386424,-0.0389999508857727,11.32979540138738,15.274709795758676,-3.944914394371297,3.7524999380111694,3.764999985694885,3.7587499618530273,3.700000047683716,44.92950883589437,9.305202135928049,19.14188294728325,24.102980285505573,-60.92844285773169,3.669999957084656,3.600000023841858,64.0,48.0,16.0,3.654888035787297,3.836241698269681,0.0,0.0,46.09764204177489,0.1071566063635253,0.2865731291005743,0.3782061016511664,2.5394602280751872,50.19180658095545,25.925968442236083,39.50619137225674,-74.07403155776392,0.0089411665411556,-0.2710024473763683,0.223288104024849,0.4369668713601533,-0.2136787673353043,-17.68558768665859,-8.363438479905005,-9.322149206753584,3.7264368572248263,-1.340481288488138,-1.3495468447875858,-2.902371931477365,1.340473789162104,3.543932676315308,1
2023-01-04,3.690000057220459,3.7300000190734863,3.660000085830689,3.700000047683716,3.543932676315308,8539018,-273642953.73211867,87702820,-0.0398878582799035,35637.967747959745,-0.0143458356824855,-0.0141897804913073,3961.41525575432,3.74893993713587,60.48070182259226,1103.9397505011682,3.726000010967255,3.8352519553107736,3.616748066623736,5.864301879868087,0.381009150730592,0.0,0.0,3.740333334604899,3.812333289782207,3.668333379427593,3.849921851144997,0.2199075553459785,0.0,0.0,3.609999895095825,3.880000114440918,3.745000004768372,7.246382677143412,0.333333627677019,0.0811711876814784,3.516634048792215,0.0049588942401412,0.0140040013165736,-0.0090451070764323,3.7483333349227914,3.7369230802242575,3.729113745354653,3.7241548511145113,0.9422223587978608,0.9777776835876812,-0.0355553247898203,0.0566972833849301,25.706654645993638,-0.0059999823570251,6.278952726632444,13.749110848877145,-7.470158122244698,3.7274999618530273,3.764999985694885,3.746249973773956,3.700000047683716,22.464754417947184,9.45998111361699,17.972760355262484,22.630850356364245,-65.44584819609803,3.6649999618530273,3.600000023841858,60.0,44.0,16.0,3.6549999713897705,3.836241698269681,0.0,0.0,47.90097327377931,0.1223948419164932,0.1935940327982992,0.2882662663842374,1.599204231284724,49.74975211105097,24.99997516473233,31.79013262095634,-75.00002483526767,-0.0029117633314692,0.2710024473763683,0.1331548885153704,0.3762044747911968,-0.2430495862758263,-11.558097785211508,-9.002370340966307,-2.5557274442452016,3.722724831766476,0.5434777327093299,0.5420062216286103,-2.3746679439360263,-0.5434800621726765,3.524776220321656,2
2023-01-05,3.690000057220459,3.7200000286102295,3.660000085830689,3.680000066757202,3.524776220321656,7559176,-276162679.0654521,80143644,-0.0032876656333652,8949.20438108551,-0.0039686789644225,-0.0126101154913389,5547.290105342312,3.747704550458917,52.128089226445,1097.9725143742753,3.727000010013581,3.834163382022527,3.619836638004634,5.7506504814072255,0.2807089195902938,0.0,0.0,3.7290000120798745,3.798999969164531,3.6590000549952193,3.754355422788693,0.1500001759757227,0.0,0.0,3.609999895095825,3.880000114440918,3.745000004768372,7.244438385287499,0.2592596844223608,0.0790540631912846,3.564119751964829,0.0006736684538957,0.011337934744038,-0.0106642662901423,3.745000004768372,3.7350000051351695,3.721557794801199,3.720884126347303,0.9315069805519988,0.9406393976606652,-0.0091324171086663,0.0468359430175215,25.75888631324072,0.1429998755455015,5.197449053676046,12.286306985065316,-7.088857931389271,3.7274999618530273,3.764999985694885,3.746249973773956,3.700000047683716,11.232377208973592,9.60370445004244,17.01356176359865,21.42305147845712,-82.33725053998367,3.6649999618530273,3.600000023841858,56.00000000000001,40.0,16.000000000000007,3.6549999713897705,3.836241698269681,0.0,0.0,46.2351656630511,0.009333937984968,0.0796284620883287,0.1865985413290675,0.3488012640891273,46.31457519965336,11.111146432359632,20.67903001310934,-88.88885356764037,-0.0179411642691671,-1.0752677834782465,0.0181050640390954,0.3045845926407765,-0.2864795286016811,-8.127699666205542,-8.827436206014154,0.6997365398086117,3.718978613006946,-0.5405400180747089,-0.5420062216286103,-2.902371931477365,0.5405423224226951,3.505619764328003,3
2023-01-06,3.7100000381469727,3.734999895095825,3.650000095367432,3.660000085830689,3.505619764328003,6102431,-280829241.9340523,74041213,-0.0503247543055416,-9764.753902692852,0.0034821242597056,-0.0155342580384713,-74025.72495564903,3.745651324923567,44.91698148429363,1092.0052782473826,3.7245000123977663,3.835400808190317,3.6135992166052153,5.955204479709749,0.2091998929938709,0.0,0.0,3.7245000123977663,3.792999958992005,3.656000065803529,3.678343206670521,0.0291972492391464,0.0,0.0,3.609999895095825,3.880000114440918,3.745000004768372,7.249301072528967,0.1851857411677042,0.0796486368449954,3.6634305543959744,-0.0042868193836418,0.008212983918502,-0.0124998033021439,3.727500021457672,3.731923084992629,3.7120873780365047,3.7163741974201465,0.8878925195535428,0.9596413754643812,-0.0717488559108383,0.035212530616732,25.791482333976123,0.0554999589920042,4.026329043720746,10.818856150037996,-6.792527106317249,3.725000023841858,3.764999985694885,3.745000004768372,3.7100000381469727,5.616188604486796,9.450236377846856,17.061250458175294,19.81006269111499,-87.58771006332998,3.6725000143051143,3.600000023841858,52.0,36.0,16.0,3.6549999713897705,3.880000114440918,0.0,1.0,44.566113352993575,0.0,0.043909593300487,0.1057106960623717,-1.1680651801302115,39.625161853357305,4.347821579989435,13.486314392360455,-95.65217842001056,-0.0245441093164333,-5.426351574634617,-0.1153495088470285,0.2205977723432155,-0.3359472811902441,-7.309883158004718,-8.523925596412267,1.2140424384075494,3.715892766141677,-0.5434777327093077,-0.5449599457100884,-3.4300759190186936,0.5434800621727192,3.543932676315308,4
2023-01-09,3.680000066757202,3.714999914169312,3.670000076293945,3.700000047683716,3.543932676315308,5407595,-279026691.167004,79448808,0.0278451314012504,22530.724328637407,-1.8477661923140228e-16,-0.0167189614429903,25933.98752063497,3.7436857992549055,44.02366048162934,1103.9397505011682,3.725500011444092,3.835131152717208,3.615868870170976,5.885445762251928,0.383701093210141,0.0,0.0,3.720833349227905,3.7863332748413088,3.655333423614502,3.520712671906957,0.3409669831752731,0.0,0.0,3.609999895095825,3.880000114440918,3.745000004768372,7.247355214486614,0.333333627677019,0.0771837559943582,3.722823277932962,-0.00493350868821,0.0055836853971596,-0.0105171940853697,3.720833361148834,3.730384624921359,3.71022778875146,3.7151612974396704,0.8863637693658337,0.9954546548119082,-0.1090908854460744,0.0249433041194585,25.72266294065013,-0.0054999828338622,3.650985207863795,9.491524157700804,-5.8405389498370095,3.725000023841858,3.764999985694885,3.745000004768372,3.715000033378601,2.808094302243398,9.3077303108081,16.210737554911596,18.822519956509478,-62.07566094709583,3.677500009536743,3.600000023841858,48.0,32.0,16.0,3.6549999713897705,3.875400114059448,0.0,0.0,48.56527220246224,0.2458713741997764,0.0850684373949147,0.0695354975945768,-1.4332701668250345,43.52036995835526,21.739107899946983,12.399358637432009,-78.26089210005301,-0.0357058735454782,-2.116400114062477,-0.1327939298789002,0.1499194318987924,-0.2827133617776926,-7.513880440376925,-8.3219165652052,0.8080361248282744,3.715285849306804,1.0928951069668624,1.0869661673386988,-2.3746679439360263,-1.0928998169500375,3.543932676315308,0
2023-01-10,3.680000066757202,3.7200000286102295,3.670000076293945,3.700000047683716,3.543932676315308,6106799,-277805331.3670039,85555607,0.029390188091202,19312.04942454635,0.0020469437721942,-0.0218143071193127,59099.3411595852,3.721836456710697,37.98605624263803,1103.9397505011682,3.726000010967255,3.835068738928725,3.616931283005784,5.854467398842362,0.3808092669205624,0.0,0.0,3.714166688919067,3.778666615486145,3.64966676235199,3.473184268197128,0.3901809506665188,0.0,0.0,3.609999895095825,3.880000114440918,3.745000004768372,7.246382677143412,0.333333627677019,0.0744653756265508,3.7655480882116046,-0.005383951776539,0.0033901579624199,-0.0087741097389589,3.7191666960716248,3.726153859725365,3.708654290125653,3.714038241902192,0.8585858585858585,1.131313372140209,-0.2727275135543506,0.0159725722335199,25.548694899522623,0.0239999890327453,2.6096197578618425,8.334893850530213,-5.72527409266837,3.725000023841858,3.764999985694885,3.745000004768372,3.7200000286102295,1.404047151121699,9.069944289675318,15.921739575515424,17.946637017737174,-61.20428622386106,3.702499985694885,3.615000009536743,44.0,28.000000000000004,15.999999999999996,3.6549999713897705,3.870892113685608,0.0,0.0,48.56527220246224,0.4161132287640286,0.2206615343212682,0.1165465216722233,-1.653652638821557,39.66682081584195,24.99999999999989,17.028976493312094,-75.00000000000011,-0.0394999756532556,-0.5376338917391232,-0.1449622062529327,0.0909431042684473,-0.2359053105213801,-6.657682962557489,-7.989069844675658,1.331386882118169,3.7142105156177703,0.0,0.0,-2.3746679439360263,0.0,3.524776220321656,1
2023-01-11,3.7200000286102295,3.7200000286102295,3.650000095367432,3.680000066757202,3.524776220321656,6431946,-278724180.7955754,79123661,-0.0573757369894885,-1823.7858247268268,-0.0108831551890603,-0.0205823762922836,-34767.242070955304,3.712542486640558,37.689678585162895,1103.9397505011682,3.720000016689301,3.825261540539779,3.6147384928388218,5.6592216870019545,0.309997288330553,0.0,0.0,3.706166696548462,3.772666621208191,3.639666771888733,3.588609477369703,0.3032581997261588,0.0,0.0,3.609999895095825,3.880000114440918,3.745000004768372,7.258070379940097,0.2592596844223608,0.0740188313881755,3.78060167016694,-0.0072709475261878,0.0012579368646983,-0.0085288843908861,3.713333368301392,3.719230789404649,3.704245948068969,3.711516895595156,0.8645833333333345,1.1250000000000009,-0.2604166666666662,0.0071747416364291,25.26722242783977,0.0499999642372133,-2.1606500972271583,6.5024331575208105,-8.663083254747969,3.7100000381469727,3.745000004768372,3.727500021457672,3.7350000143051143,0.7020235755608495,9.224413532204313,14.877924937573558,18.643188603462,-79.08489918317528,3.767500042915344,3.665000081062317,40.0,24.0,16.0,3.6549999713897705,3.866474273319244,0.0,0.0,46.61515881045875,0.2166141708005137,0.2928662579214394,0.1995320765458741,-2.347838739484486,42.33106881283514,19.99999999999976,22.2463692999822,-80.00000000000024,-0.0406176216462079,-1.8666648864746096,-0.1959023151643748,0.0335740203818829,-0.2294763355462577,-5.4771877091018935,-7.486693417560906,2.009505708459012,3.710297066400604,-0.5405400180747089,-0.5420062216286103,-2.902371931477365,0.5405423224226951,3.572666883468628,2
2023-01-12,3.700000047683716,3.734999895095825,3.690000057220459,3.7300000190734863,3.572666883468628,4621802,-275129424.1402186,83745463,0.0434767120460054,31449.594952420844,0.0267750907374546,-0.0089165952815861,28028.91972883023,3.711778103744298,44.929533129102815,1118.93891731742,3.725500023365021,3.8202575184454495,3.6307425282845913,5.086967896182739,0.5237448008975223,0.0,0.0,3.7026666959126793,3.76566661198934,3.639666779836019,3.402948266783237,0.7169314251748128,0.0,0.0,3.640000104904175,3.880000114440918,3.7600001096725455,6.442088525877006,0.374999627470985,0.0721169310832202,3.6530598302424258,-0.0046779030139156,7.076888897554522e-05,-0.0047486719028912,3.7100000381469727,3.718076944351196,3.708208112838895,3.7128860158528094,0.9890710368275036,1.0273225382147624,-0.0382515013872588,0.0014807838359947,24.887593892747805,0.0544999480247496,-3.2546020822138604,4.600296307865423,-7.854898390079283,3.7100000381469727,3.745000004768372,3.727500021457672,3.75,0.9534734273955632,9.024748824725702,15.529355654549027,17.663350454800096,-16.358896811994263,3.775000035762787,3.665000081062317,36.0,20.0,16.0,3.6549999713897705,3.862144789760208,0.0,0.0,51.823441002686,0.7672060204123029,0.466644473325615,0.3267240885227742,-1.5709053486648548,49.45204252893387,53.3333333333332,32.77777777777761,-46.666666666666806,-0.0358970480806686,-1.0610069510715745,-0.1259910213764324,0.0016610120302198,-0.1276520334066523,-6.918672666331083,-7.373089267314941,0.4544166009838584,3.7104591403461913,1.3586943317733136,1.3495468447875858,-1.5831119626240175,-1.3586866272776206,3.563088893890381,3
2023-01-13,3.7300000190734863,3.75,3.7100000381469727,3.7200000286102295,3.563088893890381,3812021,-277035434.6402186,79933442,0.0071759980981321,21511.05658125576,0.0183629903675795,-0.0068607174790593,52576.27615613783,3.711071748142266,43.6498998630579,1115.9390839541695,3.727000021934509,3.8204022882897286,3.6335977555792898,5.012195642904168,0.4625277115993207,0.0,0.0,3.7026666959126793,3.763666613896688,3.641666777928671,3.2949181221926103,0.6420766885464848,0.0,0.0,3.650000095367432,3.880000114440918,3.765000104904175,6.171183732757365,0.3043475105992585,0.0689052341602009,3.583021253633677,-0.0033907260339751,-0.0006215300956145,-0.0027691959383605,3.705000042915344,3.7203846344581017,3.710022253726792,3.713412979760768,1.0056819551864649,0.9886363605576084,0.0170455946288563,-0.0024182934514795,24.55964507794196,0.0129999876022339,-3.72080621653152,2.661896977241081,-6.382703193772601,3.7100000381469727,3.745000004768372,3.727500021457672,3.754999995231629,1.4397660326860395,8.501514654081392,16.398009284085994,16.96500382839308,-3.940308291618204,3.7725000381469727,3.665000081062317,32.0,16.0,16.0,3.6549999713897705,3.857901895872352,0.0,0.0,50.75687892017629,0.6544547584681617,0.5460916498936593,0.4352007937135713,-1.1937495731562724,46.112846002581065,46.66666666666651,39.99999999999981,-53.33333333333349,-0.0279558672624475,-1.5873000855468575,-0.0913102327281036,-0.0169332369214448,-0.0743769958066588,-9.186226867065482,-7.73571678726505,-1.4505100798004325,3.7105846509329306,-0.2680962576976253,-0.2684562793282108,-1.8469639563946871,0.2680907537886128,3.6109797954559326,4
2023-01-16,3.7300000190734863,3.7799999713897705,3.7300000190734863,3.7699999809265137,3.6109797954559326,2247946,-275686667.0402186,82181388,0.0538576277494214,34494.79032815947,0.0556062118847759,-0.0053887337451123,19994.41326633717,3.707722563505363,39.95219026612456,1130.9382507704215,3.731000018119812,3.824573429403447,3.637426606836178,5.015996292103472,0.7083923321363524,0.0,0.0,3.7046666940053306,3.767666610081991,3.641666777928671,3.401111154134476,1.018518840895625,1.0,0.0,3.650000095367432,3.880000114440918,3.765000104904175,6.164567621454779,0.5217385895987303,0.0680147050221349,3.516548918409104,0.0016449868961547,-0.0001682266972607,0.0018132135934154,3.7075000405311584,3.722692324565007,3.719249596372904,3.7176046094767488,0.9659090816728236,0.977272721115216,-0.0113636394423924,-0.0023182221263499,24.337447364956613,0.0089999914169309,-3.247039205183207,1.042248687622127,-4.2892878928053335,3.715000033378601,3.745000004768372,3.7300000190734863,3.754999995231629,13.84548703546751,8.407431561821655,18.41522212094093,15.946551564976437,62.88621926937679,3.7725000381469727,3.665000081062317,28.000000000000004,12.0,16.000000000000004,3.6549999713897705,3.853743859862254,0.0,0.0,55.66954016069885,1.0,0.8072202596268214,0.6066521276153652,0.5179219107693799,50.89108678576827,79.99999999999994,59.999999999999865,-20.00000000000006,-0.0166323367287133,0.8021382704083594,0.044248570489757,-0.0046968754392044,0.0489454459289615,-13.393175123993323,-8.867208454610704,-4.525966669382619,3.711931096149573,1.3440847293478164,1.3351320424662028,-0.5277039875413392,-1.3440838270319375,3.5535106658935547,0
2023-01-17,3.7699999809265137,3.775000095367432,3.704999923706055,3.7100000381469727,3.5535106658935547,5524376,-280421830.34090465,76657012,0.038712066130552,-17784.78598910183,-0.0190067000066638,-0.006093731729513,-57706.72113500982,3.7073085149413374,36.79186559877652,1130.9382507704215,3.730500018596649,3.824409459970205,3.636590577223093,5.034683871085093,0.390852399131355,0.0,0.0,3.707500028610229,3.765999960899353,3.649000096321106,3.1557616635300447,0.5213676276101276,0.0,0.0,3.650000095367432,3.880000114440918,3.765000104904175,6.16539385945394,0.2608692947993641,0.0682132516860591,3.487223770373466,0.0007852795183027,2.2474545851974357e-05,0.0007628049724507,3.705000042915344,3.72384616961846,3.717826587415068,3.717041307896765,0.9388887564339978,0.9722220897673302,-0.0333333333333323,-0.0026886553621949,24.118481852472136,-0.0004999995231629,-3.4713099126918343,-0.0411138278583484,-3.430196084833486,3.715000033378601,3.745000004768372,3.7300000190734863,3.754999995231629,40.48264603670408,7.850293129918883,17.123657332838764,17.332979165113954,-2.732226625687289,3.7725000381469727,3.665000081062317,24.0,8.0,16.0,3.6549999713897705,3.8496689845723577,0.0,0.0,49.31199117244358,0.4274246051819407,0.6939597878833673,0.6824238991346161,0.2260719153108209,49.79253886713396,39.99999999999982,55.55555555555541,-60.00000000000018,-0.0080735213616311,-0.8021382704083594,0.0211264673501059,0.0004677931186576,0.0206586742314483,-11.66610537606267,-9.426987838901098,-2.2391175371615724,3.711900044431248,-1.5915104266073563,-1.6043109499092711,-2.1108159501653567,1.5915106928788987,3.59182357788086,1
2023-01-18,3.7200000286102295,3.7699999809265137,3.7100000381469727,3.75,3.59182357788086,4922416,-278781025.00757134,81579428,-0.0468244076748481,12883.962327160065,-5.413058786582715e-16,-0.007017167315974,-34849.20058402376,3.707792980544281,42.74732607912456,1143.1316433374852,3.724500024318695,3.794206485512692,3.6547935631246977,3.743131198220268,0.6829096990760803,0.0,0.0,3.712166690826416,3.769666624069214,3.654666757583618,3.0979176331113005,0.8289856791122677,0.0,0.0,3.650000095367432,3.849999904632568,3.75,5.369843145637268,0.5,0.0673919207954073,3.372659245879397,0.0032936507003609,0.0006767097767537,0.0026169409236071,3.7066667079925537,3.726153859725365,3.722776343197365,3.719482692497005,0.9545454545454556,1.000000000000001,-0.0454545454545456,-0.0012531059784908,23.910316979141854,-0.0444999575614928,-3.265077340559544,-0.9813945383289694,-2.283682802230574,3.715000033378601,3.745000004768372,3.7300000190734863,3.754999995231629,70.24132301835205,7.332950300294881,16.082471073077365,16.27906530800598,45.555567564796206,3.762499988079071,3.665000081062317,20.0,4.0,16.0,3.6549999713897705,3.845675606788259,0.0,0.0,53.15301622585295,0.7733561018207874,0.7335935690009091,0.7449245388370326,1.1134317339854831,50.33570264852794,76.92307692307685,65.64102564102552,-23.076923076923155,0.0026323507813845,0.5361925153952565,0.088551311369318,0.0180844967687897,0.0704668146005283,-11.104736938499734,-9.762537658820824,-1.3421992796789084,3.7128954659336033,1.0781660765967649,1.0723953080773008,-1.0554079750826784,-1.0781707328201122,3.582245349884033,2
2023-01-19,3.759999990463257,3.7799999713897705,3.7200000286102295,3.740000009536743,3.582245349884033,6142618,-280828564.34090465,75436810,-0.0248137634187901,2268.2360776472306,0.0097678034934187,-0.0020948687140944,36691.52041578967,3.709979584864488,49.88417436000034,1143.1316433374852,3.722500026226044,3.787883448024549,3.657116604427538,3.512876901967029,0.63382584475794,0.0,0.0,3.71816668510437,3.775666618347168,3.660666751861572,3.0929185328432287,0.6898552154850361,0.0,0.0,3.650000095367432,3.799999952316284,3.725000023841858,4.029546162311929,0.5999999999999989,0.0666527229938207,3.257922525646169,0.0044236442596008,0.0014260966733231,0.0029975475862776,3.711666703224182,3.72384616961846,3.725426138018808,3.721002493759207,1.000000000000001,0.9318181818181828,0.0681818181818183,0.0008081580273776,23.613156771094275,-0.0224999785423278,-3.725027225864157,-1.8426563460606251,-1.8823708798035312,3.715000033378601,3.745000004768372,3.7300000190734863,3.764999985694885,85.12066150917602,7.0002169709191,16.118373935239173,15.278604085274903,67.29835348354021,3.7699999809265137,3.665000081062317,16.0,64.0,-48.0,3.6549999713897705,3.8417620965598425,0.0,0.0,52.09028525701062,0.6776441214342599,0.6261416094789959,0.6845649887877574,1.542106118643524,47.31841579357107,69.23076923076913,62.05128205128191,-30.769230769230877,0.0093970621333405,1.6304331981279736,0.1188831307428601,0.0382442235636038,0.0806389071792563,-8.67026091640456,-9.544082310337572,0.873821393933012,3.7138225798403615,-0.2666664123535112,-0.2670226005947684,-1.319259968853348,0.26666755170857925,3.582245349884033,3
2023-01-20,3.7699999809265137,3.7699999809265137,3.7200000286102295,3.740000009536743,3.582245349884033,5324212,-281893406.7409046,80761022,-0.0238884662384747,1944.202352269055,-0.0046955215750813,-0.003920830682354,-16380.299045181271,3.710897638502369,43.9633189386368,1143.1316433374852,3.7235000252723696,3.789310296045782,3.657689754498957,3.5348607668452243,0.6253602520584038,0.0,0.0,3.724333349863688,3.778333298365276,3.670333401362101,2.8998450691081987,0.6450618019811105,0.0,0.0,3.650000095367432,3.799999952316284,3.725000023841858,4.028463970209851,0.5999999999999989,0.064987445926067,3.118416021226293,0.0052585549483543,0.0021925883283294,0.0030659666200249,3.715000033378601,3.728461559002216,3.7276682720984895,3.722409717150136,0.9555555555555564,0.9555555555555564,0.0,0.0031983927936003,23.4271126518236,-0.0434999585151674,-3.058854509280096,-2.5881940924099465,-0.4706604168701491,3.715000033378601,3.7600001096725455,3.7375000715255737,3.764999985694885,92.560330754588,6.691250307927305,15.27585483583352,14.479980365176282,53.588300885424346,3.764999985694885,3.665000081062317,12.0,60.0,-48.0,3.6549999713897705,3.837926856535994,0.0,0.0,52.09028525701062,0.6776441214342599,0.7095481148964357,0.6897610977921135,1.893758039881655,47.56670320495293,69.23076923076913,71.79487179487168,-30.769230769230877,0.0135735287385831,1.081080036149411,0.1412674946588173,0.0588488777826465,0.0824186168761708,-7.9019297016949,-9.21565178860904,1.3137220869141384,3.71528747473839,0.0,0.0,-1.319259968853348,0.0,3.572666883468628,4
2023-01-23,3.75,3.75,3.7100000381469727,3.7300000190734863,3.572666883468628,12070350,-281893406.7409046,68690672,-0.0591062812909628,-15576.881539222544,-0.004970848861809,0.0041550303025432,-32273.632240745137,3.713960884791145,39.31548225758781,1143.1316433374852,3.722500026226044,3.7872687841164736,3.657731268335614,3.479852649247338,0.5578982297308407,0.0,0.0,3.727833350499471,3.781333311398824,3.6743333896001182,2.870297884543835,0.5202492538087197,0.0,0.0,3.650000095367432,3.799999952316284,3.725000023841858,4.029546162311929,0.533333333333332,0.0624886975187631,2.843102587733348,0.0050550406652853,0.0027650787957206,0.0022899618695647,3.7191666960716248,3.7300000190734863,3.728027002402336,3.7229719617370503,1.030303179177973,0.987878786127319,0.0424243930506542,0.0051748886648057,23.295543165506924,-0.0624999403953547,-3.295332346237814,-3.244299881754353,-0.0510324644834612,3.715000033378601,3.765000104904175,3.740000069141388,3.764999985694885,96.280165377294,6.289622033088754,14.617577934258902,14.933315776132876,16.09850088366018,3.764999985694885,3.665000081062317,8.0,56.00000000000001,-48.00000000000001,3.6549999713897705,3.834168321312623,0.0,0.0,50.90978509003728,0.5713255778514685,0.6422046069066626,0.6592981104273647,1.880917968631026,44.73612590141454,61.538461538461405,66.66666666666653,-38.4615384615386,0.0128382388283228,1.3586943317733111,0.1357797135524714,0.0742350449366115,0.0615446686158599,2.131866818771852,-6.946148067132861,9.078014885904713,3.715562704953831,-0.2673794234694493,-0.2677375207112531,-1.5831119626240175,0.26738722448800445,3.543932676315308,0
2023-01-24,3.700000047683716,3.734999895095825,3.680000066757202,3.700000047683716,3.543932676315308,7249284,-283870472.76821446,61441388,-0.0965591667875808,-44419.943118808056,-0.0170706270535954,0.0039604023474639,-90578.80958236392,3.714951213893017,39.91193634677259,1133.9375638684496,3.719000029563904,3.780611658009359,3.657388401118448,3.313343799713817,0.3458084751240712,0.0,0.0,3.728666679064433,3.78266662756602,3.6746667305628464,2.8964749681050166,0.2345679748206139,0.0,0.0,3.650000095367432,3.799999952316284,3.725000023841858,4.033338417758532,0.3333333333333313,0.0617398106007491,2.6365083896721275,0.0024448247410155,0.0027010279847796,-0.000256203243764,3.722500026226044,3.730384634091304,3.723715163214856,3.7212703384738406,0.9876543173537748,0.9567902579103568,0.0308640594434179,0.0052041200856003,23.26137201417309,-0.0189999818801878,-3.605215216731303,-3.4048071172548138,-0.2004080994764892,3.7300000190734863,3.765000104904175,3.747500061988831,3.764999985694885,88.3945483621534,6.661290215910023,13.740777338896004,17.309362661055804,-48.054704990062895,3.7499999403953552,3.665000081062317,4.0,52.0,-48.0,3.6549999713897705,3.830484956793719,0.0,0.0,47.43659343644918,0.2585219980433088,0.5024972324430123,0.6180833180820369,0.9340755438067349,45.31565606867433,38.461538461538254,56.410256410256245,-61.53846153846175,0.0089117618168104,1.0928951069668715,0.06569865982965,0.0725277679152192,-0.0068291080855691,3.192342946244986,-4.918449864457292,8.110792810702279,3.715497928024506,-0.8042887730928872,-0.8075406231589755,-2.3746679439360263,0.8042789347721708,3.543932676315308,1
2023-01-25,3.7200000286102295,3.734999895095825,3.670000076293945,3.700000047683716,3.543932676315308,6753055,-284389927.1050788,68194443,-0.1219992399608367,-38074.236958978334,-0.0048126186454297,0.0039001209416777,-58305.1773416188,3.716451466590741,40.28463139875246,1133.9375638684496,3.715000033378601,3.770317247367636,3.659682819389566,2.9780464867843808,0.3644184638631786,0.0,0.0,3.73050000667572,3.7839999437332152,3.677000069618225,2.868244844485035,0.2149533189242193,0.0,0.0,3.650000095367432,3.799999952316284,3.725000023841858,4.037681173650891,0.3333333333333313,0.0620658114208622,2.3400289166297528,0.0003719225240974,0.0022352068926431,-0.0018632843685457,3.722500026226044,3.729615404055669,3.720066683902373,3.719694761378276,0.9754601119310966,0.9447853981142392,0.0306747138168574,0.0039176478994622,23.23908668094208,-0.0149999856948852,-2.765979741472862,-3.3505157460613693,0.5845360045885073,3.725000023841858,3.765000104904175,3.745000064373016,3.764999985694885,64.14679476140078,7.236825353248506,12.766186972475396,17.17284835703984,-51.28210865301367,3.73499995470047,3.695000052452087,4.0,48.0,-44.0,3.6549999713897705,3.8268752595651936,0.0,0.0,47.43659343644918,0.2585219980433088,0.3627898579793618,0.5024972324430123,0.1438170494874356,42.20772383105177,38.461538461538254,46.153846153845954,-61.53846153846175,0.0020735228762909,0.0,0.0099987377448048,0.0600219618811363,-0.0500232241363315,3.3522464517458403,-3.264310601216666,6.616557052962506,3.715307544528108,0.0,0.0,-2.3746679439360263,0.0,3.5343542098999023,2
2023-01-27,3.700000047683716,3.7200000286102295,3.660000085830689,3.690000057220459,3.5343542098999023,5091451,-284389927.1050789,63102992,-0.1063906030202868,-39908.55474257279,-0.0147304765029438,0.0025992208872027,-13760.66507783239,3.71740116127673,40.772670572869394,1130.8728707121045,3.712500035762787,3.767590817307364,3.6574092542182095,2.96785352263347,0.2957918011734707,0.0,0.0,3.727666680018107,3.78266662756602,3.672666732470194,2.950904802874996,0.1575758298238829,0.0,0.0,3.650000095367432,3.7799999713897705,3.715000033378601,3.5016801284859267,0.3076923076923053,0.06185922455673,1.922014312021877,-0.0020541046346496,0.0013773445871846,-0.0034314492218342,3.721666693687439,3.722692333734953,3.715441049028232,3.717495153662882,0.9746835366633922,0.98101250159952,-0.0063289649361278,0.0012726500945287,23.247626392427925,-0.0324999690055847,-3.037861863358424,-3.2746330401532475,0.2367711767948233,3.7200000286102295,3.75,3.7350000143051143,3.764999985694885,41.2886353670289,8.001315677174116,11.925361719720204,17.13950947921619,-78.6457667825358,3.754999995231629,3.700000047683716,16.0,44.0,-28.0,3.6549999713897705,3.8233377562812394,0.0,0.0,46.21765026465334,0.0,0.172347998695539,0.3458783630393044,-0.8484244440502864,47.74598181673561,30.76923076923053,35.89743589743566,-69.23076923076947,-0.0096323483130511,-0.2702700090373527,-0.0552550722931187,0.0369665550462853,-0.092221627339404,1.3587690817882607,-2.339694664615681,3.6984637464039416,3.7145413522602815,-0.2702700090373544,-0.2706358978334267,-2.638519937706696,0.27027788872571534,3.543932676315308,4
2023-01-30,3.7100000381469727,3.7300000190734863,3.680000066757202,3.700000047683716,3.543932676315308,5306035,-285451134.1050789,68409027,-0.1377224707373586,-26627.28986538996,0.0141348213777179,0.0036088509856112,618.819630814296,3.7179708883792055,40.70804672440569,1130.8728707121045,3.710500037670136,3.7643423488258767,3.6566577265143945,2.902159310557469,0.4024931344788663,0.0,0.0,3.7253333489100138,3.781333295504252,3.6693334023157753,3.006439496783456,0.2738095947675042,0.0,0.0,3.650000095367432,3.7799999713897705,3.715000033378601,3.503567570476749,0.3846153846153825,0.0606732973326854,1.6006508613849502,-0.0031337095268022,0.0004751337643872,-0.0036088432911894,3.723333358764648,3.719615413592412,3.713065510359845,3.716199219886648,0.9872611445623046,0.9554138541089292,0.0318472904533755,-0.0016463064159281,23.21167952033032,0.0194999814033507,-3.0237725283069423,-3.2498256316114404,0.2260531033044981,3.7200000286102295,3.725000023841858,3.722500026226044,3.764999985694885,20.64431768351445,8.381948549069822,12.376002733245068,16.18296311083009,-33.49027112158396,3.754999995231629,3.700000047683716,12.0,40.0,-28.0,3.6549999713897705,3.8198710030629615,0.0,0.0,47.66588686101572,0.1532219071836945,0.1372479684090009,0.2241286083613006,-1.3475132204842426,44.794963186845614,38.461538461538254,35.89743589743566,-61.53846153846175,-0.0177793993669399,0.5434777327093245,-0.0843256602076849,0.0127081119954912,-0.0970337722031762,0.0216350023835491,-1.867428731215835,1.8890637335993845,3.71433454215056,0.2710024473763672,0.2706358978334267,-2.3746679439360263,-0.2710103698315294,3.5343542098999023,0
2023-01-31,3.700000047683716,3.7200000286102295,3.660000085830689,3.690000057220459,3.5343542098999023,8932443,-285451134.10507894,59476584,-0.1020354690299592,-35584.01200084644,-0.0100756118274365,0.0027429541570661,-9762.2297947097,3.716552581739743,32.16639688404132,1130.8728707121045,3.708500039577484,3.762268008535316,3.654732070619653,2.899715161602519,0.3279646533465478,0.0,0.0,3.7183333555857336,3.775333301226298,3.6613334099451698,3.0658867933364804,0.2514620580171971,0.0,0.0,3.650000095367432,3.7799999713897705,3.715000033378601,3.5054570482665954,0.3076923076923053,0.0606059618773709,1.6011816636208416,-0.0047415620630015,-0.0005682054010905,-0.004173356661911,3.7200000286102295,3.718461568538959,3.709516979107632,3.7142585411706337,0.962264145284946,0.9748427635232968,-0.0125786182383506,-0.0051452567948293,23.22168744441582,0.0114999890327451,-4.190849652922207,-3.3297744916370373,-0.8610751612851697,3.7200000286102295,3.725000023841858,3.722500026226044,3.764999985694885,10.322158841757226,9.216064726539996,11.543454571535866,17.336688551033912,-69.46682482161766,3.754999995231629,3.700000047683716,8.0,36.0,-28.0,3.6549999713897705,3.816473584909052,0.0,0.0,46.32257418149207,0.0111008399370613,0.0547742490402518,0.1214567387149306,-2.116435484660089,45.56363340901338,30.76923076923053,33.33333333333309,-69.23076923076947,-0.0260735126102673,-1.072385030790513,-0.1276583740858052,-0.015365185220768,-0.1122931888650372,3.571086187937194,-0.7797257473852294,4.350811935322423,3.711650058062143,-0.2702700090373544,-0.2706358978334267,-2.638519937706696,0.27027788872571534,3.572666883468628,1
2023-02-01,3.700000047683716,3.7300000190734863,3.684999942779541,3.7300000190734863,3.572666883468628,5863500,-279587634.10507894,65340084,-0.0381007886499325,3005.10061716388,0.0134305091141924,0.0044796444644413,39419.199504297045,3.718991846249857,39.3475723092098,1143.1316433374852,3.7110000371932985,3.7638772030311953,3.6581228713554017,2.849752913389289,0.6796615001873891,0.0,0.0,3.7168333530426025,3.771333289146424,3.6623334169387816,2.932600465350823,0.6207952428219514,0.0,0.0,3.650000095367432,3.7799999713897705,3.715000033378601,3.503095519251459,0.6153846153846141,0.0590453733190284,1.4643385348404134,-0.0027563605453888,-0.0010058364299501,-0.0017505241154386,3.720833361148834,3.717692338503324,3.712668216025456,3.715424576570845,1.019480364663112,0.961038961038961,0.058441403624151,-0.0067729370858948,23.24649566842747,0.0589999437332151,-3.1780610160634715,-3.3201060111374736,0.1420449950740021,3.7200000286102295,3.725000023841858,3.722500026226044,3.764999985694885,6.0464196185411465,9.646454173725491,12.0937759344028,16.443251875704274,9.266737959661349,3.754999995231629,3.700000047683716,4.0,32.0,-28.0,3.6549999713897705,3.8131441151182193,0.0,0.0,52.133505400732005,0.6258912451523321,0.2634046640910292,0.1518089605134273,-1.2965295035380175,51.2045617205215,58.33333333333318,42.5213675213673,-41.66666666666682,-0.0249705707325653,0.2688169458695616,-0.0741869600252481,-0.027129540181664,-0.047057419843584,2.453934406207952,-0.1329937166665932,2.5869281228745447,3.712008613202728,1.084009789505469,1.078176520992402,-1.5831119626240175,-1.0840077505930168,3.543932676315308,2
2023-02-02,3.75,3.75,3.690000057220459,3.700000047683716,3.543932676315308,5748283,-283419822.7717456,59591801,-0.0806554314598046,-22059.674548188697,0.0130474116490869,0.0034990959581293,17328.119193046565,3.7186449387373313,33.3919315912532,1133.9375638684496,3.7110000371932985,3.7638772030311953,3.6581228713554017,2.849752913389289,0.3959854472599299,0.0,0.0,3.7138333559036254,3.7683332920074464,3.659333419799805,2.934969390437832,0.3730887666220584,0.0,0.0,3.650000095367432,3.7799999713897705,3.715000033378601,3.503095519251459,0.3846153846153825,0.0591408302650796,1.5051796477644468,-0.0035627518256982,-0.0015172195090997,-0.0020455323165984,3.715000033378601,3.715000033378601,3.710719267049804,3.714282018875502,0.987096776178304,0.9677417866271988,0.0193549895511051,-0.0086387594134404,23.3435230326522,-0.0009999990463258,-3.0628131758270563,-3.246526672244462,0.1837134964174058,3.715000033378601,3.725000023841858,3.7200000286102295,3.764999985694885,3.0232098092705733,9.391213466462773,13.55717203669588,15.310319100695477,1.1299836844763311,3.754999995231629,3.700000047683716,52.0,28.000000000000004,24.0,3.6549999713897705,3.8098812347232034,0.0,0.0,47.94159066176025,0.1823910790399895,0.2731277213764608,0.1971022115025806,-1.7029539927109008,46.59790228043365,33.33333333333309,40.81196581196559,-66.66666666666691,-0.0222058590720681,-1.8567621643752557,-0.0959203368939881,-0.0408876995241289,-0.0550326373698592,1.3983291657483834,0.1732708598164021,1.2250583059319813,3.7111638282592905,-0.8042887730928872,-0.8075406231589755,-2.3746679439360263,0.8042789347721708,3.563088893890381,3
2023-02-03,3.7100000381469727,3.7300000190734863,3.694999933242798,3.7200000286102295,3.563088893890381,5117272,-281226696.2407274,64709073,-0.0426350795620624,-4287.529270478533,-0.0051297347406533,0.0018210441646841,-18571.89182087502,3.7180744275935154,34.38936343701174,1140.06695018114,3.71300003528595,3.76402938990914,3.66197068066276,2.7486859218012243,0.5685879076461867,0.0,0.0,3.710666688283285,3.76266663869222,3.658666737874349,2.8027281767521344,0.589743742576155,0.0,0.0,3.650000095367432,3.7799999713897705,3.715000033378601,3.5012085856963027,0.5384615384615369,0.0567267558216405,1.4870239059651371,-0.0025584986315099,-0.0017254753335818,-0.0008330232979281,3.715833365917206,3.712692343271696,3.712147076520639,3.714705575152149,0.967532322768184,1.0129870089657829,-0.0454546861975989,-0.0095172734184255,23.35452642848543,0.0369999647140502,-3.0413838183589457,-3.2445854843643347,0.203201666005389,3.705000042915344,3.725000023841858,3.715000033378601,3.764999985694885,1.5116049046352866,9.154204238290246,12.994718981560196,14.675132372225876,2.111520150952149,3.762500047683716,3.700000047683716,48.0,24.0,24.0,3.6549999713897705,3.806683611936088,0.0,0.0,50.78281612482727,0.4829897417747019,0.4304240219890077,0.3223188024854992,-1.275931327327327,49.24926729522094,49.999999999999815,47.22222222222201,-50.000000000000185,-0.0188088136560775,0.2695415191491888,-0.0688748698853509,-0.0464851335963733,-0.0223897362889776,-0.2659733765982062,0.0854220125334804,-0.3513953891316866,3.7113364861225473,0.5405400180747089,0.5390843438307646,-1.8469639563946871,-0.5405355949083628,3.582245349884033,4
2023-02-06,3.700000047683716,3.75,3.690000057220459,3.740000009536743,3.582245349884033,3715334,-278749806.9073941,68424407,0.0178662906943636,6940.20478753665,0.0121120394012705,-0.0012856824412805,47635.79776903868,3.717364276795587,35.47407149253763,1146.1963364938306,3.717000031471253,3.7630868620065168,3.670913200935988,2.479786394676056,0.7495287460470063,0.0,0.0,3.7090000232060754,3.7619999726613367,3.656000073750814,2.857910440747204,0.7924529801376106,0.0,0.0,3.650000095367432,3.7799999713897705,3.715000033378601,3.4974408103753025,0.6923076923076913,0.0570540745174305,1.4870509075299498,-0.0001470938199141,-0.0014097990308482,0.0012627052109341,3.715000033378601,3.712692343271696,3.716432143138501,3.716579236958415,0.9480519641368684,1.0389610268973486,-0.0909090627604801,-0.0086277668563927,23.42177812300652,0.0229999780654908,-2.3720177677652985,-3.1419949756451664,0.7699772078798679,3.705000042915344,3.715000033378601,3.7100000381469727,3.764999985694885,4.384814279145771,8.706574827378454,14.441669847745494,13.631098834340095,38.0952688031368,3.7725000381469727,3.700000047683716,44.0,20.0,24.0,3.6549999713897705,3.803549941604715,0.0,0.0,53.515014254424806,1.0,0.5551269402715637,0.4195595612123441,-0.1484708470607013,52.815887657872565,66.66666666666654,49.9999999999998,-33.33333333333346,-0.0160294062951029,-0.2666664123535156,-0.0039577743547466,-0.0379796617480479,0.0340218873933013,-3.49854548721771,-0.6313714874167576,-2.8671739998009524,3.711455793191909,0.537633891739131,0.5361938000394639,-1.319259968853348,-0.5376362073508716,3.59182357788086,0
2023-02-07,3.75,3.785000085830689,3.740000009536743,3.75,3.59182357788086,6159055,-282171511.38112575,74583462,-0.0268466356367418,14747.388569699177,0.0310519081385219,0.0022899324262327,36442.94052547336,3.719429163281676,42.2403209788831,1146.1963364938306,3.7195000290870666,3.767028922313128,3.6719711358610057,2.555660322859395,0.8208571549085618,0.0,0.0,3.711833357810974,3.765333318710327,3.658333396911621,2.8826704079681065,0.8566978512454155,0.0,0.0,3.650000095367432,3.785000085830689,3.717500090599061,3.629519812005269,0.7407400866430806,0.0558486746950821,1.424920553780333,0.0025415797739314,-0.0006195232698923,0.0031611030438237,3.715833365917206,3.713076958289513,3.7215964288095007,3.719054849035569,1.0469800182670377,0.9865771833558736,0.0604028349111637,-0.0060496015653407,23.54333529888632,0.0204999804496766,-1.6602106114923303,-2.9258833528408363,1.265672741348506,3.722500085830689,3.717500090599061,3.7200000882148743,3.764999985694885,18.433315502292515,9.243579906033956,17.8833189701364,12.890393141027126,137.62296591752846,3.7725000381469727,3.700000047683716,40.0,16.0,24.0,3.6549999713897705,3.8004789446799694,0.0,0.0,54.86419854371479,1.0,0.8276632472582338,0.6044047365062685,1.176731414663239,51.28659971935424,71.99993133544886,62.88886600070506,-28.000068664551137,-0.0024117638083063,0.2673794234694531,0.0683394001191061,-0.0167158493746171,0.0850552494937232,-2.7216482662674526,-1.0494268431868967,-1.672221423080556,3.712121516200461,0.2673794234694604,0.2670226005947684,-1.0554079750826784,-0.2673805689254891,3.6014015674591064,1
2023-02-08,3.75,3.7699999809265137,3.7200000286102295,3.759999990463257,3.6014015674591064,5019162,-279160014.18112576,79602624,-0.011673010939602,19810.84336453374,-0.0174332151721771,0.0010447027710772,29852.46498577749,3.71983342196845,36.59186261272794,1149.252857142886,3.722500026226044,3.772249350636604,3.6727507018154832,2.6728985391571625,0.8768891807227526,0.0,0.0,3.7163333574930815,3.7693333307902015,3.663333384195963,2.8522722909266247,0.9119495751948616,0.0,0.0,3.650000095367432,3.785000085830689,3.717500090599061,3.626594748479369,0.8148140953073889,0.0552638024572023,1.4178491317747954,0.0054168465892669,0.0005877507019395,0.0048290958873274,3.7175000309944153,3.714230803342966,3.727504669063925,3.7220878224746574,1.013605439970209,1.0,0.013605439970209,-0.0019135642583018,23.531723122403005,0.0074999928474426,0.6718467053303101,-2.5439026365293724,3.2157493418596825,3.722500085830689,3.717500090599061,3.7200000882148743,3.764999985694885,59.21665775114626,9.095277937043535,16.79151251660482,14.545479860151104,96.4911954151102,3.7725000381469727,3.700000047683716,36.0,12.0,24.0,3.6549999713897705,3.797469367693719,0.0,0.0,56.23223486457931,1.0,1.0,0.7942633958432658,2.6773036824129526,54.996873402389575,79.99992370605433,72.8888405693899,-20.000076293945668,0.0075882420820345,0.5347588469389063,0.1455324765998017,0.0157338158202666,0.129798660779535,-3.6481339036210234,-1.569168255273722,-2.0789656483473005,3.7161570587762007,0.2666664123535112,0.2663114883115769,-0.7915559813120088,-0.26666091389425617,3.6109797954559326,2
2023-02-09,3.759999990463257,3.7899999618530273,3.740000009536743,3.7699999809265137,3.6109797954559326,6281912,-277903631.7811258,85884536,0.0070796473182128,25954.87432546016,0.0159186899251736,0.0014840518019169,30091.616110704294,3.721293129324044,36.71634880343182,1149.252857142886,3.727000021934509,3.7768397175810633,3.677160326287955,2.674520813159785,0.9313826402246248,0.0,0.0,3.7228333552678423,3.774333341916402,3.6713333686192833,2.766709209569455,0.957928523171668,0.0,0.0,3.660000085830689,3.7899999618530273,3.725000023841858,3.488056754957078,0.8461538461538456,0.0547374174431105,1.4018080133258413,0.0084055381016079,0.0021513081818732,0.0062542299197347,3.720833361148834,3.717692338503324,3.7340424093504767,3.7256368712488688,1.0275862023606417,0.9862068988196792,0.0413793035409625,0.0036173662961791,23.528208488317816,-0.0269999742507933,2.282344724593524,-1.952768571201378,4.235113295794902,3.725000023841858,3.7200000286102295,3.722500026226044,3.764999985694885,79.60832887557314,9.4709725129532,18.223286773673,13.648142468588286,141.59285288698788,3.7587499618530273,3.700000047683716,32.0,8.0,24.0,3.6549999713897705,3.7945199822471927,0.0,0.0,57.61569367227722,1.0,1.0,0.9425544157527446,4.335125609400293,56.43355969274887,84.61538461538456,78.8717465522959,-15.384615384615437,0.0179117616485147,1.072385030790513,0.225613455956332,0.0577097438474797,0.1679037121088523,-2.5946312652645176,-1.7742608572718812,-0.8203704079926364,3.7214138264045458,0.2659571938463001,0.2656041535203934,-0.5277039875413392,-0.2659583447558731,3.5343542098999023,3
2023-02-10,3.75,3.7699999809265137,3.690000057220459,3.690000057220459,3.5343542098999023,5367413,-283271044.7811258,80517123,-0.0697964046447712,-39094.76922087501,-0.052166558813834,-0.0019067365722796,-97190.05317034532,3.719689752489222,36.71428002855925,1124.8655517435368,3.725000023841858,3.777344983234909,3.672655064448808,2.8104676004304245,0.1656796850429342,0.0,0.0,3.725500019391378,3.779000004132589,3.672000034650167,2.872096870902773,0.1682245579822259,0.0,0.0,3.660000085830689,3.7899999618530273,3.725000023841858,3.4899295353093795,0.2307692307692281,0.0572636680694049,1.4971553151735173,0.0042695556221707,0.0025749576699327,0.001694597952238,3.7200000286102295,3.7173077234855065,3.727266662868936,3.7229971072467647,0.9602649069361546,1.0,-0.0397350930638453,0.0056362235698594,23.64167416695,-0.024999976158142,1.2078263685576094,-1.482590915994206,2.690417284551815,3.725000023841858,3.7200000286102295,3.722500026226044,3.764999985694885,85.43117776157938,9.178106684420056,16.472286314255033,18.342115956647604,-34.93317547658427,3.746249973773956,3.700000047683716,28.000000000000004,4.0,24.000000000000004,3.6549999713897705,3.7916295845095975,0.0,0.0,45.28380839575697,0.0,0.6666666666666665,0.8888888888888888,2.225600529802103,44.90939423419627,23.076923076922814,62.56407713278721,-76.92307692307719,0.0214117702315834,-0.2702700090373527,0.1146806054149266,0.069103916160969,0.0455766892539575,-2.9999709615245567,-2.0194028781224165,-0.9805680834021402,3.7212830719022185,-2.122013902143149,-2.144852284130394,-2.638519937706696,2.122016458038786,3.3044774532318115,4
2023-02-13,3.549999952316284,3.549999952316284,3.3499999046325684,3.450000047683716,3.3044774532318115,19760000,-283271021.2253758,60757123,-0.0470269169734217,-710995.5433958994,-0.2834009689840929,-0.0217946022952999,-1399100.5332178297,3.6630969647091263,34.30651414022411,1124.8655517435368,3.711500024795532,3.842385441339123,3.580614608251941,7.0529659528051,-0.4989652935272776,0.0,1.0,3.70016667842865,3.768666672706604,3.631666684150696,3.7025356007499615,-1.326033953592951,0.0,1.0,3.3499999046325684,3.7899999618530273,3.569999933242798,11.85504659250807,0.2272730228329108,0.0855373165212535,2.7032004332325426,-0.0181648423019393,-0.0015730023244416,-0.0165918399774976,3.699166695276896,3.708461568905757,3.684610260532748,3.702775102834687,0.7914690861378413,1.0568720057835173,-0.2654029196456759,-0.0073984408640895,24.079295495173174,-0.0214999675750733,-5.323399861266155,-1.608429828032422,-3.714970033233732,3.569999933242798,3.569999933242798,3.569999933242798,3.634999990463257,64.84723232436681,12.678816481676668,11.44084931879965,43.28440331786084,-520.5549047098613,3.746249973773956,3.700000047683716,24.0,100.0,-76.0,3.6549999713897705,3.7899999618530273,0.0,0.0,26.771319084959032,0.0,0.3333333333333332,0.6666666666666666,-8.660414375282949,40.26298123543251,22.727302283291085,43.47320332519947,-77.27269771670892,-0.0245735427912543,-6.756756669679118,-0.4905737398966831,-0.0428316150505613,-0.4477421248461217,13.77271103732819,1.139019904967705,12.633691132360484,3.681112010122794,-6.504065198240849,-6.725222869470016,-8.970974078930515,6.504066740797924,3.199117422103882,0
2023-02-14,3.4600000381469727,3.4800000190734863,3.3399999141693115,3.3399999141693115,3.199117422103882,14107410,-297378431.2253758,46649713,-0.1501621746629305,-831112.8919882628,-0.0396954427183077,-0.0234106605570651,-1735005.3011707128,3.6223743468570526,32.38722631901348,1089.0002302457538,3.690000021457672,3.895426429582992,3.484573613332352,11.134222597872512,-0.3518868398722209,0.0,1.0,3.669833334287008,3.746333344777425,3.5933333237965903,4.169127233963621,-1.6557736920768913,0.0,1.0,3.3399999141693115,3.7899999618530273,3.564999938011169,12.195123172545427,0.0,0.0909835953595456,4.043934228107881,-0.0443095824681099,-0.0101203183531753,-0.0341892641149345,3.670000016689301,3.696153869995704,3.631593284169142,3.675902866637252,0.824561341133944,1.1008770040234186,-0.2763156628894746,-0.0357217655663252,24.58560794141483,0.0100000262260437,-14.347366374092864,-2.849463756702354,-11.497902617390508,3.564999938011169,3.564999938011169,3.564999938011169,3.629999995231629,42.80757466565271,15.981357639378368,10.076067697215793,38.97306827425528,-366.19025741528446,3.745000004768372,3.7100000381469727,20.0,100.0,-80.0,3.6549999713897705,3.772399959564209,0.0,0.0,22.27629973033767,0.0,0.0,0.3333333333333332,-19.38997605474953,33.45744142686517,0.0,15.26807512007128,-100.0,-0.0847794406554278,-9.485098580588904,-1.2054067823790102,-0.2753466485162511,-0.9300601338627592,18.4892913252331,4.6090741890207845,13.880217136212316,3.616785122526286,-3.1884096230160086,-3.240346357383728,-11.87335230113563,3.1884021791368724,3.122491836547852,1
2023-02-15,3.3399999141693115,3.359999895095825,3.2300000190734863,3.259999990463257,3.122491836547852,18098935,-307124011.60999113,28550778,-0.1700449434044093,-919227.2530129172,-0.0826014734145649,-0.028967007326289,-883309.0408633067,3.564140500205303,29.65662993964598,1089.0002302457538,3.6675000190734863,3.945123890387972,3.3898761477590007,15.1396793385496,-0.2339066822330693,0.0,1.0,3.6266666650772095,3.7116666555404665,3.5416666746139525,4.6874994761310615,-1.656863033840291,0.0,1.0,3.2300000190734863,3.7899999618530273,3.509999990463257,15.269255347434536,0.0535713829556243,0.0948852234258249,5.401738152430378,-0.0706701610424516,-0.0222302868910305,-0.048439874151421,3.6333333452542624,3.679230790871841,3.5744250851374675,3.645095246179919,0.75103736820695,1.1950206721781924,-0.4439833039712424,-0.0772280746293443,25.07162099476321,0.0225000381469726,-25.364037771620907,-5.327377600679449,-20.03666017094146,3.509999990463257,3.509999990463257,3.509999990463257,3.575000047683716,25.91390336624174,19.548858553491836,9.002195495834616,43.83746738294012,-289.2425922529175,3.745000004768372,3.715000033378601,16.0,100.0,-84.0,3.6549999713897705,3.7464559568405154,0.0,0.0,19.6873158394569,0.0,0.0,0.111111111111111,-28.602393380625795,29.952118276222517,5.357138295562434,9.361480192951154,-94.64286170443756,-0.1612500373054954,-11.89189328513412,-1.9387740585520872,-0.6080321305234184,-1.3307419280286688,24.42955418008492,8.573170187233613,15.856383992851308,3.5171426224545925,-2.39520735814005,-2.4243588837562946,-13.984168251300988,2.3952101609836234,3.314055919647217,2
2023-02-16,3.2799999713897705,3.470000028610229,3.2699999809265137,3.4600000381469727,3.314055919647217,28903112,-281111207.3644724,57453890,-0.012873164990526,37894.32287575363,0.0518975711439794,-0.0242078610657945,1339690.4603001403,3.525226034359588,44.96935135133263,1089.0002302457538,3.653000020980835,3.941936022876099,3.364064019085571,15.819107595717142,0.1660160354405705,0.0,0.0,3.595333329836527,3.6943333307902018,3.496333328882853,5.507138942145083,-0.1835014665953479,0.0,1.0,3.2300000190734863,3.7899999618530273,3.509999990463257,15.329864209230976,0.4107143617406261,0.1063967048979396,5.8040288682237895,-0.0745632582750159,-0.0326968811678276,-0.0418663771071883,3.6141666769981375,3.6700000212742734,3.556821231754314,3.6313844900293306,0.8081180909199998,1.0738006665866664,-0.2656825756666666,-0.1151864018037226,25.598558950143445,0.0769999980926514,-30.633321855648276,-8.393148493711598,-22.24017336193668,3.509999990463257,3.509999990463257,3.509999990463257,3.575000047683716,14.530146481509297,21.02141481036337,15.786937585509616,36.98098829658568,-154.52703811307086,3.745000004768372,3.7200000286102295,12.0,96.0,-84.0,3.6549999713897705,3.705139481819153,0.0,0.0,38.82822585534807,0.5046593371395939,0.1682197790465311,0.056073259682177,-27.227390858826677,41.85795602100082,41.07143617406261,15.476191489874996,-58.92856382593739,-0.2287794456762424,-6.233062750864478,-2.053301116412868,-0.8970859277013083,-1.1562151887115597,34.27766784258798,13.714069718304486,20.56359812428349,3.51357711613004,6.134970805791173,5.954140764153459,-8.707122085159845,-6.134974665335022,3.275743007659912,3
2023-02-17,3.4200000762939453,3.490000009536743,3.4200000762939453,3.4200000762939453,3.275743007659912,24254562,-305365769.3644724,33199328,-0.1232265089085624,-106116.51678676638,0.0245314551378968,-0.0234652443686389,1492798.1929727837,3.50659421574126,51.34002430740029,1076.4106443534088,3.637000024318695,3.939991788004672,3.334008260632718,16.661631105858206,0.1419045432376008,0.0,0.0,3.568166669209797,3.670666654904683,3.465666683514913,5.745246519977414,-0.2227639687526651,0.0,1.0,3.2300000190734863,3.7899999618530273,3.509999990463257,15.39730379530156,0.339285851133127,0.1027570277324255,6.292604562439742,-0.0799545620862414,-0.0421484173515104,-0.0378061447347309,3.5883333484331765,3.660000021641071,3.5357718232219497,3.615726385308191,0.9054546356201172,1.0654544830322266,-0.1599998474121093,-0.1510788682864036,25.95303462979925,0.0630000233650207,-38.08873664728283,-12.361672813657988,-25.72706383362484,3.509999990463257,3.509999990463257,3.509999990463257,3.555000066757202,7.265073240754648,22.09340584241177,16.4665763287047,35.015034983646984,-105.95516363334252,3.727500021457672,3.7350000143051143,8.0,92.0,-84.0,3.6549999713897705,3.6671283247995,0.0,0.0,36.932392979854654,0.4546747877383562,0.3197780416259833,0.1626659402241715,-27.09957198154751,38.26223656457421,33.9285851133127,26.78571986097923,-66.07141488668731,-0.2759853236815508,-8.310990380545453,-2.2113001252285405,-1.1599287672067549,-1.0513713580217856,36.77516030337454,18.326287835318496,18.448872468056045,3.505689770598904,-1.1560682489023757,-1.1628026712084738,-9.762530060242526,1.1560731899594288,3.2948994636535645,4
2023-02-20,3.440000057220459,3.5199999809265137,3.430000066757202,3.440000057220459,3.2948994636535645,14740974,-316830971.3644724,47940302,-0.1675344842925171,-48839.98598319492,0.0122108387598682,-0.0218733550409742,-194194.8480106585,3.492642933613315,58.66994864105825,1082.7054372995813,3.6220000267028807,3.932715342006132,3.311284711399629,17.157112811293732,0.207127456358574,0.0,0.0,3.54183333714803,3.647333319981892,3.4363333543141685,5.957365736402098,0.0173777417199425,0.0,0.0,3.2300000190734863,3.7899999618530273,3.509999990463257,15.46106953757565,0.3750001064368765,0.1024813154224397,6.689404029196156,-0.0816719148890889,-0.0500531168590261,-0.0316187980300628,3.5666666825612388,3.648846176954416,3.5210377053755666,3.602709620264656,0.9222615561404156,1.028268525039849,-0.106006968899433,-0.1827680341469215,26.24581501073105,0.0980000019073488,-45.14114333708228,-17.19288756094576,-27.94825577613652,3.509999990463257,3.509999990463257,3.509999990463257,3.555000066757202,3.632536620377324,22.646813488875654,17.489745562801588,32.367788625574114,-81.50008839719106,3.727500021457672,3.75,4.0,88.0,-84.0,3.6549999713897705,3.6321580603414185,0.0,0.0,38.548027116790905,0.4972717620687006,0.4855352956488835,0.3245110387737993,-26.37058427266661,36.042980226931945,37.50001064368765,37.50001064368764,-62.49998935631235,-0.263044128698461,-7.027026678716471,-2.266958025972944,-1.3813346189599929,-0.8856234070129514,33.09572603545178,21.280175475345157,11.81555056010663,3.500152969390353,0.5847947508874407,0.5830914636476558,-9.234826072701184,-0.5847972795441336,3.2948994636535645,0
2023-02-21,3.4600000381469727,3.5,3.430000066757202,3.440000057220459,3.2948994636535645,13452357,-326439797.7930438,61392659,-0.2122049463923265,-41862.84512845279,-0.0052035391631116,-0.0232043584893531,86204.44218168332,3.4821714298862814,52.566531832141,1082.7054372995813,3.6075000286102297,3.923719897519762,3.291280159700698,17.531246924555326,0.2351526772062332,0.0,0.0,3.511666671435038,3.6196666399637856,3.4036667029062904,6.150923685738861,0.1682100226931888,0.0,0.0,3.2300000190734863,3.7899999618530273,3.509999990463257,15.523213813951877,0.3750001064368765,0.0992331772044755,7.081003420543405,-0.0820866851489938,-0.0564598305170196,-0.0256268546319741,3.543333351612091,3.6380769472855783,3.5085703748901658,3.59065706003916,0.9062501603944636,1.0486110708687726,-0.142360910474309,-0.2099873225928982,26.43613485778125,0.1324999809265135,-51.88206009080901,-23.03221053829457,-28.84984955251444,3.509999990463257,3.509999990463257,3.509999990463257,3.555000066757202,1.816268310188662,23.160692017734988,16.54669746221934,30.62251557550089,-73.90637936826424,3.727500021457672,3.754999995231629,68.0,84.0,-16.0,3.6549999713897705,3.599985417039984,0.0,0.0,38.5480271167909,0.4972717620687005,0.4830727706252524,0.4294620359667063,-25.83952576083806,35.73836196643811,37.50001064368765,36.30953546689599,-62.49998935631235,-0.2447647052652692,-7.526880893449264,-2.2861187737070785,-1.5622914499094098,-0.7238273237976687,29.209144106080306,22.865969201492184,6.343174904588118,3.4947101862319854,0.0,0.0,-9.234826072701184,0.0,3.218273639678955,1
2023-02-22,3.4200000762939453,3.440000057220459,3.3499999046325684,3.359999895095825,3.218273639678955,11469679,-335360665.9895375,49922980,-0.2404488922605604,-166964.7500411749,-0.054927565120595,-0.0280597139729018,-266737.2570507789,3.468215830992292,51.06669481836587,1057.5261904750405,3.590500020980835,3.92122500789258,3.2597750340690896,18.42222448011012,0.1515229646883027,0.0,0.0,3.475,3.5869999885559083,3.363000011444092,6.44604250681486,-0.0133933779232892,0.0,1.0,3.2300000190734863,3.7899999618530273,3.509999990463257,15.596711864843911,0.2321426594743721,0.098309874742817,7.638220874624891,-0.087857966118702,-0.0627394576373561,-0.0251185084813458,3.5116666754086814,3.622307713215168,3.485713377998729,3.573571344117431,0.8503401195044721,1.1020407170268327,-0.2517005975223606,-0.2369250343669154,26.536774218262504,0.1594999790191651,-61.126888534876535,-30.07768090045791,-31.049207634418625,3.5,3.509999990463257,3.5049999952316284,3.555000066757202,0.908134155094331,24.25596085782444,15.397164556061604,34.670401713196206,-94.45434926734718,3.7300000190734863,3.754999995231629,64.0,80.0,-16.0,3.6549999713897705,3.570386585202664,0.0,0.0,34.45352599128434,0.3893182623552618,0.4612872621642208,0.4766317761461189,-26.85081658025152,34.81963253223593,23.21426594743721,32.73809574493749,-76.78573405256279,-0.2159411689814399,-10.160430841495822,-2.45854798067283,-1.7415427560620935,-0.7170052246107361,24.800061931050102,23.25278774740377,1.547274183646337,3.4787147363157023,-2.3255860695907797,-2.353054526552945,-11.345648313594292,2.3255891361748127,3.218273639678955,2
2023-02-23,3.3499999046325684,3.375,3.3299999237060547,3.359999895095825,3.218273639678955,12810405,-331090576.2374394,62733385,-0.2120835552377409,-143112.64289243566,-0.0149293023975511,-0.0287596830912517,-266737.2570507789,3.453481397740089,46.1525228509504,1057.5261904750405,3.5735000133514405,3.914749227807959,3.2322507988949223,19.09887858858433,0.1871785938091597,0.0,0.0,3.433833328882853,3.5453333298365277,3.3223333279291785,6.494199937767468,0.1689083714999083,0.0,0.0,3.2300000190734863,3.7899999618530273,3.509999990463257,15.670909211900067,0.2321426594743721,0.0929788948979299,8.164854031887536,-0.0913783946149839,-0.0684672450328817,-0.0229111495821022,3.4791666666666665,3.6088461692516622,3.466372842167513,3.557751236782497,0.8344595389178052,1.1317567099525256,-0.2972971710347204,-0.2621423512073174,26.524165656848524,0.1864999771118163,-68.98600793431484,-37.8769958229993,-31.109012111315543,3.3899999856948853,3.509999990463257,3.449999988079071,3.555000066757202,0.4540670775471655,25.41419262454164,14.84195629744694,35.02284088184463,-94.03510762757789,3.7300000190734863,3.754999995231629,60.0,76.0,-16.0,3.6549999713897705,3.5431556599123297,0.0,0.0,34.45352599128434,0.3893182623552618,0.4253027622597413,0.4565542650164049,-27.616345550110022,39.89022335649378,23.21426594743721,27.976180846187344,-76.78573405256279,-0.2095147041713487,-10.400002797444662,-2.5684312514672425,-1.906920455143124,-0.6615107963241189,21.81880335140221,22.96599086820346,-1.1471875168012495,3.463756629506514,0.0,0.0,-11.345648313594292,0.0,3.208695411682129,3
2023-02-24,3.369999885559082,3.390000104904175,3.345000028610229,3.3499999046325684,3.208695411682129,10247775,-339061128.2314099,52485610,-0.2425996813903747,-137307.64423203084,0.0065868529032404,-0.0291543392696824,-30499.3022229482,3.4432236594645453,47.84241371275186,1054.378794001954,3.5565000057220457,3.906601466736943,3.2063985447071484,19.68797753137185,0.2050853479861792,0.0,0.0,3.3983333269755045,3.5063333431879675,3.290333310763041,6.356057856666025,0.2762341894104353,0.0,0.0,3.2300000190734863,3.7899999618530273,3.509999990463257,15.745815882990527,0.2142855318224973,0.0881810130375314,8.690509258345749,-0.0938929358998525,-0.0735523832062759,-0.0203405526935766,3.444999992847442,3.5934615501990685,3.4484693133159827,3.5423622492158358,0.8464164633463612,1.1365186269174383,-0.2901021635710773,-0.2852282137042537,26.43496214532289,0.2134999752044679,-76.36523154884887,-45.770532677175154,-30.594698871673717,3.375,3.509999990463257,3.4424999952316284,3.555000066757202,0.2270335387735827,26.23582077250501,15.53319421795479,33.713642305553364,-81.6097719982538,3.7300000190734863,3.754999995231629,56.00000000000001,72.0,-15.999999999999991,3.6549999713897705,3.5181032086452224,0.0,0.0,33.93104065777894,0.3755426841903216,0.3847264029669483,0.4237721424636367,-28.382239100316134,39.83513663192337,21.428553182249736,22.61902835904137,-78.57144681775027,-0.217455877977259,-10.904257629537222,-2.6505740885375983,-2.055651181822019,-0.5949229067155795,17.770350852971468,21.926862865157062,-4.156512012185594,3.4515933280011946,-0.2976187730794999,-0.2980625384547242,-11.60950030736496,0.29762006184725465,3.159782648086548,4
2023-02-27,3.25,3.2799999713897705,3.2249999046325684,3.2300000190734863,3.159782648086548,10094544,-347320260.81448567,42391066,-0.2688277450999511,-290741.42716618616,-0.0626577560919901,-0.035847886714719,-392094.5736425095,3.4229688346253018,43.677365607519846,1016.6100363249192,3.5330000042915346,3.9038962547222056,3.162103753860864,20.9961081222838,0.0915299967764355,0.0,0.0,3.3778333266576133,3.471333344777425,3.2843333085378013,5.536094240169668,-0.290552293769033,0.0,1.0,3.2249999046325684,3.7899999618530273,3.507499933242798,15.99207632420474,0.0088497591761605,0.0918629117337783,9.496296342653936,-0.1043656535790371,-0.0797150372808281,-0.024650616298209,3.399999996026357,3.573846165950482,3.414858652663291,3.5192243062423283,0.7831716613684757,1.1779935804450483,-0.3948219190765726,-0.3118217290730383,26.340199393905475,0.1570000529289243,-82.79301354506055,-53.37560458506045,-29.417408960000092,3.372499942779541,3.507499933242798,3.439999938011169,3.552500009536743,0.1135167693867913,27.80519918943431,13.970909194382411,39.978239102854765,-115.24892812195674,3.7300000190734863,3.764999985694885,52.0,100.0,-48.0,3.6549999713897705,3.4950549534794835,0.0,0.0,28.370967507109786,0.228948670199618,0.3312698722484004,0.3804330124916966,-30.94789875210201,22.56705170840604,0.8849759176160508,15.175931682434316,-99.11502408238395,-0.2490147169898535,-14.323606487666805,-2.965586859408634,-2.237638317339342,-0.7279485420692922,14.272457674790124,20.39598182708368,-6.123524152293552,3.436004564243173,-3.58208623806644,-3.647817422941535,-14.775724232612998,1.5243816355239233,3.238043546676636,0
2023-02-28,3.25,3.3299999237060547,3.244999885559082,3.309999942779541,3.238043546676636,19001216,-337260780.9799088,61392282,-0.2156822005597112,-32050.39038212164,0.0156568847907506,-0.0334843081459384,109022.6299259314,3.403442578832536,49.80250941614671,1016.6100363249192,3.5139999985694885,3.889680753834798,3.138319243304179,21.381943962336084,0.2284928054860293,0.0,0.0,3.3686666568120325,3.456666668256124,3.2806666453679405,5.224619732922541,0.1666664408915251,0.0,0.0,3.2249999046325684,3.7899999618530273,3.507499933242798,16.078544605875482,0.1504425301567823,0.0926766110236573,10.040609972962448,-0.104999661794678,-0.0847719621835981,-0.0202276996110798,3.368333319822947,3.557307701844436,3.398726543450407,3.503726205245085,0.8056428220687403,1.1222571587232424,-0.3166143366545021,-0.3348816063062787,26.32917842087821,-0.0639999508857727,-85.11127615592098,-60.01418662776046,-25.09708952816052,3.372499942779541,3.507499933242798,3.439999938011169,3.552500009536743,0.0567583846933956,28.47551929990516,16.84391800753883,36.79031982127612,-87.5463835329517,3.7375000715255737,3.764999985694885,48.0,96.0,-48.0,3.6549999713897705,3.468049448594792,0.0,0.0,35.910798494113735,0.4277399557177547,0.3440771033692313,0.3533577928615266,-30.546635607085225,30.67220269604707,15.044253015678237,12.452594038514656,-84.95574698432176,-0.2725294442737804,-10.298105922718008,-2.996799853752651,-2.389470624622004,-0.6073292291306469,16.715287271109087,19.65984291588876,-2.944555644779673,3.4349102940714755,2.476777809091235,2.446602896215433,-12.66490828244764,-2.476781073453907,3.218478202819824,1
2023-03-01,3.2699999809265137,3.309999942779541,3.25,3.289999961853028,3.218478202819824,16339398,-331814314.9799086,45052884,-0.2083327268369989,-74155.7129490626,-0.0027540522938375,-0.0348180754472964,371890.5134301046,3.384031199758334,44.58626522379591,1010.4673832470684,3.4919999957084658,3.866037468284975,3.1179625231319568,21.422535683630397,0.2299735338494473,0.0,0.0,3.3686666568120325,3.4496666749318443,3.28766663869222,4.809025431828696,0.0144032261656795,0.0,0.0,3.2249999046325684,3.7899999618530273,3.507499933242798,16.179841291947948,0.1150443374116276,0.0894089441992457,10.450228580354413,-0.1058952546096776,-0.088996620668814,-0.0168986339408635,3.3549999793370566,3.5403846227205715,3.38199937705081,3.487894631660488,0.7975080579536877,1.1464175269294152,-0.3489094689757275,-0.355094278607201,26.28443861431468,-0.1520000815391542,-86.72901423302315,-66.24704133635767,-20.48197289666548,3.372499942779541,3.507499933242798,3.439999938011169,3.552500009536743,0.0283791923466978,29.097959402485237,16.01855874877154,34.98757825699699,-85.92236581963719,3.740000069141388,3.764999985694885,44.0,92.0,-48.0,3.6549999713897705,3.4437444941985698,0.0,0.0,34.92113939268505,0.595152774143606,0.4172804666869928,0.3642091474348749,-30.54778623347149,34.239813626869804,11.926614334160517,9.285281089151582,-88.07338566583948,-0.2836176788105682,-4.637683583167193,-3.036079520534825,-2.5187924038045684,-0.5172871167302566,16.713843238446625,19.070642980400333,-2.356799741953708,3.433569000458688,-0.6042290414578821,-0.6060618919367489,-13.192612269988969,0.6042335000989425,3.238043546676636,2
2023-03-02,3.299999952316284,3.3399999141693115,3.2799999713897705,3.309999942779541,3.238043546676636,9969318,-331814314.9799086,55022202,-0.1898494524068161,-35078.30112057581,0.0180553631329053,-0.0298022238796721,-38123.688170040856,3.372728011389976,48.19603402333976,1016.6100363249192,3.4724999904632567,3.8417628096070944,3.103237171319419,21.267837014137772,0.279966951370187,0.0,0.0,3.3596666495005287,3.426666657129924,3.292666641871135,3.98849139627319,0.1293529771241515,0.0,0.0,3.2249999046325684,3.7899999618530273,3.507499933242798,16.2707000366351,0.1504425301567823,0.0864680440572752,10.498957241066073,-0.1037947062898596,-0.0919562377930231,-0.0118384684968364,3.3524999817212424,3.525384618685796,3.3709225410090764,3.474717247298936,0.8454260938523803,1.116719354413647,-0.2712932605612663,-0.3708536413295077,26.18986802077335,-0.2124999999999999,-91.55741893682594,-72.18800603519578,-19.36941290163016,3.372499942779541,3.507499933242798,3.439999938011169,3.552500009536743,0.0141895961733489,29.193967487069497,17.721866063678014,33.233838692644305,-71.20086439033183,3.747500061988831,3.764999985694885,40.0,88.0,-48.0,3.6549999713897705,3.421870035241969,0.0,0.0,36.79692606357665,0.8938765298993103,0.6389230865868902,0.4667602188810382,-29.96920348503111,37.47992469534645,26.153854054105604,17.708240467981433,-73.84614594589439,-0.2802794463494242,-0.8982027593025186,-2.987141079480474,-2.6124621389397493,-0.3746789405407247,12.87598858457127,17.831712101234523,-4.955723516663253,3.422734126816845,0.6079021628695891,0.6060618919367489,-12.66490828244764,-0.6079066758839673,3.218478202819824,3
2023-03-03,3.319999933242798,3.3299999237060547,3.2699999809265137,3.289999961853028,3.218478202819824,10951128,-335464690.9799084,44071074,-0.2080126845914992,-61356.02254960855,-0.0054788772041689,-0.0099506458953918,-5566.195997878298,3.3617233344207857,50.34009871873337,1016.6100363249192,3.450999987125397,3.810048768407187,3.091951205843607,20.80839076333172,0.2757964465195991,0.0,0.0,3.3449999729792275,3.410999981562296,3.278999964396159,3.9461888858722807,0.0833333032299828,0.0,0.0,3.2249999046325684,3.7899999618530273,3.507499933242798,16.372067786968927,0.1150443374116276,0.0838212339295018,10.334708288190704,-0.1025615719674459,-0.0940773046279077,-0.0084842673395382,3.3549999793370566,3.5096153846153846,3.358472913446608,3.4610344854140536,0.9578547148239368,1.0881228069598503,-0.1302680921359135,-0.3833769711079018,26.07937349049859,0.0090000510215757,-95.58864105194004,-77.79328355906888,-17.79535749287116,3.362499952316284,3.507499933242798,3.434999942779541,3.552500009536743,0.0070947980866744,29.369318283964088,16.814227738706904,32.385338866884666,-73.91999686571987,3.745000064373016,3.764999985694885,36.0,84.0,-48.0,3.6549999713897705,3.4021830221810294,0.0,0.0,35.689119283266024,0.8360001395191821,0.7750098145206993,0.6104044559315275,-29.822172302155916,40.32044216179912,22.033912003362257,20.03812679720944,-77.96608799663775,-0.2811324084506319,0.9202445238506842,-2.9633212959788304,-2.682633970347566,-0.2806873256312645,10.264237919436976,16.318217264875013,-6.053979345438037,3.4126169025004733,-0.6042290414578821,-0.6060618919367489,-13.192612269988969,0.6042335000989425,3.218478202819824,4
2023-03-06,3.309999942779541,3.3299999237060547,3.289999961853028,3.289999961853028,3.218478202819824,7386326,-342851016.9799084,51457400,-0.2424268192298834,-52590.87647109305,0.0054154018799185,-0.0067284427098042,-66169.89574322561,3.357952998979615,55.52534944519865,1016.6100363249192,3.4284999847412108,3.768163091285878,3.088836878196544,19.81409409691484,0.2961214800495713,0.0,0.0,3.3289999643961585,3.389999977747599,3.267999951044719,3.664765034775516,0.1803279179756884,0.0,0.0,3.2249999046325684,3.7899999618530273,3.507499933242798,16.479511732099546,0.1150443374116276,0.0794391067218543,9.961834657370463,-0.1004266482451283,-0.0953471733513518,-0.0050794748937764,3.340833306312561,3.494230765562791,3.3479386132014417,3.44836526144657,0.9792534231871524,1.0373446692658586,-0.0580912460787061,-0.3925160000126736,25.945978577233166,-0.0084999084472654,-97.0887101980296,-82.81624468209338,-14.272465515936204,3.3324999809265137,3.507499933242798,3.419999957084656,3.5374999046325684,0.0035473990433372,29.53214402393764,16.21789151476837,31.23675500142472,-66.62463605546732,3.7350000143051143,3.764999985694885,32.0,80.0,-48.0,3.6549999713897705,3.384464710426183,0.0,0.0,35.689119283266024,0.8360001395191821,0.8552922696458914,0.7564083902511602,-29.70339895112702,37.85518148009679,22.033912003362257,23.407226020276685,-77.96608799663775,-0.2565441706601312,-4.9132969485454,-2.912297295414696,-2.728566635360992,-0.1837306600537038,5.813933668487101,14.217360545597431,-8.40342687711033,3.3998575769191306,0.0,0.0,-13.192612269988969,0.0,3.2771737575531006,0
2023-03-07,3.299999952316284,3.380000114440918,3.289999961853028,3.3499999046325684,3.2771737575531006,9924858,-339542766.0357089,61382258,-0.2139277765438858,39992.23618121531,0.0226704744569711,0.0007909821381625,181000.27933120917,3.363828125865146,62.63740398071208,1016.6100363249192,3.4084999799728397,3.715633543325604,3.1013664166200745,18.02162623778053,0.4047644374947726,0.0,0.0,3.317333292961121,3.3803333282470702,3.254333257675171,3.798233684847176,0.7592586775799246,0.0,0.0,3.2249999046325684,3.7899999618530273,3.507499933242798,16.576208318621177,0.2212389156470932,0.0804952113084579,9.321398632090204,-0.0928232037595306,-0.0948423794329876,0.0020191756734569,3.334999958674113,3.4807692215992856,3.3482557349600763,3.441078938719607,1.072961613174949,0.8927038591476197,0.1802577540273295,-0.395017341971693,25.884027402769224,0.0315000772476197,-95.90484738507654,-86.68046233211561,-9.224385052960926,3.307500004768372,3.507499933242798,3.4074999690055847,3.5124999284744263,50.00177369952167,28.82375446132472,19.3309527357214,28.76478209731605,-43.37067268460774,3.722500026226044,3.764999985694885,28.000000000000004,76.0,-48.0,3.2249999046325684,3.384464710426183,1.0,0.0,41.7867986417716,1.0,0.8906667596794545,0.8403229479486818,-27.826399376665726,43.21357365816925,42.37287039731032,28.813564801344924,-57.627129602689685,-0.2351323800928453,-2.0467885994093917,-2.697502888267635,-2.722353885942321,0.0248509976746857,3.81607777567679,12.137103991613303,-8.321026215936515,3.3979286218059053,1.8237064886087893,1.807276418662851,-11.60950030736496,-1.8237052120424835,3.257608652114868,1
2023-03-08,3.3299999237060547,3.3499999046325684,3.309999942779541,3.3299999237060547,3.257608652114868,9536834,-339542766.0357089,51845424,-0.2214270633153204,7030.988426852113,-0.0020971780246725,-0.0030657856595982,124064.0096210023,3.356235169430067,53.27634357312376,1010.5407282905863,3.3869999766349794,3.6496861495780553,3.124313803691904,15.511436359917388,0.3915054182519217,0.0,0.0,3.311999956766764,3.369999972979228,3.2539999405543005,3.50241648366953,0.655172085412476,0.0,0.0,3.2249999046325684,3.7899999618530273,3.507499933242798,16.681430797699402,0.1858407229019378,0.0764456863629148,9.098858456988337,-0.0874037149201139,-0.0933546465304129,0.0059509316102989,3.325833280881246,3.4669230626179623,3.345447148613304,3.432850863533418,1.0753771806316863,1.0251259664939183,0.0502512141377677,-0.3932882289515194,25.80208240053953,0.0530000805854795,-92.8142230792972,-89.32804179266921,-3.486181286627982,3.307500004768372,3.507499933242798,3.4074999690055847,3.5124999284744263,75.00088684976083,28.16596415318416,18.62547053244172,27.71501273890388,-44.93191982635189,3.722500026226044,3.764999985694885,24.0,72.0,-48.0,3.228099908828735,3.384464710426183,0.0,0.0,40.411342234934125,0.8974751252433572,0.9111584215875128,0.885705816970953,-26.64034550884862,46.81466257235528,35.59321759932758,33.333333333333364,-64.40678240067243,-0.2130735635757448,-3.19767824664762,-2.5460970602768818,-2.687102520809233,0.1410054605323512,1.912194001570923,10.09212199360483,-8.179927992033907,3.3970125386348604,-0.5970143730110733,-0.598803628782707,-12.1372042949063,0.597011537552433,3.286956548690796,2
2023-03-09,3.369999885559082,3.380000114440918,3.3299999237060547,3.359999895095825,3.286956548690796,6748043,-338193196.04817337,58593467,-0.2207080761880399,34946.71821400769,0.0185240304005376,-0.0034948874265525,3856.853885915807,3.343266702653694,48.047294650167565,1019.6446903420856,3.366499972343445,3.5617716420111893,3.1712283026757007,11.600871603858314,0.483356322863732,0.0,0.0,3.3121666272481285,3.370666654904684,3.253666599591573,3.53243264848419,0.90883115584593,0.0,0.0,3.2249999046325684,3.7699999809265137,3.497499942779541,16.18892264284104,0.2477063698435974,0.0738011368001096,8.776056073412233,-0.0797684628134653,-0.0906374097870233,0.010868946973558,3.319166600704193,3.452692288618821,3.347686032687538,3.427454495501004,0.9435899279291298,1.015384720721408,-0.0717947927922781,-0.3863942431955791,25.68787939946735,-0.0065000772476198,-91.69345050627868,-91.03117723238364,-0.662273273895039,3.302500009536743,3.507499933242798,3.4049999713897705,3.5124999284744263,87.50044342488042,27.044188235235577,20.562945677845207,26.417187688380174,-15.207940931586071,3.722500026226044,3.764999985694885,20.0,68.0,-48.0,3.2311379129409787,3.384464710426183,0.0,0.0,43.41982783598679,1.0,0.9658250417477856,0.922550074338251,-24.77812146303278,44.77432750559699,45.76269679630168,41.24292826431318,-54.23730320369832,-0.1924559018191169,-2.3255860695907784,-2.327338347399572,-2.615149686127301,0.287811338727729,-1.6535669598756706,7.74298420290873,-9.3965511627844,3.396858479764771,0.9009000623754648,0.8968661672374312,-11.345648313594292,-0.9009030767669088,3.238043546676636,3
2023-03-10,3.3399999141693115,3.3399999141693115,3.2950000762939453,3.309999942779541,3.238043546676636,10161907,-341580534.2747831,48431560,-0.2097774687451135,-42630.650879781184,-0.016606085779037,-0.0055532391793314,-90425.59107827884,3.3302545315096284,39.9353233738507,1019.6446903420856,3.347499966621399,3.475542982011286,3.219456951231512,7.65006821010485,0.3535647425684584,0.0,0.0,3.307499957084656,3.365999960899353,3.2489999532699585,3.537415242554448,0.5213673977082478,0.0,0.0,3.2249999046325684,3.549999952316284,3.3874999284744263,9.708739385343009,0.261538540541056,0.0729210050002867,8.518589485919389,-0.0768659855606839,-0.0878831249417555,0.0110171393810716,3.314999938011169,3.4376922845840454,3.3418881727016925,3.4187541582623764,0.88297909576462,1.079787533549804,-0.1968084377851839,-0.3783220029680283,25.615796846382874,0.0124999284744262,-90.7327780732344,-91.9133732910696,1.1805952178352044,3.3125,3.507499933242798,3.409999966621399,3.5124999284744263,93.7502217124402,26.439532071747603,19.29781776087237,28.104739864789284,-47.919937387964616,3.7200000286102295,3.764999985694885,16.0,64.0,-48.0,3.2341151569709776,3.384464710426183,0.0,0.0,39.81210696058407,0.7602661732144643,0.8859137661526071,0.9209657431626352,-24.16112097941108,41.03207711971491,30.909094061732183,37.42166948578713,-69.09090593826781,-0.1763823635437909,-1.4880938653975229,-2.2483624736489385,-2.5417922436316287,0.2934297699826902,-2.005887968968762,5.793209768533232,-7.799097737501993,3.395568562256582,-1.4880938653975218,-1.4992770651808265,-12.66490828244764,1.4880939644195053,3.218478202819824,4
2023-03-13,3.309999942779541,3.3299999237060547,3.275000095367432,3.289999961853028,3.218478202819824,4723087,-343727406.89230645,43708473,-0.2299404995362756,-50035.079313278526,-0.0174673182666436,-0.0064292234010123,-179756.97798172326,3.317859965663979,42.427158353037306,1013.4837010033556,3.3394999623298647,3.4607394373435447,3.2182604873161846,7.260935851551562,0.2958585663982314,0.0,0.0,3.312833293279012,3.371333273251852,3.254333313306173,3.531718912118071,0.3048432543345682,0.0,0.0,3.2249999046325684,3.5199999809265137,3.372499942779541,8.833660117430664,0.2203391200336225,0.0711288873341203,8.20996304660155,-0.0753114393475349,-0.0853687878229114,0.0100573484753764,3.3091666102409363,3.421153820477999,3.333905371032668,3.4092168103802023,0.8594598439943382,1.0702705935024877,-0.2108107495081495,-0.3701956082480702,25.52457163337876,0.0104999423027036,-86.98669445399506,-92.12175310196672,5.135058647971661,3.315000057220459,3.507499933242798,3.4112499952316284,3.5124999284744263,96.8751108562201,26.117877237647477,18.27334361404492,28.54318875028008,-62.83417816909104,3.715000033378601,3.764999985694885,12.0,60.0,-48.0,3.2370328561203765,3.384464710426183,0.0,0.0,38.43638080441047,0.6688488747540792,0.8097050159895144,0.8871479412966358,-24.026860114300145,39.322583450633616,30.232563297315725,35.63478471844984,-69.76743670268428,-0.1653088205000936,-2.083331411556519,-2.209053971523039,-2.47524458920991,0.2661906176868718,-6.497736380387561,3.335020538749073,-9.832756919136637,3.3922455131804035,-0.6042290414578821,-0.6060618919367489,-13.192612269988969,0.6042335000989425,3.1793477535247803,0
2023-03-14,3.2799999713897705,3.309999942779541,3.240000009536743,3.25,3.1793477535247803,9328361,-350390521.89230645,34380112,-0.2053595403981805,-96192.08000442048,-0.0206359991929643,-0.0039798258347529,-141952.87986589212,3.3095154405796325,43.15277948707433,1013.4837010033556,3.3349999666213987,3.462357766214234,3.207642167028563,7.637649227436649,0.1662946168466145,0.0,0.0,3.309999966621399,3.366999936103821,3.252999997138977,3.444106952097842,-0.0263157784663577,0.0,1.0,3.2249999046325684,3.5199999809265137,3.372499942779541,8.845579587600481,0.0847460640739663,0.071015991924988,7.72793553485537,-0.0764261201620049,-0.0835802542907301,0.0071541341287252,3.300833284854889,3.4023076662650475,3.320996852412257,3.3974229725742617,0.906077805094202,1.0276246863675114,-0.1215468812733093,-0.3639114691173543,25.50764309364366,-0.1049999475479124,-84.86096981651237,-91.91419261124332,7.053222794730942,3.3100000619888306,3.507499933242798,3.408749997615814,3.507499933242798,73.43481837865193,26.221270078703576,17.033897082370817,29.998575455781467,-95.73996022358882,3.7100000381469727,3.764999985694885,8.0,56.00000000000001,-48.00000000000001,3.2398922012867875,3.384464710426183,0.0,0.0,35.773835439025746,0.4919221635482073,0.6403457371722502,0.7786548397714572,-24.66376126989776,37.59459897588055,15.151554559496924,25.431070639514925,-84.84844544050307,-0.164588244522319,-2.985071865055365,-2.2495320947363835,-2.4301020903152053,0.1805699955788218,-6.41397369067919,1.385221692863421,-7.79919538354261,3.386916857119535,-1.2158043257392226,-1.2232556840809927,-14.248020245071658,1.2158059439632183,3.2282607555389404,1
2023-03-15,3.2699999809265137,3.319999933242798,3.25,3.299999952316284,3.2282607555389404,11365278,-345519688.46373504,45745390,-0.1527218680031394,-1269.8745664584712,0.0061590984827348,-0.0024735114861611,61435.64746029541,3.303996958422772,51.41661140556258,1013.4837010033556,3.3369999647140505,3.4607901503636964,3.2132097790644045,7.419250042470623,0.350553530542055,0.0,0.0,3.310666632652283,3.3686666011810305,3.252666664123536,3.5038241517106115,0.4080458092773636,0.0,0.0,3.2249999046325684,3.5199999809265137,3.372499942779541,8.840278076515474,0.2542373840235347,0.070914386056769,7.176398365949184,-0.0724398924653528,-0.0813521819256546,0.0089122894603017,3.306666612625122,3.3849999721233663,3.3177665600898,3.3902064525551525,0.9408606299226718,0.946236843070002,-0.0053762131473301,-0.3556853958422253,25.525561113963487,-0.0270000219345094,-79.49649159564613,-90.57408957333443,11.077597977688312,3.3100000619888306,3.507499933242798,3.408749997615814,3.507499933242798,76.7382602324227,26.11950196878604,16.8468194475709,27.956476018123222,-65.82725141075437,3.7200000882148743,3.764999985694885,4.0,52.0,-48.0,3.240000009536743,3.384464710426183,0.0,0.0,41.25208350382549,0.8559529236907296,0.6722413206643386,0.7074306912753677,-23.633936572769755,43.04250279952664,45.4545191825576,30.27954567979006,-54.5454808174424,-0.1613088236135591,2.1671805829548285,-2.136739855791258,-2.371429643410416,0.2346897876191582,-4.635695590181645,0.1810382362544074,-4.816733826436052,3.386304442288699,1.5384600712702756,1.526745768117732,-12.92876027621831,-1.538460269403771,3.2282607555389404,2
2023-03-16,3.2699999809265137,3.3399999141693115,3.259999990463257,3.299999952316284,3.2282607555389404,13244722,-345519688.46373504,58990112,-0.2732058120228028,-1088.4639141072612,0.0090601955343625,-0.0022968441553666,174850.26401886574,3.299668775106655,52.332839475271896,1013.4837010033556,3.328999960422516,3.4399774642649685,3.218022456580063,6.667317822879608,0.3693428528208701,0.0,0.0,3.309666633605957,3.369666600227356,3.249666666984558,3.6257407928742063,0.4194442777721042,0.0,0.0,3.2249999046325684,3.5199999809265137,3.372499942779541,8.861522373118442,0.2542373840235347,0.0718229398216976,6.547004933794591,-0.0684912537575446,-0.0787799962920326,0.010288742534488,3.3058332800865173,3.367307662963867,3.315033235816951,3.383524489574496,0.9378241043053474,0.9430055730684191,-0.0051814687630717,-0.3458249708277767,25.59056493236427,-0.0389999985694879,-75.7991635213065,-88.37525873659739,12.576095215290891,3.3100000619888306,3.507499933242798,3.408749997615814,3.507499933242798,88.36913011621135,25.62688270057104,17.47710571273949,25.795284720637675,-47.88214689296104,3.7200000882148743,3.764999985694885,4.0,48.0,-44.0,3.240000009536743,3.384464710426183,0.0,0.0,41.25208350382549,0.8559529236907296,0.7346093369765554,0.6823987982710481,-22.795400891250463,41.49842322428756,48.38706204104486,36.331045261033104,-51.61293795895514,-0.1608382456442889,-0.3021145207289472,-2.0242576629364937,-2.301995247315632,0.2777375843791381,-1.7554848708346376,-0.2062663851634016,-1.549218485671236,3.3856767783619253,0.0,0.0,-12.92876027621831,0.0,3.238043546676636,3
2023-03-17,3.299999952316284,3.3399999141693115,3.275000095367432,3.309999942779541,3.238043546676636,21949161,-343831328.6218585,80939273,-0.1647732790443126,30422.94531312076,0.0022210509567554,0.0023373563481151,66512.5466206225,3.304288322017326,62.08404335036117,1013.4837010033556,3.323499953746796,3.4265096716462917,3.2204902358473,6.1988698259716255,0.4344721486354015,0.0,0.0,3.3108333031336463,3.37133325735728,3.250333348910014,3.6546662839455375,0.4931127191350796,0.0,0.0,3.2249999046325684,3.5199999809265137,3.372499942779541,8.876187164118138,0.2881356480134484,0.0711406277197157,5.326044840367899,-0.063819343806978,-0.0757878657950217,0.0119685219880436,3.307499945163727,3.349615353804368,3.314258883041965,3.378078226848943,1.0165749786213447,0.8950277698597568,0.1215472087615878,-0.3340611762329966,25.555077320066975,-0.0135000109672547,-71.14856712803494,-85.49302061770908,14.344453489674136,3.3100000619888306,3.497499942779541,3.403750002384186,3.507499933242798,94.18456505810568,25.16945052294283,16.36981463227493,24.16098158379817,-30.839867346189006,3.722500026226044,3.764999985694885,16.0,44.0,-28.0,3.242800011634827,3.384464710426183,0.0,0.0,42.39184256472429,0.8790418923907367,0.8636492465907318,0.7568333014105418,-21.78508794887604,43.93226179723472,49.99991485057127,47.94716535805789,-50.000085149428735,-0.1511470661443819,0.6079021628695896,-1.8892204241968809,-2.219440282691881,0.3302198584950009,6.458706133876785,1.1267281186446356,5.331978015232149,3.38480180049648,0.3030300184167611,0.3025718079000095,-12.66490828244764,-0.3030359651372976,3.218478202819824,4
2023-03-20,3.289999961853028,3.309999942779541,3.2799999713897705,3.289999961853028,3.218478202819824,7488146,-346327377.2885249,73451127,-0.1304039714697957,4682.127814825464,-0.0050079295046096,0.0008612981841608,21266.993821855845,3.3049217735590624,54.160372138497365,1007.3599381514512,3.315999948978424,3.4048593703423564,3.2271405276144915,5.359434422868901,0.3537015730784994,0.0,0.0,3.309833304087321,3.369333259264629,3.250333348910014,3.59534452105673,0.333333132981436,0.0,0.0,3.2249999046325684,3.5,3.362499952316284,8.293127249659706,0.2363637624692889,0.0670265620867212,4.247654471502104,-0.0610271696027293,-0.0728357265565632,0.0118085569538339,3.305833280086518,3.334230734751775,3.31052674132059,3.3715539109233195,1.0179642120573655,1.0,0.0179642120573655,-0.3219980419263217,25.06048428584191,-0.0259999871253961,-66.80799289884,-82.26003678590502,15.452043887065017,3.3100000619888306,3.3874999284744263,3.3487499952316284,3.507499933242798,97.09228252905284,24.744692072288064,15.870051736993352,23.423357952718245,-50.05197817573972,3.722500026226044,3.764999985694885,12.0,40.0,-28.0,3.2455440136909486,3.384464710426183,0.0,0.0,40.6914904679438,0.6789695979273918,0.8046548046696193,0.8009711294123022,-21.36073115991845,41.081551400343066,35.71422489326551,44.70040059496052,-64.28577510673449,-0.1410294266308054,-0.6042290414578809,-1.810060619378224,-2.13756435002915,0.3275037306509263,2.755799974448911,1.4525424898054906,1.3032574846434204,3.384407203873614,-0.6042290414578821,-0.6060618919367489,-13.192612269988969,0.6042335000989425,3.286956548690796,0
2023-03-21,3.299999952316284,3.369999885559082,3.289999961853028,3.359999895095825,3.286956548690796,10029456,-338805285.2885249,83480583,-0.0555079560413403,104307.71676436096,0.0279177121812626,0.0030521385038108,168146.92701942511,3.309855419349481,63.556227501405374,1007.3599381514512,3.3119999408721923,3.383721556781155,3.2402783249632297,4.3310155307596565,0.83462683192024,0.0,0.0,3.3098332961400354,3.368333228429158,3.251333363850912,3.5349171426456047,0.9287748463353156,0.0,0.0,3.2249999046325684,3.440000057220459,3.3324999809265137,6.491550616733158,0.6279064867550256,0.0683238982486545,3.106306449268736,-0.0525600621515112,-0.0687805936755528,0.0162205315240416,3.311666607856751,3.330769190421471,3.3181379957475494,3.3706980578990606,1.0233918096040664,0.9064327615837362,0.1169590480203301,-0.3056752119821693,24.627144156061043,-0.0219999790191645,-63.29153061166974,-78.9797376228353,15.68820701116556,3.3100000619888306,3.372499942779541,3.341250002384186,3.507499933242798,98.54614126452644,23.129466464272348,20.63636064351681,21.535262953308717,64.50944916769338,3.569999933242798,3.634999990463257,8.0,36.0,-28.0,3.248233135705948,3.384464710426183,0.0,0.0,48.480479740299984,1.0,0.8526704967727095,0.8403248493443535,-18.7280411322306,48.16988503106453,85.71413974383645,57.14275982922439,-14.28586025616354,-0.1189264942617978,2.1276575700435973,-1.5593227648599186,-2.021916032995304,0.4625932681353852,1.5112481637304855,1.4642836245904896,0.0469645391399959,3.384235230447844,2.1276575700436062,2.105338957117575,-11.345648313594292,-2.127662253886797,3.316304445266724,1
2023-03-22,3.380000114440918,3.4200000762939453,3.3550000190734863,3.390000104904175,3.316304445266724,15085220,-337644858.212121,98565803,-0.0100898486036674,154058.0093701825,0.0247759817140979,0.0035321826881817,348082.8902749472,3.3178489064037,64.90140081083271,1007.3599381514512,3.3134999513626098,3.3902527758019514,3.236747126923268,4.632734303060941,0.9983539960931584,0.0,0.0,3.3156666437784827,3.3766665856043496,3.2546667019526168,3.6794978735468913,1.1092912460301003,1.0,0.0,3.2249999046325684,3.4200000762939453,3.322499990463257,5.885021111323303,0.8461541283057624,0.067991514145835,2.882130323721205,-0.0429341343101299,-0.0636113018024682,0.0206771674923383,3.3199999531110134,3.3326922746805043,3.329193704848569,3.372127839158699,1.0639536092577444,0.883720685237638,0.1802329240201063,-0.2848642962125755,24.24754745875615,0.0364999532699585,-58.75014168218563,-75.31936997571387,16.56922829352824,3.330000042915344,3.372499942779541,3.351249992847442,3.507499933242798,99.27307063226324,22.1566669921094,24.344804536102803,20.11642029575449,179.9518859144751,3.564999938011169,3.629999995231629,4.0,32.0,-28.0,3.250868475280648,3.384464710426183,0.0,0.0,51.42483193050191,1.0,0.8929898659757972,0.850105055806042,-15.620231020305752,50.344691721426834,83.3333554091195,68.2539066820738,-16.66664459088049,-0.0886470668456134,3.0395180611134083,-1.273206009913356,-1.8721740283789143,0.5989680184655584,4.025249400031813,1.9764767796787543,2.0487726203530583,3.3844166957640582,0.8928634150297876,0.8889009583910923,-10.554086041554534,-0.8928592800418329,3.3065218925476074,2
2023-03-23,3.359999895095825,3.390000104904175,3.3299999237060547,3.380000114440918,3.3065218925476074,10114750,-330901678.14802635,88451053,0.0008444655013669,117600.0932404097,-0.0163128795637105,0.0027583253767859,104853.41918589929,3.3227830884047083,65.17352688724155,1004.3883778379252,3.3144999623298643,3.3941178080437977,3.234882116615931,4.804214609673282,0.9113408967783144,0.0,0.0,3.3166666507720945,3.3786665916442877,3.2546667098999023,3.738689919757803,1.0107542263578897,1.0,0.0,3.2249999046325684,3.4200000762939453,3.322499990463257,5.883245553706548,0.7948721710743498,0.0671923808510635,2.566821019735689,-0.0357008951060011,-0.0580292204631748,0.0223283253571736,3.3224999705950427,3.3373076640642605,3.337010075555084,3.3727109706610854,1.0465116021180452,0.9069765185328932,0.139535083585152,-0.2619053062066631,23.786751601426555,0.0154999613761903,-53.87817684761372,-71.22441428397823,17.34623743636451,3.330000042915344,3.372499942779541,3.351249992847442,3.507499933242798,99.6365353161316,20.80100605752936,22.848353621328897,21.44109453581235,123.08610209061632,3.509999990463257,3.575000047683716,8.0,28.000000000000004,-20.000000000000004,3.257633739321179,3.384464710426183,0.0,0.0,50.39104441352352,0.9343031014766288,0.9781010338255428,0.9079204655246832,-13.315501743426584,57.51394067318024,77.77780721215935,82.27510078837174,-22.222192787840655,-0.0662794085109936,0.8955286764893227,-1.0585222219324482,-1.7094436670896214,0.6509214451571732,2.524338527205383,2.0860491291840804,0.4382893980213027,3.384368317839304,-0.2949849602892462,-0.2954208984356166,-10.817938035325202,0.29498355415104527,3.286956548690796,3
2023-03-24,3.3499999046325684,3.380000114440918,3.3350000381469727,3.359999895095825,3.286956548690796,7230885,-330098306.0755366,81220168,0.0406159197492951,80140.18191190243,-0.0015557902142373,0.0022603830843462,-72623.76084558507,3.3255103770733085,60.19541249604727,998.4451863632876,3.3149999618530277,3.3956225452504687,3.234377378455586,4.864107651595556,0.7790777183420422,0.0,0.0,3.3209999879201257,3.382999952634175,3.259000023206075,3.733813004490807,0.8145155594488774,0.0,0.0,3.2249999046325684,3.4200000762939453,3.322499990463257,5.882358187189096,0.6923070339532211,0.0649731503953517,2.218150013402444,-0.0312224386390584,-0.0526678640983515,0.0214454254592931,3.324999968210857,3.33346150471614,3.3405469708690445,3.371769409508103,1.0289018520029367,0.9190749246431712,0.1098269273597655,-0.2390912283732643,23.489453543988216,0.0449999332427979,-48.53619414698218,-66.95213647208791,18.41594232510573,3.330000042915344,3.372499942779541,3.351249992847442,3.507499933242798,99.8182676580658,19.5421780468479,21.76763460272844,20.426938372594016,104.58684503271206,3.509999990463257,3.575000047683716,4.0,24.0,-20.0,3.2641283928000897,3.384464710426183,0.0,0.0,48.29971323932887,0.80032461876309,0.9115425734132396,0.9275444910715266,-11.909597123602293,57.51116633867982,66.66657836352196,75.92591366160025,-33.33342163647803,-0.0456176309024587,0.9009000623754568,-0.925995667171482,-1.5527540671059936,0.6267583999345118,-0.7614290128649914,1.516553500774266,-2.277982513639257,3.3836132646232664,-0.5917224457964498,-0.5934800599554757,-11.345648313594292,0.5917197736058739,3.345652341842652,4
2023-03-27,3.380000114440918,3.434999942779541,3.375,3.4200000762939453,3.345652341842652,6567583,-326814488.4782816,87787751,0.0944332515364974,124985.32307215828,0.0433948225364447,0.0037406936614514,74491.85612072064,3.328373617559067,59.299677503153305,1016.2746190920284,3.3244999647140503,3.407560228909728,3.2414397005183724,4.996857577215956,1.0748844679503464,1.0,0.0,3.332166655858358,3.3946666320165,3.269666679700216,3.751311540691359,1.202667631531129,1.0,0.0,3.240000009536743,3.434999942779541,3.337499976158142,5.865541744999548,0.9230775814321992,0.0659758401241881,2.048960966658683,-0.0225715259424408,-0.0466485964671694,0.0240770705247286,3.3299999833107,3.33346150471614,3.352770525549799,3.37534205149224,1.05882349641264,0.894117706457247,0.1647057899553929,-0.2134451629836501,23.29943666496304,-0.0145000219345092,-40.53176340156797,-62.026669092649655,21.49490569108169,3.3424999713897705,3.372499942779541,3.357499957084656,3.507499933242798,99.9091338290329,19.262491483448517,25.80279730085228,18.828463762999085,188.17202068227985,3.509999990463257,3.555000066757202,4.0,20.0,-16.0,3.270363260139844,3.384464710426183,0.0,0.0,54.41223277658829,1.0,0.9115425734132396,0.9337287268840072,-8.838387836130464,61.31820179308109,92.30775814321991,78.91738123963371,-7.692241856780076,-0.0131029199151431,1.7857197342682936,-0.6687181802052313,-1.3759468897258411,0.7072287095206098,-3.980994297962739,0.4170439410268651,-4.398038238989604,3.38727044838032,1.7857197342682871,1.7699630629052887,-9.762530060242526,-1.7857185600836374,3.335869550704956,0
2023-03-28,3.440000057220459,3.440000057220459,3.365000009536743,3.4100000858306885,3.335869550704956,9498305,-324914815.4005699,78289446,0.0594577206669404,93561.28271654928,-0.0019739887279261,0.0037494928969333,89505.83116380966,3.3333362531478463,59.22728685701144,1016.2746190920284,3.329499971866608,3.4201587343616096,3.238841209371606,5.445788452382894,0.9439731568612512,0.0,0.0,3.345999995867412,3.408999983469646,3.2830000082651773,3.7656896401700215,1.0079373218877203,1.0,0.0,3.240000009536743,3.440000057220459,3.340000033378601,6.006909427051005,0.8500001788138917,0.0668782608801408,1.863861672069872,-0.0163342400097672,-0.040585725175689,0.0242514851659217,3.3383333285649623,3.332307659662687,3.36157507328532,3.3779093132950875,1.0225988548361808,0.85875675317447,0.1638421016617108,-0.1871240822019645,23.254091829060837,-0.03950001001358,-33.405001227847805,-56.90539238511649,23.500391157268687,3.350000023841858,3.362499952316284,3.356249988079071,3.507499933242798,99.95456691451643,18.799959526023,23.79733087375679,18.40136502784806,149.65992699297593,3.509999990463257,3.555000066757202,96.0,16.0,80.0,3.280241461098226,3.384464710426183,0.0,0.0,53.28156251965807,0.939336508582122,0.9132203757817372,0.9121018408694056,-6.606592575310237,61.25287799942699,85.00001788138917,81.32478479604367,-14.99998211861083,0.0114706305896534,3.021152410267817,-0.483560643427502,-1.197469640466173,0.7139089970386713,-4.285526112812581,-0.5234700697410241,-3.762056043071557,3.3910652845049323,-0.2923973754437203,-0.292825691696974,-10.026382054013194,0.2924030992505209,3.296739101409912,1
2023-03-29,3.380000114440918,3.390000104904175,3.3499999046325684,3.369999885559082,3.296739101409912,7274733,-324914858.76114047,71014713,0.0347442954888973,38625.2741966902,-0.0178701768606781,0.0011499066639893,-113107.33107068464,3.3340948469426164,54.28147609957041,1004.3534498042192,3.3334999680519104,3.4238936060072467,3.243106330096574,5.423347161941754,0.7018942833410816,0.0,0.0,3.353999996185302,3.4140000104904176,3.293999981880188,3.577818388393332,0.6333323796592433,0.0,0.0,3.240000009536743,3.440000057220459,3.340000033378601,5.999701502940028,0.6499992251398027,0.0661904529119388,1.800095237611386,-0.0144522315085731,-0.0353590264422658,0.0209067949336927,3.3449999888738,3.3296153453680186,3.362871198250514,3.377323429759087,0.9608937475974992,0.92737421684802,0.0335195307494791,-0.1633915693068342,23.176456549155212,-0.0834999680519104,-28.698045821491867,-51.67193486291487,22.973889041423,3.3575000762939453,3.3324999809265137,3.345000028610229,3.507499933242798,99.97728345725822,18.063066531412613,22.303835555659184,18.815494614649488,72.9973406910993,3.509999990463257,3.555000066757202,92.0,12.0,80.0,3.2930221487880047,3.384464710426183,0.0,0.0,48.90401194064794,0.7044691806822113,0.8812685630881111,0.9020105040943628,-5.890071444126296,59.62852431256228,64.99992251398027,80.76923284619643,-35.000077486019734,0.0195882685044233,2.4316086514783986,-0.4279196769023695,-1.0435596477534126,0.615639970851043,-6.26970293717186,-1.6727166432271914,-4.596986293944669,3.390039883776552,-1.1730263714014644,-1.1799606060174606,-11.081796319823622,1.1730209680044226,3.32608699798584,2
2023-03-30,3.380000114440918,3.414999961853028,3.369999885559082,3.400000095367432,3.32608699798584,5639724,-323034910.920764,76654437,0.0451967646739468,57277.79263447548,0.017952971968191,0.0036184107887913,-35128.925557809256,3.3379470090446133,60.08670469323872,1013.294344533914,3.337999975681305,3.4321488612677937,3.2438510900948163,5.641035726327252,0.8292663492504722,0.0,0.0,3.3634999990463257,3.4200000286102297,3.3069999694824217,3.35959741816107,0.8230095329403607,0.0,0.0,3.240000009536743,3.440000057220459,3.340000033378601,5.991613215721928,0.8000002384185245,0.0640714152501395,1.4982225665999034,-0.0104198464986113,-0.0303711904535349,0.0199513439549235,3.357499996821085,3.3311538146092343,3.368583336268501,3.3790031827671125,1.0457139696393694,0.874285561697823,0.1714284079415463,-0.1403705341763611,23.16938006758156,-0.0380000233650208,-23.57854511140492,-46.386376861067085,22.807831749662167,3.3600000143051147,3.3324999809265137,3.346249997615814,3.507499933242798,99.98864172862912,17.797797273565685,23.90802326529528,17.907753322638342,106.94120688185856,3.5049999952316284,3.555000066757202,88.0,8.0,80.0,3.304780381462601,3.384464710426183,0.0,0.0,52.08369855362087,0.8750678944763854,0.839624527913573,0.8780378222611405,-4.3598709382897445,58.483820285437055,80.00002384185244,76.6666547457406,-19.99997615814755,0.0360147237777708,4.61538754976714,-0.3083704256850811,-0.8965218033397463,0.5881513776546652,-9.245281803253546,-3.1872296752324623,-6.058052128021084,3.390740568344608,0.8902139711311374,0.8862749265819758,-10.290234047783851,-0.890209861113263,3.286956548690796,3
2023-03-31,3.4200000762939453,3.430000066757202,3.359999895095825,3.359999895095825,3.286956548690796,9607339,-332642249.920764,67047098,0.0146312702374877,-5804.104038623787,0.0018215703078175,0.00499618854411,-62822.46940053566,3.3422616774247857,57.97969214963883,1013.294344533914,3.3414999723434446,3.4334293570688086,3.2495705876180807,5.502282536958543,0.6006202902785027,0.0,0.0,3.370999995867411,3.4280000607172645,3.313999931017558,3.3817896718914824,0.4035079977491076,0.0,0.0,3.240000009536743,3.440000057220459,3.340000033378601,5.985337403532964,0.5999992847444332,0.0646642908912632,1.467821778382573,-0.0103327249711782,-0.0263634973570635,0.0160307723858853,3.362499992052714,3.3311538146092343,3.3672628068573203,3.3775955318284985,1.056179432146098,0.8483144080845832,0.2078650240615147,-0.1208360741872163,23.279642860123047,-0.0415000200271604,-19.06582317635837,-41.08169133634691,22.01586815998853,3.365000009536743,3.3324999809265137,3.3487499952316284,3.507499933242798,99.99432086431456,17.7947805275218,23.722626399619227,16.568678452072756,77.45557783624213,3.449999988079071,3.555000066757202,84.0,4.0,80.0,3.31559795552323,3.384464710426183,0.0,0.0,47.81149084017723,0.6458524938134901,0.7417965229906955,0.8208965379974599,-4.276021608687753,52.585673100862834,59.99992847444332,68.33329161009199,-40.00007152555668,0.0451323502203999,1.8181801105005104,-0.3059195476133424,-0.7784013521944656,0.4724818045811232,-8.15754404550859,-4.181292549287688,-3.976251496220902,3.389994852818283,-1.1764764455774013,-1.18345169177283,-11.345648313594292,1.176471009890605,3.316304445266724,4
2023-04-03,3.369999885559082,3.4200000762939453,3.369999885559082,3.390000104904175,3.316304445266724,4721957,-333586614.30161244,71769055,0.0486984108628605,15262.153782037482,0.0,0.0064701884864646,-70867.45385533333,3.34903005475805,63.19075858032313,1022.3416790228232,3.346499979496002,3.4375549840013044,3.2554449749907,5.441805173357003,0.7388672958971714,0.0,0.0,3.38100000222524,3.440000089009603,3.3219999154408777,3.490096820202971,0.5762719444111032,0.0,0.0,3.240000009536743,3.440000057220459,3.340000033378601,5.976394708176174,0.7500002980231528,0.0641978799219489,1.2016259170986558,-0.0077535363826815,-0.0226415051621871,0.0148879687795056,3.370000004768372,3.3326922838504496,3.3707608527106823,3.378514389093364,1.096590616609636,0.8238635162923768,0.2727271003172592,-0.1025180095020316,23.393121197714844,-0.0365000367164611,-13.73812965390082,-35.57575789659481,21.837628242693988,3.384999990463257,3.3324999809265137,3.3587499856948853,3.507499933242798,99.99716043215729,17.79197926333819,22.190914464703518,15.498879429683402,85.75691097889347,3.4424999952316284,3.555000066757202,80.0,44.0,36.0,3.325550123659008,3.384464710426183,0.0,0.0,51.05423351292611,0.7552611084644788,0.7587271655847848,0.7800494054963512,-3.2570915641474194,51.02351624729932,73.6842435482697,71.22806528818847,-26.31575645173029,0.0435735281775979,2.727277390556298,-0.2294954376311593,-0.6686201692818043,0.439124731650645,-11.551285349655398,-5.65529110936123,-5.895994240294168,3.3899951594331426,0.8928634150297876,0.8889009583910923,-10.554086041554534,-0.8928592800418329,3.2673912048339844,0
2023-04-04,3.369999885559082,3.390000104904175,3.3299999237060547,3.3399999141693115,3.2673912048339844,6878642,-338172384.74600744,64890413,0.0073206423072108,-36051.49847208808,-0.0305293448795865,0.0038495853891559,-59294.654108889365,3.3542062224446303,56.9475837454309,1022.3416790228232,3.3459999799728397,3.4370824377900604,3.254917522155618,5.444259316341089,0.4670624511716168,0.0,0.0,3.3823333422342934,3.439333454767863,3.325333229700724,3.370460966802079,0.1286548729175744,0.0,0.0,3.240000009536743,3.440000057220459,3.340000033378601,5.977287772886935,0.4999994039536943,0.063778110049566,1.2676662816467548,-0.009633064397521,-0.0200398170092539,0.0104067526117328,3.372500002384186,3.336923049046443,3.3660284006273944,3.3756614650249155,1.0402296708620988,0.8678159344574256,0.1724137364046732,-0.0884839386913989,23.475911265353545,-0.0560000181198114,-10.563078756598449,-30.221639793751788,19.65856103715334,3.384999990463257,3.340000033378601,3.362500011920929,3.507499933242798,99.99858021607864,16.86816859331829,20.748202950735717,18.82546489877657,12.95508733802915,3.439999938011169,3.552500009536743,76.0,40.0,36.0,3.325550123659008,3.440000057220459,0.0,1.0,45.931728019302334,0.3819208489949572,0.5943448170909753,0.6982895018888186,-3.91660975038368,46.8135608624309,44.44438557568132,59.37618586613143,-55.55561442431869,0.0331617579740632,0.9063435621868414,-0.2853682010867756,-0.5919697756427986,0.306601574556023,-12.279836683296608,-6.980200224148306,-5.299636459148302,3.389473474721786,-1.4749318344424278,-1.4859171046744946,-11.87335230113563,1.4749321493251983,3.286956548690796,1
2023-04-05,3.3399999141693115,3.369999885559082,3.299999952316284,3.359999895095825,3.286956548690796,8876929,-331831721.17457885,73767342,0.0413384982681571,-5538.654306644625,-0.0197140813763836,0.0017942798955312,-48300.06648911014,3.3589512964760107,48.827884232668055,1022.3416790228232,3.347499978542328,3.438467078659756,3.2565328784249004,5.434927599733064,0.5687056998484135,0.0,0.0,3.377833326657613,3.4353334267934166,3.32033322652181,3.404555203006421,0.3449269521299162,0.0,0.0,3.240000009536743,3.440000057220459,3.340000033378601,5.974609379110617,0.5999992847444332,0.0644002923688892,1.264538542660882,-0.009400410495949,-0.0179119357065929,0.0085115252106439,3.378333330154419,3.338846124135531,3.3651009382379224,3.3745013487338715,0.9941859191789536,0.9127907282987326,0.081395190880221,-0.0766036091396831,23.610901812234943,0.0124999165534971,-7.99943844172761,-25.124002193097777,17.124563751370168,3.370000004768372,3.340000033378601,3.3550000190734863,3.507499933242798,99.99929010803932,15.924969829695565,19.181400110431664,20.640219717391133,-6.227821830412589,3.439999938011169,3.552500009536743,72.0,36.0,36.0,3.325550123659008,3.437800054550171,0.0,0.0,48.17178728533724,0.5451816417163247,0.5607878663919202,0.6379532830225602,-3.805220621414618,48.27739830562654,51.515042048377175,56.54789039077605,-48.484957951622825,0.0271911550970638,2.1276575700435973,-0.2785718399394376,-0.5292901885021264,0.2507183485626887,-10.861249675404014,-7.756410114399448,-3.1048395610045665,3.389029098122548,0.5988018395350014,0.5970161462834023,-11.345648313594292,-0.5988062839817019,3.257608652114868,2
2023-04-06,3.380000114440918,3.400000095367432,3.3299999237060547,3.3299999237060547,3.257608652114868,7456774,-339288495.17457885,66310568,-0.0058496144915413,-36704.99035712176,0.0281624666617372,0.0036472381601727,-13423.06372411752,3.368130708180156,42.61736759307683,1013.2136367374588,3.3459999799728397,3.4370824377900604,3.254917522155618,5.444259316341089,0.4121671908607663,0.0,0.0,3.37649998664856,3.4350000858306884,3.3179998874664305,3.465132498945742,0.1025642384149159,0.0,0.0,3.240000009536743,3.440000057220459,3.340000033378601,5.977287772886935,0.4499994635583249,0.064960280298138,1.391238290659863,-0.0115041647238625,-0.0166303815100468,0.0051262167861843,3.3758333325386047,3.3403845842068014,3.3597007821560965,3.371204946879959,1.0115603909287505,0.8786125877117301,0.1329478032170201,-0.068262660932692,23.77511065392772,0.0440001249313355,-6.249677991624966,-20.425500398058084,14.175822406433117,3.370000004768372,3.340000033378601,3.3550000190734863,3.507499933242798,99.99964505401964,15.121717313717957,20.96202019728502,19.087909908244427,12.35413639481716,3.439999938011169,3.552500009536743,68.0,32.0,36.0,3.325550123659008,3.4322880504608158,0.0,0.0,45.15008590876795,0.3249529318843847,0.4173518075318888,0.5241614970049281,-4.609266488436092,41.5862432730188,31.24995343389625,42.40312701931823,-68.75004656610375,0.0243382320684544,-0.8928563192385138,-0.3412478595971918,-0.4916817227211395,0.1504338631239477,-10.964258548073548,-8.397979801134268,-2.5662787469392807,3.387597145732945,-0.8928563192385108,-0.8968661672374312,-12.1372042949063,0.8928592800418045,3.355434894561768,3
2023-04-11,3.380000114440918,3.450000047683716,3.380000114440918,3.430000066757202,3.355434894561768,11196644,-334489933.4602931,77507212,0.0376603334602626,128490.86565000589,0.031259381551519,0.0062377603784677,269657.76637757727,3.377623692662347,50.61972545652921,1013.2136367374588,3.3519999861717222,3.448457314586165,3.255542657757279,5.75521054966387,0.9043242844667074,0.0,0.0,3.382666659355164,3.4436667442321776,3.321666574478149,3.606627020626528,0.8879782093538917,0.0,0.0,3.240000009536743,3.450000047683716,3.345000028610229,6.26491763166178,0.9047620128882248,0.0704642646660903,1.2749606707994792,-0.0050440842348269,-0.0143131220550029,0.0092690378201759,3.379166662693024,3.3449999735905576,3.370516056710113,3.37556014094494,1.0052354648506605,0.7539266610511475,0.2513088037995128,-0.0567419213841428,23.952165489056803,0.0280001282691957,-1.318908423252951,-16.068516511578636,14.749608088325685,3.375,3.345000028610229,3.3600000143051147,3.507499933242798,99.99982252700984,15.23520811828797,23.486272066234832,16.760756678032422,121.29306918666116,3.439999938011169,3.552500009536743,100.0,28.000000000000004,72.0,3.299999952316284,3.4322880504608158,1.0,0.0,55.23101376501023,1.0,0.6233781912002364,0.5338392883746819,-2.047131807612554,49.81979136883776,87.50001862644146,56.75500470290495,-12.499981373558535,0.0301029562950132,1.1799398411569673,-0.1494295472221958,-0.4232312876213508,0.2738017403991549,-7.429764935864673,-8.204336828080349,0.7745718922156755,3.3887842890915927,3.003007367635435,2.9587999559332,-9.498678066471856,-3.003007816282363,3.345652341842652,1
2023-04-12,3.450000047683716,3.4800000190734863,3.4200000762939453,3.4200000762939453,3.345652341842652,14541094,-349031027.4602931,62966118,-0.0267730217650742,89362.05608210203,0.0144418019343646,0.0052751953608321,293842.22544463817,3.3879241229087045,52.55113606960607,1013.2136367374588,3.358499991893768,3.4548899174852306,3.2621100663023057,5.74005811071095,0.8190171795589831,0.0,0.0,3.385666664441427,3.446666749318441,3.3246665795644126,3.60343122479709,0.7814210170505502,0.0,0.0,3.240000009536743,3.4800000190734863,3.3600000143051147,7.146047643770087,0.7500002483526766,0.0694178324774354,1.2773394336132835,-0.0007230052078961,-0.0115950986855815,0.0108720934776854,3.382499992847442,3.3499999779921312,3.378128982799933,3.3788519880078294,1.0374329369045914,0.7807485567409888,0.2566843801636026,-0.0440456650775909,24.148873718099846,0.001499903202057,2.4838438301067427,-12.0808670606948,14.564710890801544,3.3899999856948853,3.3600000143051147,3.375,3.507499933242798,99.99991126350491,15.789202801398575,25.11961551805414,15.728232234997094,141.32171749203212,3.434999942779541,3.552500009536743,96.0,24.0,72.0,3.302999954223633,3.4322880504608158,0.0,0.0,54.15905209265462,0.893664384108073,0.7395391053308192,0.5934230346876481,-0.3519119418276369,43.561624730472445,66.66671081823901,61.80556095952556,-33.33328918176098,0.0415441456963034,1.1834307839851566,-0.0213979544076574,-0.3428646209786122,0.3214666665709547,-1.784908698237991,-6.920451202111878,5.135542503873888,3.3889142195273987,-0.2915449057909525,-0.2919707257904802,-9.762530060242526,0.29154351154215874,3.345652341842652,2
2023-04-13,3.430000066757202,3.450000047683716,3.4100000858306885,3.4200000762939453,3.345652341842652,8148929,-353105491.9602931,71115047,-0.0137874338885214,76596.04807037317,-0.0098172222892336,0.002804252217737,-42393.81880327361,3.390552789577204,42.80113207599554,1013.2136367374588,3.3669999957084658,3.4530466105412674,3.280953380875664,5.111174038757085,0.8079730718545102,0.0,0.0,3.387833333015442,3.445333409309387,3.3303332567214965,3.394504430521416,0.779710439983283,0.0,0.0,3.25,3.4800000190734863,3.365000009536743,6.831007406196655,0.7391307052006344,0.0664760454149946,1.2797137747330658,0.0026706949437782,-0.0087419399597095,0.0114126349034878,3.387500007947286,3.354999982393705,3.38457068949132,3.381899994547542,0.9560437976934738,0.8626372935389706,0.0934065041545032,-0.0310183081522186,24.18888906948832,0.0530000805854795,6.34221960250173,-8.187504235806623,14.529723838308351,3.3899999856948853,3.3600000143051147,3.375,3.507499933242798,99.99995563175246,16.072091166765425,24.05567419350607,16.120937962109412,109.88510827337716,3.419999957084656,3.5374999046325684,92.0,20.0,72.0,3.310079956817627,3.4322880504608158,0.0,0.0,54.15905209265462,0.893664384108073,0.929109589405382,0.7640089619788125,0.9971203783748144,45.675138344399706,66.66671081823901,73.61114675430647,-33.33328918176098,0.0545147418975831,1.7857197342682936,0.0789702518727363,-0.2584976464083425,0.3374678982810788,-2.844230635121036,-6.10520708871371,3.2609764535926744,3.389121817630868,0.0,0.0,-9.762530060242526,0.0,3.335869550704956,3
2023-04-14,3.4100000858306885,3.4200000762939453,3.390000104904175,3.4100000858306885,3.335869550704956,6560270,-350918735.2936264,64554777,-0.0281037495958341,56281.9501408356,-0.0114324344804285,0.0031528554379714,-19182.05730202196,3.393594070065007,44.0937699039297,1010.2510266560006,3.372500002384186,3.4546889311863413,3.2903110735820302,4.87406545554053,0.7281334237654596,0.0,0.0,3.3915000120798746,3.448000065485637,3.334999958674113,3.3318621969346687,0.663717312070071,0.0,0.0,3.259999990463257,3.4800000190734863,3.370000004768372,6.523351473823593,0.681818526638396,0.0628284380124722,1.286754511911807,0.0045014215220233,-0.0060932676633629,0.0105946891853863,3.3866666754086814,3.357307681670556,3.3884829043127613,3.383981482790738,0.9602272234672956,0.8579544469345912,0.1022727765327042,-0.0188466906625475,24.208219159248397,0.0375000834465026,9.993824213449406,-4.457240977489476,14.45106519093888,3.3899999856948853,3.3600000143051147,3.375,3.507499933242798,99.99997781587624,15.875307057846408,23.259955579266595,17.792900131075452,66.34076996496174,3.4074999690055847,3.5124999284744263,88.0,16.0,72.0,3.316876759307861,3.4322880504608158,0.0,0.0,52.9667966388563,0.7753959597328253,0.8542415759829903,0.8409634235730638,1.7751754473794037,45.687157525784414,61.11116262127885,64.81486141925227,-38.88883737872115,0.0669706547961519,-0.2923973754437234,0.1330214584481441,-0.1801938254370451,0.3132152838851894,-5.061592859313788,-5.896484242833727,0.8348913835199383,3.389529776449121,-0.2923973754437203,-0.292825691696974,-10.026382054013194,0.2924030992505209,3.316304445266724,4
2023-04-17,3.4200000762939453,3.430000066757202,3.380000114440918,3.390000104904175,3.316304445266724,4606026,-353682350.89362645,59948751,-0.0444898251731085,35081.60981399822,0.0,0.0032639833104169,-46196.84610798329,3.3961436794445263,45.0972173225232,1004.3258064930842,3.3770000100135804,3.452392443378341,3.30160757664882,4.465053783903142,0.5862161778735665,0.0,0.0,3.3920000235239662,3.4490000645319627,3.33499998251597,3.360851451220122,0.4824568668335579,0.0,0.0,3.275000095367432,3.4800000190734863,3.377500057220459,6.070474477292934,0.560975865052707,0.0615455894428534,1.3026658863227976,0.0042890131373711,-0.0040168115032161,0.0083058246405873,3.385000010331472,3.3596153809474063,3.3887163197883634,3.384427306650992,0.9435026696117392,0.8361581190329754,0.1073445505787638,-0.0088941458542276,24.24679955301704,-0.0070001244544983,12.888061346165207,-0.9068093638757438,13.794870710040954,3.3899999856948853,3.3600000143051147,3.375,3.507499933242798,99.99998890793812,15.69257895670732,21.95638016976479,16.795719074751066,47.37835441997439,3.4074999690055847,3.5124999284744263,84.0,12.0,72.0,3.3234016896984864,3.4322880504608158,0.0,0.0,50.56907927405923,0.5375490671660494,0.7355364703356492,0.8396292119080071,1.765317031395991,45.74666357583897,50.00006622735852,59.259313222292114,-49.99993377264148,0.0738677291309133,-0.5865096898272248,0.1267278847721892,-0.1188094833951983,0.2455373681673875,-8.67488435287082,-6.452164264841146,-2.222720088029673,3.3895330903696035,-0.5865096898272193,-0.5882364128172224,-10.554086041554534,0.5865069104425089,3.32608699798584,0
2023-04-18,3.369999885559082,3.4100000858306885,3.359999895095825,3.400000095367432,3.32608699798584,6273139,-349918455.5286089,66221890,-0.0362768310083525,39031.569865525234,-0.0159411232798528,-0.0009742985336042,-8509.972217921568,3.394979571026156,39.30410860291511,1004.3258064930842,3.381500017642975,3.450861517896251,3.312138517389699,4.102410166575917,0.6333598441275302,0.0,0.0,3.392666697502136,3.447666740417481,3.337666654586792,3.242289786723719,0.5666672013018551,0.0,0.0,3.2799999713897705,3.4800000190734863,3.3799999952316284,5.91453634896394,0.6000004768370467,0.0603910495720543,1.3234728031174567,0.0048714387061523,-0.0022391614613424,0.0071106001674948,3.3875000278155007,3.361153850188622,3.390452285262066,3.385580846555914,0.8895347128695416,0.9360462376209628,-0.0465115247514211,-0.0002616670479881,24.31012147185364,0.018500077724457,16.245865071588998,2.4247456056231247,13.821119465965872,3.3899999856948853,3.3600000143051147,3.375,3.507499933242798,99.99999445396908,15.048221102808924,20.70662931741148,18.11651636444881,19.702458189418227,3.4049999713897705,3.5124999284744263,80.0,8.0,72.0,3.3296656228734864,3.4322880504608158,0.0,0.0,51.74529936620116,0.6542268282724935,0.6557239517237893,0.748500666014143,2.0754066210259645,43.965842896421954,55.55561442431893,55.55561442431875,-44.44438557568107,0.0639706506448636,0.8902139711311303,0.1438878268438925,-0.0662700213473801,0.2101578481912726,-10.006384690496803,-7.163008349972278,-2.843376340524525,3.3897702901574704,0.2949849602892573,0.2945507333817376,-10.290234047783851,-0.29498355415101685,3.296739101409912,1
2023-04-19,3.380000114440918,3.400000095367432,3.3399999141693115,3.369999885559082,3.296739101409912,8400450,-349918488.9088974,57821440,-0.0212858521746684,-2546.5490416289613,-0.0107137339030923,-0.0015985660461161,-55617.317357759246,3.392211281237271,39.7281275739395,1004.3258064930842,3.3855000138282776,3.441168823813154,3.3298312038434013,3.288661040170949,0.3607826512421721,0.0,0.0,3.3903333584467577,3.4463334004084274,3.334333316485087,3.303512430254113,0.3184512709687554,0.0,0.0,3.289999961853028,3.4800000190734863,3.384999990463257,5.612171213835236,0.4210521032276833,0.060351962734661,1.4014430138959648,0.0028790609339486,-0.0012155169822842,0.0040945779162328,3.385000010331472,3.3634615402955275,3.387305762230838,3.3844267012968894,0.8757395197551376,0.9526625532702512,-0.0769230335151136,0.005377078107625,24.392683941977328,-0.0255001187324523,15.68055317265438,5.340704708873439,10.33984846378094,3.3899999856948853,3.3600000143051147,3.375,3.507499933242798,99.99999722698452,13.997264123568996,19.287858352752405,19.15912884553583,-44.890226474840645,3.409999966621399,3.5124999284744263,76.0,4.0,72.0,3.3356789987214865,3.4322880504608158,0.0,0.0,48.05123990351328,0.2877864057869329,0.4931874337418252,0.6281492852670879,1.320241925123431,48.45974584780559,38.88883737872115,48.14817267679951,-61.11116262127885,0.0455441685283886,-0.8823590872607897,0.0850679062674157,-0.0360024358244209,0.1210703420918367,-8.888722830717267,-7.508151246121276,-1.380571584595991,3.3895417024277776,-0.8823590872607867,-0.8862749265819758,-11.081796319823622,0.8823550494529968,3.335869550704956,2
2023-04-20,3.390000104904175,3.440000057220459,3.380000114440918,3.4100000858306885,3.335869550704956,9561475,-349918488.9088974,67382915,-0.0660553155275711,52454.51723459778,0.0251007566815371,0.0014707863497563,39367.755632790126,3.3951602489472785,47.42512525589351,1004.3258064930842,3.388000023365021,3.443353575274071,3.3326464714559707,3.267624057102107,0.6987231325445492,0.0,0.0,3.3960000356038416,3.452000053723653,3.340000017484029,3.2979986768377523,0.6250004080078511,0.0,0.0,3.299999952316284,3.4800000190734863,3.3899999856948853,5.312870882994355,0.6111116262127885,0.0613167836273326,1.3548632775519638,0.0044761705536444,-7.717947509849963e-05,0.0045533500287429,3.38916669289271,3.368076929679284,3.3907971966308152,3.386321026077171,0.9532162063056746,0.859648897768768,0.0935673085369066,0.0110727320312172,24.445864874357927,0.0020000815391538,15.850524879413936,7.990700633444722,7.859824245969214,3.4049999713897705,3.3600000143051147,3.382499992847442,3.507499933242798,99.99999861349228,13.828905629010046,22.28833860237861,17.640521393406814,64.3501669001262,3.4112499952316284,3.5124999284744263,72.0,16.0,56.0,3.3399999141693115,3.4322880504608158,0.0,0.0,52.88126268269637,0.7669112292219364,0.5696414877604542,0.572850957742023,2.0229779188917294,43.52838394865896,61.11116262127885,51.85187147477296,-38.88883737872115,0.0377206395654119,1.4881009611887892,0.1321838809485175,-0.0023651724698332,0.1345490534183508,-6.787298982481064,-7.3639807933932335,0.5766818109121701,3.3905375614963047,1.1869496032629767,1.1799606060174606,-10.026382054013194,-1.186944070833789,3.384782552719116,3
2023-04-21,3.4200000762939453,3.5,3.4100000858306885,3.4600000381469727,3.384782552719116,5645661,-349291193.2422307,73028576,-0.0733390367085052,85287.12631449886,0.0717363702007917,0.0053124576520849,196270.76162808065,3.398255580942112,47.47578619079232,1019.0519769243776,3.391500020027161,3.455147613562939,3.3278524264913822,3.7533594668985786,1.038119466223857,1.0,0.0,3.407333381970724,3.465333398183187,3.34933336575826,3.404422738283245,0.954022771160292,0.0,0.0,3.299999952316284,3.5,3.399999976158142,5.897097051531615,0.8000002384185223,0.0641850966815305,1.3458183413649,0.0096650569583673,0.0018712678115946,0.0077937891467727,3.395000020662944,3.376153854223398,3.401443787633301,3.391778730674934,0.9666664723999028,0.8277774804907609,0.1388889919091418,0.0194340067423246,24.56161488901956,-0.051500105857849,16.897575817831452,10.562617723384324,6.334958094447128,3.419999957084656,3.375,3.397499978542328,3.507499933242798,99.99999930674612,14.649974356493347,26.67711976017988,15.895967434703822,174.43555907215037,3.408749997615814,3.507499933242798,100.0,12.0,88.0,3.3399999141693115,3.4322880504608158,0.0,0.0,58.12263968789475,1.0,0.684899211669623,0.5825760443906342,4.233172859887827,49.20568215113578,80.00002384185223,60.00000794728405,-19.99997615814777,0.0434559212011449,2.0648947220246927,0.2849554091178621,0.0550989438477058,0.2298564652701563,-8.873311979639716,-7.665847030642531,-1.2074649489971856,3.395424144686899,1.4662742245680649,1.4556283629054478,-8.707122085159845,-1.4662744232256841,3.414130449295044,4
2023-04-24,3.4800000190734863,3.505000114440918,3.440000057220459,3.490000009536743,3.414130449295044,6418295,-345835206.35157305,79446871,-0.0962802118594347,100610.2034654429,0.0177228343486527,0.0064482622264303,138430.7750114082,3.4042703025055534,54.77552127771515,1019.0519769243776,3.397000014781952,3.473446181557428,3.320553848006476,4.500804618358726,1.1082711447647453,1.0,0.0,3.419833389918009,3.4773333946863816,3.362333385149637,3.3627371987119283,1.1101444678255823,1.0,0.0,3.299999952316284,3.505000114440918,3.402500033378601,6.034741278556998,0.92682881443257,0.0642665927354233,1.2614982459823216,0.0160134408112986,0.0046997024115354,0.0113137383997631,3.407500028610229,3.3834615487318773,3.4150678217722925,3.399054380960994,1.0111728956452293,0.8379884845278492,0.17318441111738,0.030917033168518,24.61498912617002,-0.0370001196861267,20.611940918708672,12.99937876138006,7.612562157328613,3.4225000143051147,3.3825000524520874,3.402500033378601,3.507499933242798,99.99999965337308,15.485512556266867,25.32115308910992,14.7606075388463,196.72780996830087,3.408749997615814,3.507499933242798,100.0,8.0,92.0,3.349599919319153,3.4322880504608158,0.0,0.0,60.9308018723729,1.0,0.9223037430739788,0.7256148141680187,6.9662254694775285,54.85497341925578,92.682881443257,77.93135596879601,-7.3171185567429955,0.0518823869088116,4.491020934793587,0.4711145811904088,0.1383020713162464,0.3328125098741624,-9.728613200096532,-8.07840026453333,-1.6502129355632018,3.409490960819755,0.8670511866767816,0.863313885215744,-7.915566103847837,-0.8670541199862782,3.384782552719116,0
2023-04-26,3.4600000381469727,3.5,3.4600000381469727,3.4600000381469727,3.384782552719116,9339472,-355174678.35157305,70107399,-0.1595052695019658,46211.04685672782,0.0032121413674366,0.0066777008955329,-24632.014525170613,3.410386483644664,48.33590283307773,1019.0519769243776,3.402000021934509,3.4811455521052186,3.3228544917638003,4.652882402140839,0.8664137196842504,0.0,0.0,3.42516671816508,3.4796667257944747,3.370666710535685,3.182327291711597,0.8195716982166561,0.0,0.0,3.299999952316284,3.505000114440918,3.402500033378601,6.025871863694543,0.7804876063142494,0.0618399296471837,1.2606328426148232,0.0184115963594386,0.0074420812011161,0.0109695151583225,3.415833373864492,3.389615398186904,3.42198047044532,3.4035688740858814,1.034285381083858,0.8399997384209729,0.1942856426628852,0.0421942865397948,24.59623705998493,-0.0720000982284547,21.84277489057567,15.150371101432164,6.692403789143505,3.4225000143051147,3.390000104904175,3.4062500596046448,3.507499933242798,99.99999982668652,16.261369456056563,24.17676005115093,14.093499826805909,160.9659999846137,3.408749997615814,3.507499933242798,96.0,4.0,92.0,3.362031934928894,3.4322880504608158,0.0,0.0,56.82703599527848,0.7399505899124644,0.9133168633041548,0.8401732726825856,8.061000081876973,50.78293110384744,78.04876063142494,83.57722197217804,-21.95123936857506,0.0658823903869176,2.976194826586312,0.5409497219116389,0.2188316014353249,0.3221181204763139,-7.341061201139743,-7.930932451854614,0.5898712507148707,3.41052464942831,-0.859598031741915,-0.863313885215744,-8.707122085159845,0.8596009148387225,3.335869550704956,2
2023-04-27,3.450000047683716,3.450000047683716,3.3949999809265137,3.4100000858306885,3.335869550704956,5355369,-357608920.104394,64752030,-0.1973986501151836,1356.8695006086418,-0.0590529634988714,0.004640299565584,-157671.56826278835,3.414257321907639,48.93553407941407,1004.3258064930844,3.4015000224113465,3.480310013916168,3.322690030906525,4.633837482614658,0.553927574772178,0.0,0.0,3.4230000495910646,3.4770000696182253,3.369000029563904,3.1551282059497407,0.3796300098237232,0.0,0.0,3.299999952316284,3.505000114440918,3.402500033378601,6.026757629691497,0.536585592783715,0.0621559424045112,1.2544607173064686,0.016092074209709,0.0091720798028346,0.0069199944068743,3.4225000540415444,3.3934615575350247,3.4201373343507613,3.404045260141052,1.01704502044167,0.8522724255552035,0.1647725948864665,0.0498675028796837,24.66250044990747,0.0285000443458556,21.22836618800348,16.804387388710136,4.423978799293341,3.4225000143051147,3.392500042915344,3.407500028610229,3.497499942779541,99.99999991334326,15.436124000140426,22.404733005131693,20.38998626310612,31.99999382382992,3.403750002384186,3.507499933242798,92.0,52.0,40.0,3.373469389289856,3.4322880504608158,0.0,0.0,50.69827987581616,0.3515806240885394,0.6971770713336678,0.8442658925706006,7.103444187974434,50.24399085347791,53.6585592783715,74.79673378435113,-46.3414407216285,0.073808863583733,2.4024073260518053,0.4727338498737304,0.269612051123006,0.2031217987507243,-9.434889284853778,-8.231723818454448,-1.20316546639933,3.410520695604459,-1.4450853111279691,-1.4556283629054478,-10.026382054013194,1.445085504085526,3.345652341842652,3
2023-04-28,3.4200000762939453,3.450000047683716,3.400000095367432,3.4200000762939453,3.345652341842652,8890544,-359387028.90439403,73642574,-0.2218382432104586,13863.796030973876,0.0014060190446269,0.0061488781670848,-51317.69975652457,3.420576862387425,56.75573188522219,1004.3258064930844,3.402000021934509,3.4811455521052186,3.3228544917638003,4.652882402140839,0.6137149142889782,0.0,0.0,3.4226667165756224,3.477666735649109,3.3676666975021363,3.21386939646369,0.4757578240280757,0.0,0.0,3.299999952316284,3.505000114440918,3.402500033378601,6.025871863694543,0.5853659954898218,0.0609403433956885,1.2810838851863455,0.0148891193520359,0.0103154877126749,0.004573631639361,3.42166672150294,3.3984615619365988,3.420116217726636,3.4052270983746,1.0581391609446251,0.8255808537818705,0.2325583071627548,0.05527583395161,24.639150190453545,0.0180000543594358,22.009751951286333,18.139490470692017,3.870261480594316,3.4225000143051147,3.3975000381469727,3.410000026226044,3.3874999284744263,99.99999995667164,14.669824648218295,21.12224626867177,19.222827210907457,40.07392684032464,3.3487499952316284,3.507499933242798,88.0,48.0,40.0,3.383991847301941,3.4322880504608158,0.0,0.0,51.8175146937021,0.4225048344011282,0.5046786828007105,0.7050575391461779,6.659007423210587,46.59847119918051,51.42860256892333,61.04530749290657,-48.57139743107667,0.0740147387280183,-0.2915449057909508,0.4372430654960696,0.3031382539976188,0.1341048114984508,-7.362085753952867,-8.057796205554132,0.6957104516012649,3.410560151923666,0.2932548449136041,0.292825691696974,-9.762530060242526,-0.2932606023406521,3.365217447280884,4
2023-05-01,3.450000047683716,3.490000009536743,3.440000057220459,3.440000057220459,3.365217447280884,6305314,-365692342.904394,79947888,-0.2640617503260589,29898.41941736041,0.0317192162881109,0.0064029317118257,62945.096318147785,3.4271299024345665,56.39165909063216,1010.199051091264,3.405500030517578,3.4848663552177555,3.326133705817401,4.661067331607976,0.7173467577918706,0.0,0.0,3.427666711807251,3.4846667289733886,3.370666694641113,3.325878619983101,0.6081872078850437,0.0,0.0,3.299999952316284,3.505000114440918,3.402500033378601,6.019678763399607,0.6829268009020356,0.0618463023803994,1.137156740706561,0.0153723968525318,0.0113268695406463,0.0040455273118855,3.423333386580149,3.4015384912490845,3.423175269956455,3.407802873103923,1.046511286203915,0.7906974100822743,0.2558138761216406,0.0599808074264776,24.59733034926525,0.014500045776367,23.0916906334552,19.27322705816868,3.8184635752865184,3.4225000143051147,3.402500033378601,3.412500023841858,3.372499942779541,99.9999999783358,14.699642877759173,23.98395829384863,17.69564056825186,102.0776210921889,3.341250002384186,3.507499933242798,84.0,44.0,40.0,3.3936725086730597,3.4322880504608158,0.0,0.0,54.06362233236049,0.4668157537798276,0.4136337374231649,0.5384964971858478,6.942133468009133,45.25642264551295,60.60607374205453,55.2310785297831,-39.39392625794547,0.0727794422822842,0.5847947508874469,0.4510940751256036,0.3327294182232158,0.1183646569023878,-8.31912534401544,-8.110062033246393,-0.2090633107690465,3.411033549495776,0.5847947508874407,0.5830914636476558,-9.234826072701184,-0.584791946059056,3.375,0
2023-05-02,3.430000066757202,3.470000028610229,3.4200000762939453,3.450000047683716,3.375,9624146,-363767513.7043939,89572034,-0.2571365220607612,39375.98353159342,-0.0103905124948465,0.0034279392799425,64850.28675714764,3.429572273516256,46.97860847562716,1010.199051091264,3.4080000281333924,3.4896334403634586,3.3263666159033263,4.79069316644213,0.7572477273886054,0.0,0.0,3.4323333740234374,3.489333391189575,3.3753333568573,3.3213566955660503,0.6549707749103426,0.0,0.0,3.299999952316284,3.505000114440918,3.402500033378601,6.015262923484046,0.7317072036081426,0.0606616673739878,1.1776905955291512,0.0163735690981088,0.0123362094521388,0.0040373596459699,3.4258333841959634,3.40384618135599,3.427302158837572,3.4109285897394632,1.0253161233390302,0.9240504228005368,0.1012657005384933,0.06446950256736,24.55780656481814,0.002000057697296,25.0328531271584,20.24955906434306,4.78329406281534,3.4225000143051147,3.402500033378601,3.412500023841858,3.372499942779541,99.9999999891679,14.271908344628187,22.60264927164534,18.980216389309767,72.25129983808344,3.351249992847442,3.507499933242798,80.0,40.0,40.0,3.400000095367432,3.4322880504608158,0.0,0.0,55.18845007771403,0.5541500705891388,0.4811568862566981,0.4664897688268579,7.495106376003107,43.8228520993211,66.66666666666667,59.56711432588149,-33.333333333333336,0.0635294339236089,0.8771921263311704,0.4800325972042555,0.3621900540194237,0.1178425431848317,-5.559598735837815,-7.599969373764678,2.0403706379268627,3.4124932693183685,0.2906973923522793,0.2902756845473808,-8.970974078930515,-0.290696006197777,3.355434894561768,1
2023-05-03,3.4200000762939453,3.450000047683716,3.400000095367432,3.430000066757202,3.355434894561768,8461982,-362075117.304394,81110052,-0.1871568418640346,9573.77465557979,-0.0118175398228481,0.0015522720115701,-21077.779197296462,3.427871181127554,35.67348850579752,1004.3428303739996,3.411500036716461,3.4905633754871124,3.33243669794581,4.63510701566628,0.6169949962169337,0.0,0.0,3.4360000451405845,3.4930000384648645,3.3790000518163046,3.317810976451707,0.447368604508006,0.0,0.0,3.299999952316284,3.505000114440918,3.402500033378601,6.009091599540026,0.6341463981959288,0.0595954958682174,1.2617450675205732,0.0153759298536613,0.0129441535324433,0.0024317763212179,3.427500049273173,3.405769256445078,3.4277172215944383,3.412341291740777,0.9487177057536506,0.9871791971898404,-0.0384614914361898,0.0673360209636397,24.55995601569029,-0.0214999318122863,24.90318502161892,21.27429593645023,3.628889085168691,3.442500114440918,3.402500033378601,3.4225000739097595,3.372499942779541,99.99999999458396,13.437526794295875,21.28263087386835,20.207793774152407,26.609186305183897,3.351249992847442,3.507499933242798,76.0,36.0,40.0,3.400000095367432,3.505000114440918,0.0,1.0,52.4236047904113,0.3394808687958164,0.4534822310549275,0.4494242849115969,7.186463846409147,44.45958455417729,54.5454808174424,60.60607374205451,-45.4545191825576,0.0489265014143551,0.5865096898272248,0.4505976553657508,0.3798715742886892,0.0707260810770616,-4.529814488072294,-6.985938396626201,2.4561239085539075,3.4127747809373568,-0.5797095840604838,-0.5813964224045565,-9.498678066471856,0.5797068277994555,3.3945653438568115,2
2023-05-04,3.400000095367432,3.494999885559082,3.400000095367432,3.470000028610229,3.3945653438568115,7499832,-358522551.4354493,88609884,-0.1558096935120557,51062.23454822703,0.0285004727893775,0.0042892502314709,38406.59190004457,3.429942994308328,43.21546026452844,1016.0552718085278,3.415500032901764,3.497834788967235,3.3331652768362923,4.821241708232159,0.8309659147172772,0.0,0.0,3.4445000489552817,3.505000003178914,3.384000094731649,3.512843859124465,0.7107437929679191,0.0,0.0,3.299999952316284,3.505000114440918,3.402500033378601,6.002054169224187,0.8292680090203541,0.0631359253005607,1.268616064970135,0.0176099595409744,0.0138773147341495,0.0037326448068248,3.4341667095820108,3.4100000308110165,3.4342222688276367,3.4166123092866623,0.9640716066613296,0.8982035517799444,0.0658680548813852,0.0711672095754075,24.67837606897724,-0.0154999375343316,25.71253572021257,22.37007491876119,3.3424608014513844,3.450000047683716,3.402500033378601,3.4262500405311584,3.372499942779541,99.99999999729198,13.498020732178812,24.067072988138392,18.050773645797708,80.13492518913519,3.351249992847442,3.507499933242798,72.0,32.0,40.0,3.400000095367432,3.5029001140594485,0.0,0.0,57.057292288490544,0.6992514502241781,0.5309607965363776,0.4885333046160012,8.260371362192203,46.79389376129774,78.78785251589068,66.66666666666656,-21.21214748410933,0.04885296681348,2.3598796823139216,0.5154216500686651,0.4069815894446844,0.1084400606239807,-4.6359115625766325,-6.515933029816288,1.8800214672396551,3.4168005027306214,1.1661796231637878,1.159432156320106,-8.443270091389188,-1.1661811516135572,3.375,3
2023-05-05,3.4600000381469727,3.470000028610229,3.440000057220459,3.450000047683716,3.375,3878612,-359815422.1021159,84731272,-0.137817788235387,32685.89160971669,0.0058010793290069,0.0055202155035735,65106.42166740178,3.432370880430552,44.33995610437261,1010.199051091264,3.421000039577484,3.4968684017642158,3.345131677390753,4.435449360363137,0.6911205624477256,0.0,0.0,3.4488333781560265,3.5063333352406816,3.3913334210713706,3.334458396792643,0.510144959986423,0.0,0.0,3.299999952316284,3.505000114440918,3.402500033378601,5.992404552849775,0.7317072036081426,0.0598223299094816,1.2957357523243545,0.0175641443270282,0.0146146806527252,0.0029494636743029,3.4383333722750344,3.411153875864469,3.4366496194208795,3.4190854750938517,1.035927822276232,0.8922153910464266,0.1437124312298054,0.0741819359832646,24.64307129934933,-0.0510001540184021,26.16537204680868,23.39983005531421,2.765541991494466,3.450000047683716,3.402500033378601,3.4262500405311584,3.372499942779541,99.999999998646,13.55419367449868,23.22401869032065,17.418466497000466,71.05236620488152,3.357499957084656,3.507499933242798,68.0,28.000000000000004,40.0,3.400000095367432,3.500842113685608,0.0,0.0,54.21412540666803,0.4785011724820655,0.5057444971673531,0.4967291749195528,8.346767148249455,48.25003278544399,66.66666666666667,66.66666666666657,-33.333333333333336,0.0498529588474943,1.4705867915830255,0.5137088398337313,0.4283270395224938,0.0853818003112374,-8.478170070542285,-6.908380437961487,-1.5697896325807985,3.4175528568537348,-0.5763683216603144,-0.5780357339155495,-8.970974078930515,0.5763725801366348,3.414130449295044,4
2023-05-08,3.470000028610229,3.5,3.470000028610229,3.490000009536743,3.414130449295044,6714089,-357577392.4354492,91445361,-0.1662318199598873,66382.6647908758,0.0134046224794914,0.0064776885378229,55489.34394258546,3.4373885187298923,50.01625470061391,1010.199051091264,3.42750004529953,3.5036249671639874,3.351375123435073,4.44200851106362,0.9105092176547394,0.0,0.0,3.451833375295004,3.5033333381017044,3.400333412488302,2.983919396300517,0.8705501146184679,0.0,0.0,3.3299999237060547,3.505000114440918,3.4175000190734863,5.105767714718439,0.914285208254996,0.0588400921501618,1.257692360874794,0.0205189681752946,0.0157955381572391,0.0047234300180554,3.4483333826065063,3.414230796007009,3.444857371746397,3.4243384035711024,1.0598798941478664,0.8443112473031579,0.2155686468447085,0.0786761143533832,24.600094833445446,-0.0174999594688416,26.244767976744264,24.02569972842928,2.219068248314983,3.447499990463257,3.402500033378601,3.425000011920929,3.365000009536743,99.999999999323,14.126374326125626,25.39946570381003,16.388094238504397,135.71070466058757,3.356249988079071,3.507499933242798,64.0,24.0,40.0,3.400000095367432,3.500842113685608,1.0,0.0,58.651864853411794,0.8230578784844427,0.6669368337302286,0.5678807091446533,9.746785263632656,54.0298531177369,90.9090383651152,78.78785251589083,-9.090961634884788,0.0484117767390084,3.560834660317893,0.5992097087687434,0.4625035733717437,0.1367061353969996,-8.482657043614886,-7.223235759092168,-1.259421284522718,3.41880414052096,1.1594191681209676,1.1527494082291811,-7.915566103847837,-1.1594207198531592,3.443478345870972,0
2023-05-09,3.490000009536743,3.539999961853028,3.4800000190734863,3.5199999809265137,3.443478345870972,6425786,-355435463.76878256,97871147,-0.1049546306073983,84438.48355743467,0.0233434032658176,0.0092837261482279,133080.3648106486,3.445048212289203,56.22275238789157,1018.88270225112,3.437000048160553,3.509415491178482,3.3645846051426243,4.213875007460934,1.073081716460749,1.0,0.0,3.4553333679835,3.5063333193461097,3.404333416620891,2.951955480485084,1.1339870060192223,1.0,0.0,3.3399999141693115,3.539999961853028,3.439999938011169,5.819029528112873,0.9000001192092592,0.0589560772130998,1.2357783884663116,0.0249933268205531,0.0176350958899019,0.0073582309306511,3.4575000405311584,3.420000030444218,3.456417773158723,3.43142444633817,1.0946744894314244,0.7751478054481336,0.3195266839832908,0.0855321709010166,24.629081409431247,0.0229999899864195,27.28320105213958,24.630191524158604,2.653009527980977,3.4674999713897705,3.419999957084656,3.443749964237213,3.382499933242798,99.9999999996615,15.266686657517894,28.330111016812964,15.224271869927684,177.71255562228896,3.345000028610229,3.507499933242798,100.0,20.0,80.0,3.402000093460084,3.500842113685608,0.0,0.0,61.653782433886725,1.0,0.7671863503221692,0.6466225604065837,11.853192217336916,55.77948798203663,90.00001192092591,82.52523898423591,-9.999988079074086,0.0554558824090398,3.2258032940497365,0.7283659369864498,0.515676046094685,0.2126898908917648,-8.723400840402553,-7.523268775354245,-1.200132065048308,3.4205519621757965,0.859598031741915,0.8559245244474711,-7.124010122535829,-0.8596009148387367,3.443478345870972,1
2023-05-10,3.5299999713897705,3.549999952316284,3.5,3.5199999809265137,3.443478345870972,11290358,-357693535.3687826,109161505,-0.150730640785756,72375.84304922972,0.0066428236331318,0.0105234802579582,55235.92997994756,3.459413949962399,65.36300334407937,1018.88270225112,3.441500043869018,3.522314611626816,3.3606854761112217,4.696473440514225,0.9856793721446429,0.0,0.0,3.4603333632151285,3.512333313624064,3.408333412806193,3.005487908287546,1.0737180251342346,1.0,0.0,3.3399999141693115,3.549999952316284,3.444999933242798,6.101991441815747,0.8571430193323373,0.0580604647234182,1.1439314190842025,0.0282140542284272,0.019750887557607,0.0084631666708202,3.462500035762787,3.424615410658029,3.4661996512768445,3.437985597048417,1.143712513298625,0.7485028161960258,0.3952096971025992,0.093495067483653,24.606351441627336,0.0484999656677245,27.75235352937728,25.355079006533472,2.3972745228438086,3.475000023841858,3.424999952316284,3.449999988079071,3.3874999284744263,99.99999999983076,16.46753194755095,27.83101971391672,14.312122960042547,170.09670027678433,3.346249997615814,3.507499933242798,96.0,16.0,80.0,3.407520088195801,3.500842113685608,0.0,0.0,61.653782433886725,1.0,0.9410192928281472,0.7917141589601818,13.552473566307253,57.26626054682325,82.3529411764706,87.75399715417056,-17.647058823529413,0.0686911568922155,1.734102373353568,0.820656556928267,0.5766721482614015,0.2439844086668655,-3.577635509381176,-6.734142122159631,3.156506612778456,3.425151246197104,0.0,0.0,-7.124010122535829,0.0,3.4336955547332764,2
2023-05-11,3.5199999809265137,3.539999961853028,3.4800000190734863,3.509999990463257,3.4336955547332764,7460786,-357693535.36878264,101700719,-0.0589845863525523,51378.18134956832,-0.0120630491664958,0.0078689226973844,-21195.39467405403,3.4676404432892367,57.43259692318978,1015.9881518645012,3.446000039577484,3.5314166265609948,3.360583452593973,4.957433894515195,0.8746342083307992,0.0,0.0,3.469500025113424,3.5219999631245926,3.4170000871022546,3.026369080914056,0.8857144111409916,0.0,0.0,3.3399999141693115,3.549999952316284,3.444999933242798,6.094023091558666,0.8095240257764497,0.0582544125290305,1.1358074863646113,0.0296181684372034,0.0217243437335263,0.0078938247036771,3.4641667008399963,3.430384645095238,3.472938164997831,3.443319996560628,1.0848484725881995,0.8181818444538589,0.2666666281343408,0.1010866624852031,24.63537118194351,0.0139999985694885,29.718232166304425,26.21157680820215,3.5066553581022752,3.475000023841858,3.424999952316284,3.449999988079071,3.3874999284744263,99.99999999991536,17.038179105323028,25.83099108822149,15.679049706996375,123.33733611520418,3.3487499952316284,3.507499933242798,92.0,12.0,80.0,3.41606888004303,3.500842113685608,0.0,0.0,59.97060696287761,0.8463625505003262,0.948787516833442,0.8856643866612529,14.515156606776207,56.28357837038094,74.19356823464084,82.18217377734577,-25.80643176535916,0.0758970372817096,0.5730653544946104,0.8601631119613528,0.6333703410013918,0.2267927709599609,-3.5724686742668745,-6.10180743258108,2.5293387583142057,3.436491880764299,-0.2840906397000853,-0.2844949430647947,-7.387862116306499,0.2840962002687206,3.443478345870972,3
2023-05-12,3.5299999713897705,3.539999961853028,3.509999990463257,3.5199999809265137,3.443478345870972,30520559,-367867055.0354496,132221278,-0.0872266987493571,87639.19814723966,0.001474413170786,0.0028502114809554,65757.68218136385,3.48138409088934,65.82842667053613,1015.9881518645012,3.4510000348091125,3.541310566689007,3.360689502929218,5.233876034132805,0.8820149471003301,0.0,0.0,3.4795000155766806,3.529999955495198,3.4290000756581627,2.902712441008457,0.900990233009984,0.0,0.0,3.3399999141693115,3.549999952316284,3.444999933242798,6.085193741778347,0.8571430193323373,0.0554289684151046,1.1358074863646113,0.0311784489689292,0.0236151647806069,0.0075632841883223,3.4691666960716248,3.435384640326866,3.4801784443714743,3.448999995402545,1.0915032537149705,0.8823529595093247,0.2091502942056455,0.1084688099741858,24.578544497056136,-0.040999948978424,31.34856378960932,27.129007158885937,4.219556630723382,3.475000023841858,3.424999952316284,3.449999988079071,3.3874999284744263,99.99999999995768,17.568065751825674,24.868682081117065,15.094941621311634,130.85801925055796,3.3587499856948853,3.507499933242798,88.0,8.0,80.0,3.424104744379425,3.500842113685608,0.0,0.0,61.11387744824709,0.95071837345865,0.9323603079863254,0.9407223725493048,15.63951469587322,54.638215102423146,80.64517617598064,79.06389519569733,-19.35482382401937,0.0858529083869039,1.734102373353568,0.9039851844154712,0.6874933096842076,0.2164918747312636,16.214473143130256,-1.6385513174388135,17.85302446056907,3.447653328768406,0.2849000139722779,0.2844949430647947,-7.124010122535829,-0.2849056062704989,3.4336955547332764,4
2023-05-15,3.509999990463257,3.5299999713897705,3.5,3.509999990463257,3.4336955547332764,4056375,-369219180.0354496,128164903,-0.1097620981842081,69324.49679543494,-0.0073957518177113,0.0010560267547866,75429.29516928375,3.482569709301456,61.94647226166197,1013.1018246245924,3.456000030040741,3.547738746782125,3.364261313299357,5.308953468979133,0.7943139076969242,0.0,0.0,3.485166676839193,3.533666618665059,3.4366667350133264,2.7832207938962834,0.7560138495962063,0.0,0.0,3.3399999141693115,3.549999952316284,3.444999933242798,6.076389939860535,0.8095240257764497,0.0528860687125712,1.138342420762743,0.0312478609842505,0.0251417040213356,0.0061061569629149,3.477500021457672,3.4419231047997108,3.484766374539441,3.4535185135551902,1.0410958904109595,0.8972604372731556,0.1438354531378038,0.114596206084917,24.43810742921517,-0.0359999537467956,31.60029163365076,27.858722548496203,3.741569085154559,3.475000023841858,3.424999952316284,3.449999988079071,3.3949999809265137,99.99999999997884,17.772253007874564,23.90944138829964,15.7984371843113,102.3220730417724,3.362500011920929,3.507499933242798,84.0,4.0,80.0,3.431658456855637,3.500842113685608,0.0,0.0,59.29024253878891,0.7842600207001302,0.8604469815530355,0.9138649354576012,16.11548541030278,49.98504037436991,74.19356823464084,76.34410421508743,-25.80643176535916,0.0872940799769232,2.9325484491361244,0.904812320003543,0.7309571117480748,0.1738552082554681,9.513301371782394,0.591819220405428,8.921482151376965,3.452765920803833,-0.2840906397000853,-0.2844949430647947,-7.387862116306499,0.2840962002687206,3.42391300201416,0
2023-05-16,3.5,3.5199999809265137,3.4800000190734863,3.5,3.42391300201416,5876703,-369219180.0354496,122288200,-0.0924817055063039,51025.7152596024,-0.0102097869433144,9.731758973296329e-05,-28266.509354243517,3.4841118356269885,63.67134680361138,1013.1018246245924,3.4615000247955323,3.549879851836672,3.373120197754393,5.106446708539882,0.7178097451273954,0.0,0.0,3.490500005086264,3.537999947865804,3.443000062306722,2.721669830128945,0.6000000669245928,0.0,0.0,3.3399999141693115,3.549999952316284,3.444999933242798,6.066735133401513,0.7619050322205622,0.0515974580266168,1.1252126696381184,0.0301484226005048,0.0261430477371694,0.0040053748633353,3.48416668176651,3.447307724219102,3.487110009225681,3.456961586625176,0.9863013698630144,0.9041095890410964,0.0821917808219179,0.1188147771410461,24.279715680877587,-0.0214999675750733,31.18965342186857,28.55721903741283,2.632434384455742,3.475000023841858,3.439999938011169,3.4574999809265137,3.3949999809265137,99.99999999998944,17.401056234965555,22.654693606448863,17.593307017607206,69.72365935267587,3.3550000190734863,3.507499933242798,80.0,28.000000000000004,52.0,3.438758946583276,3.500842113685608,0.0,0.0,57.444252619659046,0.6157611399463686,0.7835798447017162,0.8587957114136925,16.039988831313252,51.629956392493646,67.74196029330105,74.19356823464081,-32.258039706698945,0.0811029076576232,2.339179003549788,0.8721075385143915,0.7591871971013382,0.1129203414130533,5.3049303353334,1.5344414433910225,3.7704888919423776,3.455114335546382,-0.2849000139722779,-0.2853066265385617,-7.651714110077168,0.28489866277256226,3.443478345870972,1
2023-05-17,3.4800000190734863,3.5199999809265137,3.450000047683716,3.5199999809265137,3.443478345870972,4484877,-364734303.0354496,126773077,-0.0891389594287559,56550.24943076776,-0.0234119686512002,0.0026431029359951,8885.11646267915,3.48747486928751,64.0657212662057,1018.8909723871944,3.467500019073486,3.554649286494463,3.380350751652509,5.026633998073534,0.8012071323527307,0.0,0.0,3.497499998410543,3.546999939282736,3.4480000575383505,2.8305899010543567,0.7272728221440198,0.0,0.0,3.3399999141693115,3.549999952316284,3.444999933242798,6.056237548430772,0.8571430193323373,0.0534377055482349,0.943813969201764,0.030538907557799,0.0270222197012954,0.0035166878565036,3.490833342075348,3.454615418727581,3.492170004871963,3.461631097314164,1.020408328764991,0.8503401117811352,0.1700682169838557,0.1224803515083388,24.215521247342068,-0.0174999713897703,32.20583202896514,29.278696405052003,2.927135623913138,3.495000004768372,3.444999933242798,3.4699999690055847,3.3949999809265137,99.99999999999471,16.290215108715756,20.61573434607334,19.867093321340963,56.84876910440793,3.3550000190734863,3.507499933242798,76.0,24.0,52.0,3.4454334069272563,3.500842113685608,0.0,0.0,60.11867706570632,0.8439341619475285,0.7479851075313424,0.7973373112620314,16.67864261769999,57.41454872565992,79.99999999999994,73.97850950931392,-20.00000000000006,0.0707499728483309,2.3255791388182447,0.8822114979696665,0.7837920572750039,0.0984194406946625,0.5225809256473769,1.3320693398422934,-0.8094884141949165,3.463051264263154,0.5714280264718097,0.5698015696033565,-7.124010122535829,-0.571432271944488,3.4336955547332764,2
2023-05-18,3.5299999713897705,3.539999961853028,3.5,3.509999990463257,3.4336955547332764,3834155,-366651380.5354496,122938922,-0.1035166863913574,42994.28330713687,0.0365138428079514,0.0051508046333755,14735.36866419592,3.4933338177771773,62.56808017159369,1015.9963985058932,3.474500024318695,3.551044056253538,3.397955992383852,4.40604584251527,0.7318924496607437,0.0,0.0,3.5036666631698608,3.547666621208191,3.459666705131531,2.511652064441666,0.5719696969696954,0.0,0.0,3.380000114440918,3.549999952316284,3.465000033378601,4.892785629169797,0.7647058823529411,0.0520939311787142,0.7805102282031254,0.029699101290145,0.0275575960190653,0.0021415052710797,3.4958333373069763,3.457692338870122,3.494913079578316,3.465213978288171,1.0827586342973896,0.8206896256889894,0.2620690086084002,0.1247989722171246,24.143835669776557,-0.0444999575614928,32.82811602061905,30.01900129103093,2.809114729588117,3.5,3.444999933242798,3.472499966621399,3.3949999809265137,99.99999999999736,15.707594513593042,22.157792176614464,18.82448748639914,88.48483617452214,3.3600000143051147,3.507499933242798,72.0,20.0,52.0,3.450000047683716,3.500842113685608,0.0,0.0,58.15086780914583,0.6204932602551786,0.6933961873830251,0.7416537132053613,16.71040394299382,53.68017239012397,73.33333333333326,73.69176454221139,-26.666666666666742,0.0692940901307497,1.7391287521814438,0.8570639930529357,0.7984464444305903,0.0586175486223453,-4.162752454834555,0.2331049809069236,-4.395857435741479,3.465222554641237,-0.2840906397000853,-0.2844949430647947,-7.387862116306499,0.2840962002687206,3.453260898590088,3
2023-05-19,3.5299999713897705,3.539999961853028,3.509999990463257,3.5299999713897705,3.453260898590088,6244430,-364569903.8687831,129183352,-0.0925387522912465,54693.454391395855,0.0024021362061524,0.0030567274846641,24688.28841838584,3.497109120414346,62.58892725041427,1015.9963985058932,3.4805000185966493,3.5546551904424994,3.406344846750799,4.261179224228238,0.833759275051099,0.0,0.0,3.5109999895095827,3.5549999475479126,3.4670000314712524,2.5064060478380146,0.7159090909090912,0.0,0.0,3.3949999809265137,3.549999952316284,3.472499966621399,4.453382288797317,0.8709678411732042,0.0498845351998199,0.6801377302929701,0.0302981221937828,0.0281057012540088,0.0021924209397739,3.504166662693024,3.461923104066116,3.500311062933924,3.470012940740141,1.0729927134327273,0.8978102011941826,0.1751825122385446,0.1270081791802089,24.08851249577744,-0.0104999899864202,33.60032012478326,30.836284863035264,2.7640352617479955,3.5,3.444999933242798,3.472499966621399,3.3949999809265137,99.99999999999868,15.166589675264808,21.256782818975,18.059021358599928,100.26809436696811,3.375,3.507499933242798,100.0,16.0,84.0,3.450000047683716,3.500842113685608,0.0,0.0,60.90692423128009,0.9190851756645688,0.7945041992890918,0.7452951647344865,17.470695361171025,57.01793473387624,86.66666666666663,79.99999999999993,-13.333333333333371,0.0647352674428152,2.915449057909508,0.8731414755854001,0.8133854506615523,0.0597560249238477,-5.5819318775435045,-0.929902390783162,-4.652029486760343,3.4738805143777736,0.5698000279445559,0.5681828079570739,-6.860158128765159,-0.5698042690430469,3.453260898590088,4
2023-05-22,3.539999961853028,3.559999942779541,3.525000095367432,3.5299999713897705,3.453260898590088,2826082,-366588550.3698458,132009434,-0.1112314681931392,46880.1037640536,0.021673073595968,0.005346983634008,35580.76388497845,3.5026028016342567,68.97316606845726,1015.9963985058932,3.484000015258789,3.5605244481581217,3.407475582359456,4.392906576589018,0.8005573147565439,0.0,0.0,3.5161666552225745,3.560666600863139,3.4716667095820117,2.5311624848309164,0.655430708600524,0.0,0.0,3.3949999809265137,3.559999942779541,3.477499961853028,4.735934590424256,0.8181819495419472,0.0483960664210488,0.6072541859095208,0.0304221628197804,0.0285689935671631,0.0018531692526173,3.509166657924652,3.4661538692621083,3.5048785873117465,3.474456424491966,1.126865894711372,0.835820837099403,0.2910450576119691,0.1287922858449498,24.08984893943777,-0.033999967575073,33.34638911978053,31.509972426106483,1.8364166936740496,3.5049999952316284,3.4499999284744263,3.477499961853028,3.399999976158142,99.99999999999936,15.117804459895542,23.001083555878772,17.181238151168245,111.68215090034936,3.375,3.507499933242798,96.0,12.0,84.0,3.45600004196167,3.500842113685608,0.0,0.0,60.90692423128009,0.9190851756645688,0.819554537194772,0.7691516412889631,18.107206834485854,53.59278062564366,81.24999999999994,80.41666666666659,-18.750000000000053,0.065823506607729,1.7291049649809962,0.8755948874572176,0.8258273380206854,0.0497675494365321,-10.429693407084576,-2.829860594043445,-7.599832813041131,3.4778284357379525,0.0,0.0,-6.860158128765159,0.0,3.443478345870972,0
2023-05-23,3.5299999713897705,3.539999961853028,3.515000104904175,3.5199999809265137,3.443478345870972,5185466,-369699869.53203815,126823968,-0.1546891779347488,32775.14457668272,-0.0072317029290515,0.0056745434121364,-14689.691492299722,3.5097403660602726,70.95459347672914,1015.9963985058932,3.4855000138282777,3.5635960340026696,3.407403993653886,4.481194655834506,0.7208817236857655,0.0,0.0,3.517333324750264,3.55833326180776,3.47633338769277,2.331308026395593,0.5325202471958609,0.0,0.0,3.3949999809265137,3.559999942779541,3.477499961853028,4.733896462441859,0.7575759327225963,0.0460564454738292,0.4041943324165875,0.0293749342952769,0.0287301817127859,0.000644752582491,3.5149999856948853,3.4703846344581017,3.507204955560172,3.477830021264895,1.14728708819135,0.8294572697815642,0.3178298184097857,0.1293869113106277,24.036641842699066,0.0044999957084654,31.754832286112013,31.9546922879659,-0.1998600018538887,3.5049999952316284,3.4499999284744263,3.477499961853028,3.399999976158142,99.99999999999967,14.779063099231378,22.17208155273484,18.003675814006108,76.41639781340149,3.375,3.507499933242798,92.0,8.0,84.0,3.4643200340271,3.500842113685608,0.0,0.0,58.66649534477773,0.5984644079451886,0.8122115864247753,0.8087567743028797,18.089447527211828,52.84461844027711,74.99999999999993,80.97222222222216,-25.00000000000007,0.067426452917211,2.0289835442116844,0.8446339848602836,0.829588667388605,0.0150453174716785,-11.739453574890591,-4.611779190212875,-7.127674384677718,3.4780039676638155,-0.2832858511134684,-0.2836878648922791,-7.124010122535829,0.28328449562295077,3.4336955547332764,1
2023-05-24,3.509999990463257,3.5199999809265137,3.494999885559082,3.509999990463257,3.4336955547332764,9157243,-367868386.0000616,117666725,-0.0823770820387463,15011.217827195842,-0.005460206863062,0.0032487805798193,-40704.56170989054,3.5134239066916813,62.96037184778351,1015.9963985058932,3.488000011444092,3.565871626515543,3.4101283963726408,4.465115528437797,0.6412580116578991,0.0,0.0,3.5158333222071327,3.5543332735697435,3.477333370844524,2.190089679134207,0.4242423491794074,0.0,0.0,3.3949999809265137,3.559999942779541,3.477499961853028,4.730503477972023,0.6969699159032454,0.0439508104631894,0.4035399086521644,0.027421978983622,0.0284685411669531,-0.001046562183331,3.5166666507720947,3.4750000146719127,3.5076349609298774,3.4802129819462557,1.130434602329787,0.9217389068889376,0.2086956954408494,0.128334612018747,23.94604594755719,0.0319999694824217,30.615151600375647,32.0543500028627,-1.439198402487051,3.5049999952316284,3.4499999284744263,3.477499961853028,3.399999976158142,99.99999999999984,13.898881962575429,21.34363500056669,20.320152728270447,39.94074643255513,3.375,3.507499933242798,88.0,4.0,84.0,3.471974426727295,3.500842113685608,0.0,0.0,56.43103389110835,0.2979853071626214,0.6051782969241262,0.7456481401812246,17.501516031222156,53.81826247124667,58.333333333333336,71.52777777777773,-41.66666666666666,0.0686176145777985,0.5730653544946104,0.7879396785735444,0.8212588696255929,-0.0333191910520485,-8.099391363784308,-5.309301624927162,-2.790089738857146,3.4784590231886474,-0.2840906397000853,-0.2844949430647947,-7.387862116306499,0.2840962002687206,3.443478345870972,2
2023-05-25,3.4800000190734863,3.5199999809265137,3.4800000190734863,3.5199999809265137,3.443478345870972,8537481,-359330905.0000616,126204206,-0.010948891218999,25063.14793477307,-0.0035138824158105,0.0025834261694752,-1691.585655710096,3.514981238607184,60.32895380620536,1018.8909723871944,3.4935000061988832,3.563721018687036,3.4232789937107304,4.020095168945317,0.6886897795165038,0.0,0.0,3.515499989191691,3.551999942461649,3.479000035921733,2.076515624074883,0.561643801315851,0.0,0.0,3.400000095367432,3.559999942779541,3.4800000190734863,4.579929787554156,0.7499999999999993,0.0435557256021732,0.2733989342652067,0.0263771046426866,0.0280502538620998,-0.0016731492194132,3.5166666507720947,3.479615394885724,3.50953727169859,3.483160167055904,1.034188041154763,0.8803418559583321,0.1538461851964309,0.1265411553701026,23.861350224119523,0.0264999747276304,29.306737018448757,31.82748036162264,-2.520743343173887,3.5049999952316284,3.4499999284744263,3.477499961853028,3.399999976158142,99.99999999999991,13.131484348942724,20.052618720445064,21.35929520629804,31.56916943731643,3.375,3.507499933242798,84.0,4.0,80.0,3.479016468011475,3.500842113685608,0.0,0.0,58.1484414116338,0.3288321286116962,0.4084272812398353,0.608605721529579,17.41839384015845,59.48619162426275,63.63636363636363,65.6565656565656,-36.36363636363637,0.0604999717544103,0.0,0.7572751001278679,0.8084621157260479,-0.0511870155981799,-5.893935593286842,-5.426228418599098,-0.4677071746877441,3.4790498291911285,0.2849000139722779,0.2844949430647947,-7.124010122535829,-0.2849056062704989,3.4336955547332764,3
2023-05-26,3.5199999809265137,3.5299999713897705,3.5,3.509999990463257,3.4336955547332764,5672312,-361221675.66672826,120531894,-0.0119089146796775,13379.403100574447,0.0079332579324537,0.0021926144161153,8208.777115296309,3.5166013401785667,59.97698402777519,1015.9963985058932,3.4980000019073487,3.559838442268465,3.4361615615462324,3.535645530440122,0.5970269341030603,0.0,0.0,3.514499990145365,3.550999943415324,3.478000036875408,2.0771064659157075,0.4383560898170728,0.0,0.0,3.400000095367432,3.559999942779541,3.4800000190734863,4.574037945250602,0.6874999999999991,0.0422001501809329,0.3125312756197654,0.0244601570777316,0.0273322345052262,-0.0028720774274945,3.51583331823349,3.4850000143051147,3.509608459200847,3.4851483021231155,1.0530973563357602,0.9469026436642406,0.1061947126715195,0.1235120801227065,23.744618638291037,0.0119999885559081,28.588343211491367,31.492819425827147,-2.90447621433578,3.5049999952316284,3.470000028610229,3.487500011920929,3.399999976158142,99.99999999999996,12.24693020210374,20.671226332097945,20.36439222258854,42.31432852642614,3.375,3.507499933242798,80.0,16.0,64.0,3.4800000190734863,3.500842113685608,0.0,0.0,55.78054058948405,0.0,0.2089391452581058,0.4075149078073559,16.739495392711838,49.74322446450408,54.54545454545455,58.83838383838381,-45.45454545454545,0.0532058540512534,-0.2840906397000802,0.7018397771719145,0.7871376480152212,-0.0852978708433067,-7.252342656665085,-5.791451266212296,-1.4608913904527894,3.479490010208926,-0.2840906397000853,-0.2844949430647947,-7.387862116306499,0.2840962002687206,3.4728260040283203,4
2023-05-29,3.5299999713897705,3.559999942779541,3.5199999809265137,3.549999952316284,3.4728260040283203,2375558,-360033896.66672826,122907452,0.0376911053292976,25042.663997585805,0.0420952926702811,0.0035320350878627,10957.352849094015,3.5173872499811143,58.47864864329834,1027.5746940310976,3.50349999666214,3.5632577843458755,3.4437422089784047,3.411319408629539,0.8890702572545223,0.0,0.0,3.517499987284342,3.554999939600626,3.4800000349680587,2.1321934585270785,0.9333334181044964,0.0,0.0,3.400000095367432,3.559999942779541,3.4800000190734863,4.566857358771064,0.9374999999999998,0.0429801303944681,0.3125312756197654,0.0258704070014101,0.027039869004463,-0.0011694620030528,3.519166648387909,3.4903846245545607,3.5158225350647605,3.4899521280633503,1.0540540656644195,0.9459459343355812,0.1081081313288382,0.1218097155905972,23.56740236095933,0.0164999842643736,28.94136557983272,31.243009665600944,-2.301644085768228,3.5049999952316284,3.477499961853028,3.491249978542328,3.399999976158142,99.99999999999996,12.19778329351395,23.705585869493724,18.7932044635786,114.59752570108772,3.382499992847442,3.507499933242798,100.0,12.0,88.0,3.4800000190734863,3.500842113685608,0.0,0.0,62.37974834292381,1.0,0.4429440428705654,0.3534368231228356,17.93068941062713,56.181209373184906,90.9090909090909,69.69696969696967,-9.090909090909092,0.0475587851860943,1.1396000558891188,0.7412825750067303,0.7779666334135231,-0.0366840584067927,-12.234555925853954,-7.080072198140628,-5.154483727713326,3.48343576254792,1.1396000558891115,1.133155529453811,-6.33245414122382,-1.1396015945881857,3.4728260040283203,0
2023-05-30,3.549999952316284,3.565000057220459,3.539999961853028,3.549999952316284,3.4728260040283203,3099562,-360653820.8905739,126007014,0.0216827581544546,21465.140569359264,0.0100821465803987,0.0037777010126675,27071.860295678434,3.517781062157764,55.059865873264506,1027.5746940310976,3.5084999918937685,3.566214752974604,3.450785230812933,3.2899963639266274,0.8595263988392042,0.0,0.0,3.5226666529973345,3.55866661866506,3.4866666873296106,2.043904190428762,0.8796295192505479,0.0,0.0,3.400000095367432,3.565000057220459,3.4825000762939453,4.702863395589337,0.9090902522902636,0.0411821268917644,0.3125312756197654,0.0266804842122536,0.0269679920460211,-0.0002875078337674,3.521666646003723,3.493846159714919,3.521080599257303,3.494400115045049,1.0566037735849063,0.9528299637558432,0.1037738098290632,0.1208225902695271,23.36903082638398,0.0014999985694883,29.10262414479032,30.89820878958152,-1.795584644791198,3.5225000381469727,3.4800000190734863,3.501250028610229,3.407500028610229,100.0,12.273288186931186,23.557794953955423,18.04359267626268,135.89558569090534,3.397499978542328,3.507499933242798,96.0,8.0,88.0,3.4864000129699706,3.500842113685608,0.0,0.0,62.37974834292381,1.0,0.6666666666666666,0.4395166182651127,18.913508327655805,54.59880909917199,86.95643159978853,77.47032568477798,-13.043568400211466,0.0485146648743572,0.8522719191002408,0.763521157676865,0.7750775382661916,-0.0115563805893266,-15.546194068624876,-8.773296572237477,-6.772897496387397,3.489272284208578,0.0,0.0,-6.33245414122382,0.0,3.4826085567474365,1
2023-05-31,3.559999942779541,3.559999942779541,3.539999961853028,3.559999942779541,3.4826085567474365,24488343,-336165477.8905739,150495357,0.1623120039454837,53382.005696731125,-0.0002041832586401,0.0046247628632286,68981.18302823702,3.525762109699984,68.1062724712841,1027.5746940310976,3.5149999856948853,3.5645983254646585,3.465401645925112,2.822096157702719,0.9536437841824712,0.0,0.0,3.5283333142598465,3.559333284695944,3.497333343823751,1.7572019236849874,1.0107525599898866,1.0,0.0,3.400000095367432,3.565000057220459,3.4825000762939453,4.694166785904206,0.9696962691096148,0.0390639122952393,0.3031682328583125,0.0278088290245159,0.0271361594417201,0.0006726695827958,3.525833308696747,3.496538464839642,3.5270681905684165,3.4992593615439005,1.1020408163265314,0.9387755102040826,0.1632653061224488,0.1206784777800156,23.207957944275755,-0.0149999856948852,28.89758340332673,30.461482943215703,-1.563899539888972,3.5225000381469727,3.4800000190734863,3.501250028610229,3.412500023841858,100.0,12.343399873675764,22.77514194347712,17.444136226475127,144.3451572538714,3.402500033378601,3.507499933242798,100.0,4.0,96.0,3.49426001739502,3.500842113685608,0.0,0.0,63.94006480042182,1.0,1.0,0.7032035698457441,20.18136389769009,61.54054919415093,95.6520747597674,91.17253242288228,-4.347925240232613,0.0540734950233909,1.4245000698613988,0.7947061406801955,0.7790032587489926,0.0157028819312029,6.079251549782275,-5.802786947833527,11.882038497615802,3.4942478710886875,0.2816898759880892,0.2812938735484493,-6.06860214745315,-0.2816885357276391,3.4826085567474365,2
2023-06-01,3.5199999809265137,3.575000047683716,3.515000104904175,3.559999942779541,3.4826085567474365,6449523,-332940742.0187002,156944880,0.161319735529698,45756.0048829124,-0.0046513870133519,0.0041872057072188,68981.18302823702,3.528259195484254,52.78452628988583,1027.5746940310976,3.5194999814033507,3.568274928480853,3.4707250343258487,2.7716975329008955,0.9151717613535996,0.0,0.0,3.531666652361552,3.564666620890299,3.4986666838328047,1.8688042659224824,0.9292926884658576,0.0,0.0,3.440000057220459,3.575000047683716,3.5075000524520874,3.835771876021647,0.8888881039717006,0.0411575153436694,0.3031682328583125,0.0283759501278608,0.0273841175789482,0.0009918325489126,3.5308333039283752,3.500384615017817,3.5321346139855123,3.5037586638576514,0.9903848446334678,0.913461309212687,0.0769235354207807,0.1208610169114893,23.21081176258475,0.0004999995231629,28.956664248658804,29.945521179201883,-0.9888569305430792,3.527500033378601,3.4850000143051147,3.506250023841858,3.4250000715255737,100.0,11.598977761426598,20.56753015947337,19.792025216910183,122.47492991937152,3.4062500596046448,3.507499933242798,96.0,4.0,92.0,3.501334021377563,3.500842113685608,0.0,0.0,63.94006480042182,1.0,1.0,0.888888888888889,21.244478439447786,66.56290794029155,87.99991607666016,90.20280747873868,-12.000083923339844,0.0596911570605112,1.7142840794154577,0.809871707791051,0.7851769485574043,0.0246947592336467,3.5027357380552564,-3.9416824106557713,7.444418148711028,3.501769473466206,0.0,0.0,-6.06860214745315,0.0,3.5119564533233643,3
2023-06-02,3.5799999237060547,3.6050000190734863,3.539999961853028,3.5899999141693115,3.5119564533233643,8704515,-328253720.0401946,165649395,0.1931511031079254,76524.46146561466,0.0205352738729608,0.0061822789708382,73352.58571884743,3.5333802490148094,59.274519323495134,1027.5746940310976,3.5264999747276304,3.5735212016666167,3.479478747788644,2.6667362697269232,1.1752263134698426,1.0,0.0,3.536833318074544,3.573333295186361,3.500333340962728,2.063991928897969,1.228309992248665,1.0,0.0,3.450000047683716,3.6050000190734863,3.527500033378601,4.395292003418827,0.9032251117875706,0.0435417695313483,0.2935066551006062,0.0308900632384649,0.0280853067108516,0.0028047565276133,3.5366666316986084,3.507307685338534,3.541036967859943,3.510146904621478,1.0540540424436944,0.8468466649511971,0.2072073774924973,0.1227014539467153,23.35080885821151,-0.0164999842643736,29.358286323983364,29.502398646335525,-0.1441123223521607,3.5425000190734863,3.502500057220459,3.5225000381469727,3.4424999952316284,100.0,11.70995744858982,23.167011853517945,17.781216882612718,206.90740356806592,3.407500028610229,3.497499942779541,100.0,12.0,88.0,3.510173944534301,3.500842113685608,0.0,0.0,68.48748127716048,1.0,1.0,1.0,23.511299667270364,68.73496153105151,90.32251117875704,91.32483400506152,-9.677488821242946,0.066264690371121,1.9886344779005616,0.880021950015681,0.8041459488490597,0.0758760011666213,3.577987288114893,-2.4377484709016386,6.015735759016532,3.513562095671408,0.8426958391001493,0.8391649801141154,-5.277046166141142,-0.8426986868526285,3.5119564533233643,4
2023-06-05,3.630000114440918,3.640000104904175,3.5850000381469727,3.5899999141693115,3.5119564533233643,3777421,-331344355.0852773,169426816,0.1634787831081964,65592.39554195543,0.058240983166052,0.0110716196929358,73352.58571884743,3.538301366199417,64.56048801394473,1027.5746940310976,3.531499969959259,3.582987783503968,3.48001215641455,2.915917541140614,1.0680950518442098,1.0,0.0,3.543499986330668,3.5819999853769944,3.504999987284343,2.1729927582809383,1.1038951816945646,1.0,0.0,3.450000047683716,3.640000104904175,3.5450000762939453,5.380151743924577,0.7368411806484482,0.0446875992539337,0.2511710040669566,0.0325077864648535,0.0289698026616519,0.0035379838032015,3.5433332920074463,3.5138461406414327,3.548569728830615,3.516061942365761,1.1666668060928111,0.771929501679806,0.3947373044130051,0.1253202393160343,23.52646219055205,-0.0014999985694883,29.493002583435864,29.251084234927063,0.2419183485088005,3.5600000619888306,3.5200001001358032,3.540000081062317,3.465000033378601,100.0,12.59326242694438,26.59617910649765,16.274529841313463,237.3060660766712,3.410000026226044,3.3874999284744263,96.0,8.0,88.0,3.515000104904175,3.500842113685608,0.0,0.0,68.48748127716048,1.0,1.0,1.0,25.391468305173596,58.81897085893113,73.68411806484481,84.00218177342065,-26.315881935155183,0.0746617716901445,2.2792001117782377,0.9245510175222014,0.8282269625836881,0.0963240549385132,-1.284979734819453,-2.2071947236852014,0.9222149888657484,3.5237785505429047,0.0,0.0,-5.277046166141142,0.0,3.4728260040283203,0
2023-06-06,3.5799999237060547,3.5899999141693115,3.549999952316284,3.549999952316284,3.4728260040283203,6430880,-337775235.0852773,162995936,0.1100513451643227,19474.20265290516,-0.0264350121610016,0.0108556880136643,-71653.1924321558,3.5418939783797185,63.19821015327423,1027.5746940310976,3.532999968528748,3.5848072545093146,3.4811926825481807,2.9327645877189816,0.6640694302526605,0.0,0.0,3.547333312034607,3.58733332157135,3.507333302497864,2.2552157363414387,0.5333329955737607,0.0,0.0,3.450000047683716,3.640000104904175,3.5450000762939453,5.3778675039043655,0.5263151290346059,0.0442188355138431,0.3895665369009325,0.030213894184262,0.029218620966174,0.000995273218088,3.544999957084656,3.5180769058374257,3.5487897632130254,3.5185758690287634,1.166666593080648,0.8518519172616463,0.3148146758190016,0.1258430972914571,23.658177051260395,-0.0029999971389771,29.13008857403169,29.086077231999955,0.0440113420317374,3.5600000619888306,3.5200001001358032,3.540000081062317,3.470000028610229,50.0,12.35621243111322,24.94095895377753,20.707284125906835,91.9880053038834,3.412500023841858,3.372499942779541,92.0,4.0,88.0,3.535000104904175,3.500842113685608,0.0,0.0,57.31141381522415,0.1204753577881092,0.7068251192627031,0.9022750397542344,23.89496191654892,53.176273319506095,43.74993480745475,69.25218801701885,-56.25006519254525,0.0727205816437219,0.5665717022269444,0.8586966803873974,0.83432090614443,0.0243757742429674,-2.510748930041512,-2.267905564956464,-0.2428433650850476,3.524675456485862,-1.1142050921826518,-1.1204588536625648,-6.33245414122382,1.1142065630687057,3.463043451309204,1
2023-06-07,3.559999942779541,3.569999933242798,3.5350000858306885,3.539999961853028,3.463043451309204,9111703,-344283647.5728384,153884233,0.0847150871071329,3675.467544772331,-0.0067220656713181,0.0077674088365736,-97319.93731325734,3.543416593762476,56.17609330718661,1027.5746940310976,3.533999967575073,3.585536313332975,3.482463621817171,2.916601371293425,0.5582112894280515,0.0,0.0,3.551333316167196,3.592333300908406,3.510333331425985,2.3089910797480626,0.361788310584706,0.0,0.0,3.450000047683716,3.640000104904175,3.5450000762939453,5.376345754491657,0.4736836161311475,0.0432969367036697,0.5334344259299192,0.0272746472131206,0.0288298262155633,-0.0015551790024426,3.5458332896232605,3.521538440997784,3.5474374860807183,3.5201628388675976,1.046729184371673,0.9252336615193476,0.1214955228523254,0.1241321416724267,23.73865934295972,-0.0139999866485593,27.974788581353938,28.93808296121164,-0.9632943798577038,3.5700000524520874,3.5200001001358032,3.5450000762939453,3.470000028610229,25.0,11.728771122681964,23.559332154086764,21.934284642829027,42.86235876151519,3.412500023841858,3.372499942779541,88.0,8.0,80.0,3.535000104904175,3.640000104904175,0.0,1.0,54.89945150345496,0.0,0.3734917859293697,0.6934389683973577,21.926104442366174,47.84313927535196,37.49994412067578,51.64466566432509,-62.50005587932422,0.0678529458887435,0.2832858511134847,0.7748120885764098,0.822419142630826,-0.0476070540544162,-0.6390699127034761,-1.9421384345058663,1.3030685218023903,3.5251996328840374,-0.2816898759880781,-0.2820873685589697,-6.596306134994478,0.2816885357276391,3.5119564533233643,2
2023-06-08,3.5799999237060547,3.5999999046325684,3.539999961853028,3.5899999141693115,3.5119564533233643,6007540,-340278620.90617174,159891773,0.1110356645539859,46061.35982954302,0.017477943068371,0.0088442521838749,59185.434998847886,3.546405532703086,56.11115920625781,1042.0884472109367,3.537999963760376,3.5937134637364707,3.4822864637842814,3.1494347397832843,0.9666728031020076,0.0,0.0,3.558333309491476,3.601333292325338,3.515333326657613,2.416860878050093,0.86821648045983,0.0,0.0,3.450000047683716,3.640000104904175,3.5450000762939453,5.370267359147079,0.7368411806484482,0.0449672373112568,0.5334344259299192,0.0286495963838882,0.0287937802492283,-0.0001441838653401,3.5516666173934937,3.527692281282865,3.5539855519405017,3.525335955556613,1.0353982226198222,0.8761062208306261,0.1592920017891961,0.1235617891810252,23.751074646912173,-0.0279999732971192,28.49250831725057,28.92743463962934,-0.434926322378768,3.577500104904175,3.5200001001358032,3.548750102519989,3.470000028610229,37.499999999999886,11.842100959790733,26.01252405357805,19.89919953376509,110.80126104347596,3.4225000739097595,3.372499942779541,84.0,4.0,80.0,3.535000104904175,3.637900104522705,0.0,0.0,63.23162836083631,0.6131997792281201,0.2445583790054097,0.4416250947324943,22.735126877026264,53.13559763227595,68.74989755457175,49.99992549423407,-31.25010244542825,0.0681470394134522,1.9886344779005616,0.8126770539054831,0.8204707248857575,-0.0077936709802743,-2.410059891613657,-2.0357227259274246,-0.3743371656862329,3.530513428249923,1.4124280467537442,1.4025462222215346,-5.277046166141142,-1.4124281921922943,3.492391347885132,3
2023-06-09,3.5899999141693115,3.5999999046325684,3.559999942779541,3.569999933242798,3.492391347885132,5099450,-342828345.90617174,154792323,0.1905248951397273,24911.322320221145,0.0078439682134524,0.0078564589422667,56443.01409329526,3.54810709432546,54.861197910854216,1036.282945939001,3.5404999613761903,3.597236139078265,3.4837637836741155,3.204981122497818,0.7599749671322045,0.0,0.0,3.564666636784872,3.60866661866506,3.520666654904684,2.4686730268765578,0.5606056665256002,0.0,0.0,3.450000047683716,3.640000104904175,3.5450000762939453,5.366475336624664,0.631578154841527,0.0444705097654338,0.5538240606135022,0.0278049045619028,0.0285960051117632,-0.0007911005498603,3.556666612625122,3.531538431461041,3.5564493029100857,3.5286443983481828,1.0438594216380446,0.9122807384454764,0.1315786831925681,0.1224093739213921,23.826802110676017,-0.0204999804496766,27.859946303988423,28.8072769423133,-0.9473306383248749,3.577500104904175,3.540000081062317,3.558750092983246,3.470000028610229,56.249999999999886,11.947335808534593,24.387991000954987,18.656455565638076,98.56025220101677,3.4262500405311584,3.372499942779541,80.0,4.0,76.0,3.535000104904175,3.635842104148865,0.0,0.0,58.570408545078415,0.2701610978750722,0.2944536257010641,0.3041679302119479,21.88625037552829,49.79678914493866,56.24991618101325,54.166585952086905,-43.75008381898675,0.0659705589799322,1.7094000838336785,0.7879769515715105,0.8139719702229081,-0.0259950186513976,-4.826532901790526,-2.593884761100045,-2.232648140690481,3.5328867274469973,-0.5571025460913259,-0.5586601499866228,-5.80475015368248,0.557099887150315,3.492391347885132,4
2023-06-13,3.549999952316284,3.5799999237060547,3.539999961853028,3.569999933242798,3.492391347885132,7302853,-339176919.4061718,162095176,0.2230870374841106,21352.561988760983,-0.0109546019086212,0.0075905375865831,-28409.16578665415,3.550282087061776,53.67733830550819,1036.282945939001,3.5434999585151674,3.5998115377133586,3.487188379316976,3.1783027999124016,0.7352977407573899,0.0,0.0,3.566666634877523,3.610666616757711,3.522666652997335,2.4672887255525,0.5378784061133427,0.0,0.0,3.450000047683716,3.640000104904175,3.5450000762939453,5.361931972480527,0.631578154841527,0.0440234549741931,0.5684696018397836,0.0268262439656252,0.0282420528825356,-0.0014158089169103,3.5608332753181458,3.5361538116748514,3.5585340152689646,3.53170777130334,1.0256408061892677,0.9145299667803336,0.1111108394089339,0.120674387964628,23.94302189701138,-0.0334999680519105,26.89717633549521,28.56222718572496,-1.665050850229747,3.577500104904175,3.5450000762939453,3.56125009059906,3.470000028610229,71.87500000000003,11.458543340895304,22.851117296312644,20.631651851776304,57.33550541738772,3.4262500405311584,3.372499942779541,76.0,24.0,52.0,3.535000104904175,3.6338252637825015,0.0,0.0,58.570408545078415,0.2701610978750722,0.3845073249927548,0.3078397765664096,21.2180273327536,49.71743053519709,56.24991618101325,60.41657663886607,-43.75008381898675,0.0528970080263473,1.4204531985004014,0.7595827770236305,0.8030941315830527,-0.0435113545594221,-4.271527160922867,-2.929413241064609,-1.3421139198582577,3.533611913223329,0.0,0.0,-5.80475015368248,0.0,3.492391347885132,1
2023-06-14,3.5799999237060547,3.619999885559082,3.569999933242798,3.569999933242798,3.492391347885132,9760621,-348937540.4061718,171855797,0.1463849688452063,18302.19599036656,0.0179291528903895,0.0092612061404011,0.0,3.5572029459085,62.92763546884707,1036.282945939001,3.546999955177307,3.6007027902905766,3.493297120064037,3.0280708086778128,0.7141411902833384,0.0,0.0,3.57016662756602,3.616666595141093,3.5236666599909467,2.604918617301323,0.4982075866724768,0.0,0.0,3.450000047683716,3.640000104904175,3.5450000762939453,5.356641094486884,0.631578154841527,0.0446211047084022,0.5678007314013964,0.025753774906255,0.0277443972872795,-0.0019906223810244,3.565833270549774,3.5392307318173923,3.5602980026495543,3.5345442277432992,1.1065575308263675,0.8196722016287509,0.2868853291976166,0.118385634337185,24.03088754922633,0.0029999971389771,26.06074193155321,28.247022577750123,-2.186280646196913,3.577500104904175,3.5450000762939453,3.56125009059906,3.470000028610229,82.81250000000006,11.919752705022708,27.32003472476146,19.018301875782065,110.53885897219531,3.425000011920929,3.365000009536743,72.0,20.0,52.0,3.535000104904175,3.631848760223465,0.0,0.0,58.570408545078415,0.2701610978750722,0.2701610978750722,0.3163740161896304,20.679672125145952,40.08555178315778,56.24991618101325,56.24991618101325,-43.75008381898675,0.0545146535424625,1.7094000838336785,0.7286307157825012,0.7882014484229424,-0.0595707326404412,-1.127487654111121,-2.569028123673912,1.441540469562791,3.534322928992006,0.0,0.0,-5.80475015368248,0.0,3.648913145065308,2
2023-06-15,3.690000057220459,3.740000009536743,3.630000114440918,3.7300000190734863,3.648913145065308,14972153,-336687597.0425354,186827950,0.1881858278872919,357908.4201446285,0.0661228037362176,0.0142352551512603,671021.2352564987,3.579890605176404,73.09733789122296,1036.282945939001,3.557499957084656,3.6523419271942985,3.4626579869750134,5.331944975615114,1.409407838056352,1.0,0.0,3.5848333040873213,3.640333263079325,3.529333345095317,3.0963759976635217,1.807809209436351,1.0,0.0,3.4800000190734863,3.740000009536743,3.6100000143051143,7.308502982423781,0.9615384968074834,0.0571590018669565,0.5627303664581901,0.0373835706678149,0.0296722319633866,0.0077113387044283,3.5808332761128745,3.5473076563615065,3.586406005176313,3.549022434508498,1.1081080384459747,0.6351353702448356,0.4729726682011391,0.1245178091570284,24.33124503513686,-0.0075000047683717,29.81406945951037,28.342289823400293,1.471779636110078,3.637500047683716,3.595000028610229,3.6162500381469727,3.5199999809265137,89.84375000000006,14.12867367414012,36.95116902971292,14.784993289145486,321.5623287368069,3.443749964237213,3.382499933242798,100.0,16.0,84.0,3.5350000858306885,3.631848760223465,1.0,0.0,76.1427651496664,1.0,0.5134407319167148,0.3893697182615139,27.505997156137024,58.59477677701808,95.8333374725446,69.44438994485701,-4.166662527455388,0.0732940743951235,5.070424483801942,1.0533483898078593,0.8412308366999258,0.2121175531079334,6.275388308052951,-0.8001448373285394,7.07553314538149,3.564811402512393,4.481795205115113,4.384266167720807,-1.5831119626240175,-4.481794323392776,3.678260803222656,3
2023-06-16,3.7200000286102295,3.819999933242798,3.7100000381469727,3.759999990463257,3.678260803222656,21215636,-338616291.2243536,208043586,0.1684610995152402,397702.7134119367,0.0414787622456382,0.016631362602202,841656.2137447511,3.613039115871481,76.70233712541975,1036.282945939001,3.569999957084656,3.6969645294351294,3.443035384734182,7.112861281609424,1.248240355010703,1.0,0.0,3.6061666329701754,3.666666587193807,3.5456666787465414,3.355360990282516,1.771351023873926,1.0,0.0,3.4800000190734863,3.819999933242798,3.649999976158142,9.523807234075242,0.8235295355114045,0.0624430911898434,0.5419747635739158,0.048462370527277,0.0334302596761647,0.0150321108511123,3.5983332792917886,3.556538425959073,3.613112772143535,3.564650401616258,1.1707316080350585,0.5853660947720009,0.5853655132630576,0.1374158866195715,24.693308868638827,-0.0100000143051146,34.11970834265884,28.871336714364237,5.248371628294606,3.677500009536743,3.634999990463257,3.65625,3.559999942779541,94.14062500000014,16.910627000497396,41.75520479567798,12.799655892959075,320.62122952970384,3.449999988079071,3.3874999284744263,100.0,12.0,88.0,3.5391000843048097,3.631848760223465,0.0,0.0,78.02483928196419,1.0,0.7567203659583575,0.5134407319167149,33.40110632937277,59.10791652523485,80.32787654131836,77.4703767316254,-19.672123458681646,0.1022940874099731,5.915494111766199,1.3595266033747273,0.9448899900348862,0.4146366133398411,16.13182305476387,2.586248741089942,13.545574313673928,3.599033531348535,0.8042887730928872,0.8010716096175985,-0.7915559813120088,-0.8042849196626349,3.776086807250977,4
2023-06-19,3.7699999809265137,3.869999885559082,3.765000104904175,3.859999895095825,3.776086807250977,11274061,-329489672.8528808,219317647,0.2046110106718366,501945.9007561969,0.0488953313782723,0.0171170796527728,470476.7411694417,3.632142382211688,78.38389033611278,1063.8436363722712,3.5864999532699584,3.764069647119605,3.408930259420312,9.902116055389834,1.270119990344318,1.0,0.0,3.631499965985616,3.695999892552693,3.567000039418539,3.5522471249464207,2.271319296562137,1.0,0.0,3.4800000190734863,3.869999885559082,3.674999952316284,10.874107669512638,0.9743589900341,0.0671987715804416,0.5419747635739158,0.0645672645698836,0.0396576606549084,0.0249096039149751,3.6233332753181458,3.569999960752634,3.651095406443887,3.586528141874004,1.2045453437103262,0.5965909922172548,0.6079543514930714,0.1595402743146905,25.133679114462023,-0.0265000104904173,40.35286952110012,30.07798859632693,10.274880924773186,3.702499985694885,3.659999966621399,3.681249976158142,3.584999918937683,96.67968750000014,19.854283295643192,42.22257898158424,11.18254914218925,291.60525691729424,3.449999988079071,3.3874999284744263,100.0,8.0,92.0,3.550336078262329,3.631848760223465,0.0,0.0,82.87460401368531,1.0,1.0,0.7567203659583575,40.71717319483958,65.14135575285236,97.18309953746768,91.11477118377684,-2.8169004625323293,0.1394264557782341,8.426965088152592,1.8002720741554377,1.1159664068589965,0.6843056672964412,15.249095267655932,5.11881804640314,10.130277221252792,3.654507455759934,2.65957193846289,2.6248201434056595,1.8469639563946985,-2.6595722615050192,3.7858693599700928,0
2023-06-20,3.859999895095825,3.9049999713897705,3.829999923706055,3.869999885559082,3.7858693599700928,8966863,-328891897.1888124,228284510,0.2122688574380378,443049.1355746447,0.0418206323427136,0.019384114350081,323071.9561843694,3.648632386300114,79.39628501732923,1066.5997054155982,3.603499948978424,3.8175349682827457,3.3894649296741024,11.879285269034048,1.122561526255991,1.0,0.0,3.657833290100098,3.7243332147598265,3.5913333654403687,3.636028183116518,2.095239367146746,1.0,0.0,3.4800000190734863,3.9049999713897705,3.692499995231629,11.79408792379114,0.9176468476291936,0.067978899190769,0.5419747635739158,0.0772469698018163,0.04717552248429,0.0300714473175262,3.649166603883108,3.583461495546194,3.684773018615456,3.60752604881364,1.2419352316416978,0.5860215894527666,0.6559136421889312,0.1870563860602331,25.52487716831027,-0.0135000348091125,46.14845330557496,31.96891801094285,14.179535294632103,3.7200000286102295,3.677500009536743,3.6987500190734863,3.602499961853028,98.33984375000009,22.811977792541644,42.59985361762278,10.233240311513336,233.26064684061316,3.449999988079071,3.3874999284744263,100.0,4.0,96.0,3.5695159067001345,3.631848760223465,0.0,0.0,83.27217328985199,1.0,1.0,0.918906788652786,46.01669448665861,63.22774843895034,91.02561594544002,89.51219734140868,-8.974384054559971,0.1884999892290899,8.707863701185973,2.1412726826246917,1.3210276620121355,0.8202450206125558,12.6524947667664,6.625553390475793,6.026941376290607,3.70129287532918,0.259067117487799,0.2587321170901546,2.1108159501653567,-0.2590658853586518,3.8152174949646,1
2023-06-21,3.869999885559082,3.920000076293945,3.829999923706055,3.900000095367432,3.8152174949646,10177927,-323237481.31669974,238462437,0.2544745843172706,423376.39412313415,0.006632056460073,0.019872417187132,102129.40653764235,3.6851696760464647,77.26018569389694,1066.5997054155982,3.62249995470047,3.868579224545895,3.376420684855045,13.58615723520537,1.0638429861265324,1.0,0.0,3.6898332993189498,3.7613332430521647,3.6183333555857344,3.875510785075965,1.9696990310416853,1.0,0.0,3.4800000190734863,3.920000076293945,3.700000047683716,12.14630952995665,0.9545455038054872,0.070181024530481,0.5419747635739158,0.0886940835744884,0.0554792347023297,0.0332148488721587,3.674999952316284,3.5984614995809703,3.717884876577298,3.6291907930028096,1.2249997198581033,0.5949999320506881,0.6299997878074152,0.2182063182987158,25.88023641689359,-0.0325000405311586,53.33840187284713,34.78709726555321,18.55130460729392,3.7300000190734863,3.685000061988831,3.7075000405311584,3.6100000143051143,99.16992187500004,25.65096583059133,40.036082181820895,9.22157218953017,185.0590010757616,3.449999988079071,3.3949999809265137,100.0,8.0,92.0,3.596354631875305,3.631848760223465,0.0,0.0,84.43928176079602,1.0,1.0,1.0,50.522135833820094,66.06748524274239,95.06173275571298,94.42348274620686,-4.938267244287012,0.2312647153349485,8.635102746787986,2.443907984818362,1.5456037265733809,0.898304258244981,11.401757833026643,7.580794278985964,3.820963554040679,3.7678035276074815,0.7751992427776466,0.7722100118394692,2.9023782222051158,-0.7752019999638691,3.8152174949646,2
2023-06-22,3.910000085830689,3.944999933242798,3.890000104904175,3.900000095367432,3.8152174949646,16459423,-333711646.6167177,254921860,0.1798823011035508,362894.0521055436,0.0142015534410286,0.0212190557910163,78899.21303446233,3.718199660891672,83.73188226927427,1066.5997054155982,3.641999959945679,3.9101492158699993,3.373850704021358,14.725384891455084,0.9810756131551012,0.0,0.0,3.726166637738545,3.7996665795644127,3.65266669591268,3.9450700396198384,1.6825414640512637,1.0,0.0,3.4800000190734863,3.944999933242798,3.712499976158142,12.7677078331502,0.903226137244015,0.0686629049112952,0.5419747635739158,0.0966518612188958,0.0637137600056429,0.0329381012132528,3.7008333007494607,3.613846118633564,3.745902602545011,3.649250741326115,1.3115576023085644,0.5829147029075804,0.728642899400984,0.2499133418416128,26.017378653986672,-0.0920000076293945,60.85312628865614,38.38272148459827,22.47040480405787,3.7424999475479126,3.697499990463257,3.7199999690055847,3.6374999284744254,99.5849609375,28.43864425756103,40.367075644835474,8.658248871014788,161.60870507597195,3.4574999809265137,3.3949999809265137,96.0,4.0,92.0,3.628719176317169,3.631848760223465,0.0,0.0,84.43928176079602,1.0,1.0,1.0,53.847376368698974,62.370710170803925,89.0244257017651,91.70392480097269,-10.975574298234896,0.2639411764986374,8.635102746787986,2.6485398803748166,1.7661909573336685,0.8823489230411483,14.88729143252226,9.042093709693225,5.845197722829035,3.8164232632680783,0.0,0.0,2.9023782222051158,0.0,3.756521701812744,3
2023-06-23,3.900000095367432,3.900000095367432,3.825000047683716,3.839999914169312,3.756521701812744,7126509,-337987579.2021747,247795351,0.1132435014282237,249967.49733188967,-0.057882459542187,0.0156177891185057,-109638.92842411555,3.734123029771328,78.07120253077545,1050.1904300243452,3.6579999566078185,3.933216273853708,3.382783639361929,15.04736580156258,0.8306489226052816,0.0,0.0,3.75399998029073,3.828999932607015,3.679000027974447,3.9957353601517966,1.073333257039341,1.0,0.0,3.5,3.944999933242798,3.722499966621399,12.165115869915445,0.7640448655613696,0.0692966191885373,0.6802935871590033,0.0969988023408023,0.0703707684726748,0.0266280338681275,3.724999964237213,3.626153808373672,3.7603791120256727,3.6633803096848703,1.2189053428080832,0.6616915057004588,0.5572138371076244,0.2767165250616023,26.15730598361614,-0.1179999947547907,65.5150068887966,42.56661710513251,22.948389783664098,3.7424999475479126,3.712499976158142,3.7274999618530273,3.642499923706055,99.79248046875,29.417116159899603,37.04389259644772,15.080223164082252,108.637260611967,3.4699999690055847,3.3949999809265137,92.0,16.0,76.0,3.666672867148245,3.631848760223465,0.0,0.0,72.67758857711767,0.6018361283320035,0.8672787094440011,0.955759569814667,52.45489435340427,60.903493491002095,74.39022971929411,86.15879605892405,-25.60977028070589,0.2714558987056508,8.169013119670895,2.6477950455858177,1.9425117749840983,0.7052832706017194,10.599041600178474,9.353483287790276,1.245558312388198,3.8208167324046594,-1.538466146946782,-1.5504233340894569,1.319259968853359,1.538465191809479,3.756521701812744,4
2023-06-26,3.7899999618530273,3.849999904632568,3.75,3.839999914169312,3.756521701812744,5735935,-333398831.2021746,253531286,0.1475727405902806,214257.85485590543,-0.1089622870631052,0.0036746983878516,-109638.92842411555,3.74086956582254,74.09162472158636,1050.1904300243452,3.674499952793121,3.951806679535639,3.397193226050604,15.093576285487586,0.7984059624522908,0.0,0.0,3.777666648228963,3.8586665948232017,3.696666701634725,4.28835861587801,0.8847735002382239,0.0,0.0,3.515000104904175,3.944999933242798,3.7300000190734863,11.70226789666345,0.7558138116492483,0.0723669477329404,0.7948975312002969,0.0961652228512326,0.0755296593483864,0.0206355635028462,3.7499999602635694,3.638846113131597,3.772628466201617,3.676463243350384,1.095237824922111,0.7571430809644921,0.3380947439576189,0.2984655251502711,26.38447439118136,-0.0845000386238097,70.67749326730957,47.43109676422299,23.24639650308658,3.757499933242798,3.712499976158142,3.73499995470047,3.642499923706055,99.896240234375,28.849873742352177,33.12788589231367,21.41451198142416,75.37996460542224,3.472499966621399,3.3949999809265137,88.0,12.0,76.0,3.700072115079591,3.631848760223465,0.0,0.0,72.67758857711767,0.6018361283320035,0.7345574188880023,0.8672787094440011,51.40480775037529,60.58393098552925,74.39022971929411,79.26829504678442,-25.60977028070589,0.2586911860634302,8.474575015510677,2.6156992872203086,2.0771492774313405,0.5385500097889682,5.903438030708448,8.663474236373911,-2.760036205665464,3.825262157472139,0.0,0.0,1.319259968853359,0.0,3.746739149093628,0
2023-06-27,3.890000104904175,3.890000104904175,3.829999923706055,3.829999923706055,3.746739149093628,4811620,-338210451.2021746,248719666,0.1142753072934165,176775.85357465956,0.0748191792208917,0.0109071406294154,-12530.248746952013,3.752945938777402,78.4493588108517,1047.4555616598705,3.6884999513626098,3.967517906024859,3.4094819967003605,15.1290746016778,0.7535678618150771,0.0,0.0,3.80633331934611,3.8893332878748574,3.723333350817362,4.361150827589963,0.6425699598412996,0.0,0.0,3.515000104904175,3.944999933242798,3.7300000190734863,11.657850996575776,0.7325580105902258,0.0711302710794583,0.8793746400986933,0.0936185134950853,0.0791474301777261,0.0144710833173591,3.7699999610582986,3.650384572836069,3.781454844279223,3.6878363307841378,1.200934333711239,0.6775699747588175,0.5233643589524215,0.3146971589114595,26.55297286264598,-0.1185000181198119,75.74246508299271,52.95128822549405,22.791176857498662,3.787500023841858,3.712499976158142,3.75,3.642499923706055,99.9481201171875,28.755354289048643,35.27234332057455,20.04528129174809,83.96455938174272,3.472499966621399,3.3949999809265137,84.0,8.0,76.0,3.729463453259176,3.631848760223465,0.0,0.0,70.77211094140964,0.537330759847887,0.580334338837298,0.7273901557231005,49.966393017114825,57.72235026525136,71.95120674736471,73.57722206198429,-28.04879325263529,0.2468970810665802,6.685237194282137,2.5385756063414937,2.169434543213371,0.3691410631281226,1.1544610506721054,7.16167159923355,-6.007210548561445,3.826246936508437,-0.2604164241347462,-0.2607560975429246,1.0554079750827006,0.26041517913753864,3.8152174949646,1
2023-06-28,3.839999914169312,3.900000095367432,3.839999914169312,3.900000095367432,3.8152174949646,4825603,-333384848.2021746,253545269,0.1415110211497684,199778.3085453733,0.0124337049644344,0.0122754099605406,75666.36877224472,3.771471080718656,84.49670177946362,1047.4555616598705,3.705999958515168,3.991895097085576,3.42010481994476,15.428771817091642,0.8392854768750944,0.0,0.0,3.835666664441426,3.919666655858358,3.751666673024496,4.379942198609365,0.8829371279735508,0.0,0.0,3.515000104904175,3.944999933242798,3.7300000190734863,11.60280175801473,0.8953491724654165,0.0710172611376502,0.7967086900043352,0.0961404100181555,0.082546026145812,0.0135943838723434,3.797499974568685,3.6646153468352094,3.799692575215871,3.7035521651977152,1.2081443785215296,0.6515837250518144,0.5565606534697152,0.3297027102282082,26.716329640032324,-0.1360000252723701,83.24515429605492,58.88807542955456,24.35707886650036,3.827499985694885,3.712499976158142,3.7699999809265137,3.642499923706055,99.97406005859376,28.77279924539089,33.711765977473604,18.554706543343865,88.73579631457028,3.477499961853028,3.399999976158142,80.0,4.0,76.0,3.75,3.631848760223465,0.0,0.0,75.59554794133628,0.6581322369276448,0.5990997083691784,0.6379971553648263,50.2697619164374,58.485012693275806,88.8889281347484,78.4101215338024,-11.1110718652516,0.2357500223552477,9.243702193150453,2.5958972826570963,2.254727091102116,0.3411701915549803,-2.83798609943848,5.161740059499144,-7.999726158937625,3.843760631404528,1.8276807586367292,1.8111794316323813,2.9023782222051158,-1.8276784997839428,3.8152174949646,2
2023-06-29,3.910000085830689,3.920000076293945,3.880000114440918,3.900000095367432,3.8152174949646,6546289,-333384848.2021744,260091558,0.0159114498780491,171238.55018174852,0.0183310342630722,0.0123363450458764,88196.61751919673,3.7864529066547994,84.62458879891965,1047.4555616598705,3.7229999661445614,4.012558317641068,3.433441614648056,15.5551090050836,0.8056381007629226,0.0,0.0,3.8556666692097976,3.93266666730245,3.778666671117147,3.994121105309774,0.7878793977649758,0.0,0.0,3.515000104904175,3.944999933242798,3.7300000190734863,11.549820903810517,0.8953491724654165,0.0679155312091878,0.7967086900043352,0.0970206376642286,0.0854409484494953,0.0115796892147332,3.824999988079071,3.679230735852169,3.815124501393034,3.7181038637288055,1.2442394996945607,0.6543778923358863,0.5898616073586744,0.3425160415263508,26.828817124794263,-0.1530000329017644,87.3413437605529,64.80159047598723,22.53975328456568,3.847499966621399,3.712499976158142,3.7799999713897705,3.642499923706055,99.98703002929688,29.0016940889964,34.4245019880617,17.742794859053983,88.49235082862837,3.477499961853028,3.399999976158142,76.0,8.0,68.0,3.773399991989136,3.631848760223465,0.0,0.0,75.59554794133628,0.6581322369276448,0.6178650779010589,0.5990997083691785,50.50337943379715,57.93645820654516,88.8889281347484,83.24302100562049,-11.1110718652516,0.2207794462933257,9.243702193150453,2.609411711455762,2.3256640151728454,0.2837476962829166,-4.475282957498354,3.234335456099645,-7.709618413597999,3.852523287239056,0.0,0.0,2.9023782222051158,0.0,3.834782600402832,3
2023-06-30,3.910000085830689,3.950000047683716,3.880000114440918,3.920000076293945,3.834782600402832,8958988,-332104992.773603,269050546,0.0047146621023983,172372.98431590686,0.0117200513862157,0.0126132081296452,45943.48326649869,3.802642774843694,85.65169342561677,1047.4555616598705,3.7409999728202825,4.03254078491431,3.449459160726255,15.586250425671032,0.8069897867608528,0.0,0.0,3.871000011761983,3.944000013669332,3.798000009854635,3.7716353234584927,0.8356168715868799,0.0,0.0,3.5350000858306885,3.950000047683716,3.742500066757202,11.09328962491719,0.9277109056689612,0.0681239714125488,0.7826723026792108,0.0982000664903126,0.0879927720576588,0.0102072944326538,3.8541666666666665,3.69499996992258,3.831259205223944,3.733059138733631,1.2197308371870548,0.6367713292145714,0.5829595079724834,0.3536569780836233,26.91685667296214,-0.0109999537467961,90.28412672541435,70.34950794313325,19.93461878228112,3.850000023841858,3.715000033378601,3.7825000286102295,3.6449999809265137,99.99351501464844,29.522528873456928,35.066933127298114,16.391080243015658,88.01304454054751,3.477499961853028,3.399999976158142,100.0,4.0,96.0,3.7939919849395753,3.631848760223465,0.0,0.0,76.86088367484554,0.7070456829427754,0.6744367189326882,0.6304671684009752,51.083137586463465,56.07447732446689,92.68293533915023,90.15359720288232,-7.317064660849758,0.2198088568799638,9.803925758990855,2.6305521247012758,2.3866416370785317,0.243910487622744,-3.405723413938514,1.906323682092013,-5.312047096030527,3.8625595008795823,0.5128200112166637,0.5115095676323955,3.4300822097464323,-0.5128175645046298,3.893478393554688,4
2023-07-03,3.950000047683716,4.0,3.940000057220459,3.9800000190734863,3.893478393554688,7673183,-329547265.10693634,276723729,-0.0073399017050429,213518.34954748448,0.0430068422159684,0.0164675969956873,163390.04754621515,3.824716969802542,90.68494626309835,1063.4880291446982,3.760499978065492,4.061064522177867,3.459935433953116,15.985350132457368,0.8651462644341837,0.0,0.0,3.885166684786479,3.953666702906291,3.8166666666666673,3.526233167191719,1.1922139357768944,1.0,0.0,3.5350000858306885,4.0,3.767500042915344,12.36537473425331,0.956989280391068,0.0693115666418995,0.7683795481621908,0.1027913515588001,0.0909524879578871,0.011838863600913,3.875,3.712692279082079,3.8541424073546415,3.7513510557958414,1.2640691219858882,0.5714286598955778,0.6926404620903104,0.3656833321402998,27.001185113625343,-0.0004999876022346,92.82990285856704,75.53633567124349,17.29356718732356,3.875,3.75,3.8125,3.669999957084656,99.99675750732422,30.47140730130044,37.41867714266403,14.985928385741795,106.4356422496772,3.477499961853028,3.399999976158142,100.0,32.0,68.0,3.815833113723755,3.631848760223465,0.0,0.0,80.18081068669716,0.8353824289682834,0.7335201162795678,0.6752739710377718,52.69305019488753,60.65098777416654,95.34884236708582,92.3069019469948,-4.651157632914178,0.2404265179353601,6.702412834359683,2.7401154951890567,2.4573364087006366,0.2827790864884201,-3.76455681203042,0.7721475832675265,-4.536704395297947,3.8763305015897433,1.530610755402506,1.519015082356745,5.013194172370472,-1.5306159245035218,3.893478393554688,0
2023-07-04,3.930000066757202,4.010000228881836,3.910000085830689,3.9800000190734863,3.893478393554688,7134528,-326693477.7209587,283858257,0.025896941122654,183015.72818355812,-0.0140161837740318,0.014185787233943,117446.56427971646,3.849270222323275,85.15468713221142,1063.4880291446982,3.7799999833107,4.08436825301372,3.475631713607681,16.104141325230355,0.8285494180420508,0.0,0.0,3.895000036557516,3.9660000642140703,3.824000008900961,3.6457010007787263,1.098591193000216,1.0,0.0,3.5350000858306885,4.010000228881836,3.772500157356262,12.566141406040964,0.9368416825821476,0.0723804242828242,0.753815844014098,0.1052171008112186,0.0938054105285534,0.0114116902826651,3.8933333357175193,3.730769203259395,3.873505116849849,3.7682880160386314,1.20331937974772,0.6141078091076666,0.5892115706400534,0.3769668827141112,27.13296355437621,0.0799999117851251,95.58951847834264,80.2309041829652,15.35861429537742,3.880000114440918,3.762500166893005,3.8212501406669617,3.695000171661377,99.99837875366212,30.720388013035198,33.547271964065274,16.5393044570978,95.14882349926737,3.487500011920929,3.399999976158142,96.0,28.000000000000004,68.0,3.8452998155279534,3.631848760223465,0.0,0.0,80.18081068669716,0.6884160496436923,0.7436147205182504,0.7171905185768356,53.94878879474344,66.04824726047183,92.10521032276849,93.37899600966814,-7.894789677231534,0.2468971301527585,5.851064605538045,2.792172476291418,2.524303622218793,0.2678688540726255,-4.540420109446992,-0.2903659552753771,-4.250054154171615,3.887583343498845,0.0,0.0,5.013194172370472,0.0,3.854347944259644,1
2023-07-05,3.9600000381469727,3.9600000381469727,3.910000085830689,3.940000057220459,3.854347944259644,7697416,-325153994.5209588,276160841,0.0697852434449136,112885.43181920954,-0.0162392623222407,0.0083027825154816,-77360.89067621618,3.8718793447188817,78.32100727466313,1063.4880291446982,3.799499988555909,4.092175653178878,3.5068243239329395,15.40600950148747,0.7400269063120521,0.0,0.0,3.900333372751872,3.967333380381266,3.8333333651224777,3.4356041510432465,0.7960199996394075,0.0,0.0,3.5350000858306885,4.010000228881836,3.772500157356262,12.50164875593756,0.8526312619366108,0.0721423751788215,0.8002414876822697,0.102727681179553,0.0955898646587533,0.0071378165207996,3.900000015894572,3.7457692072941713,3.8837351076760966,3.781007426496544,1.2036198196821983,0.7511311397098317,0.4524886799723666,0.3842901872413072,27.235819225774208,0.0704998970031729,97.11858628275078,84.26039973786462,12.858186544886166,3.880000114440918,3.762500166893005,3.8212501406669617,3.702500104904175,99.99918937683104,30.951584388217466,31.120087963868908,15.342666614365166,75.4759029134001,3.491249978542328,3.399999976158142,92.0,24.0,68.0,3.874945889931653,3.631848760223465,0.0,0.0,72.17431382316028,0.1025964261573189,0.5421316349230982,0.6730888239069722,52.51919661372545,59.53100582960782,76.66662428116844,88.04022565700757,-23.33337571883156,0.2466618460767411,2.0725431165496904,2.716939418305766,2.562830781436188,0.1541086368695783,-4.556271343242608,-1.1435470328688233,-3.412724310373785,3.888877907274383,-1.0050241623450806,-1.0101086255878131,3.9577861972877937,1.0050254641150929,3.8152174949646,2
2023-07-06,3.9800000190734863,3.9800000190734863,3.890000104904175,3.900000095367432,3.8152174949646,21513908,-341887034.0765141,254646933,0.0124009480567344,-26177.55834203899,-9.288872753853695e-17,0.0053400137836503,-295775.98885177914,3.8983323415245534,61.72080561554276,1063.4880291446982,3.817499995231629,4.087527855318806,3.547472135144453,14.146842720338617,0.6527622003691921,0.0,0.0,3.9015000422795616,3.972000058492024,3.831000026067098,3.613995409379584,0.489362081083721,0.0,0.0,3.539999961853028,4.010000228881836,3.775000095367432,12.311729341607782,0.7659572957058309,0.0739281290778705,0.9638355079021051,0.0964157152100058,0.0957550347690038,0.0006606804410019,3.902500033378601,3.759230751257677,3.886237413474764,3.789821698264758,1.1152073692213709,0.8018431843052451,0.3133641849161257,0.3857054751966818,27.43349415320121,0.0825001001358027,95.451169100217,87.586639983578,7.864529116639005,3.880000114440918,3.762500166893005,3.8212501406669617,3.702500104904175,49.99959468841553,30.72877526004817,28.2863982391782,15.969095628931507,65.36339710588848,3.501250028610229,3.407500028610229,88.0,20.0,68.0,3.874945889931653,4.010000228881836,0.0,1.0,65.16652011818212,0.0,0.2636708252670037,0.5164723935694508,49.0277857728176,57.67418221729237,57.69229358471205,75.48804272954963,-42.307706415287946,0.2414559546638939,0.7751992427776533,2.544069955959975,2.5590786163409454,-0.0150086603809702,7.773608179322132,0.6398840095693678,7.133724169752764,3.8889242015016174,-1.0152274434545472,-1.0204160244013272,2.9023782222051158,1.0152287717906034,3.7858693599700928,3
2023-07-07,3.880000114440918,3.890000104904175,3.8450000286102295,3.869999885559082,3.7858693599700928,6151965,-341203533.11198014,248494968,-0.0047822576240751,-48803.65582655145,-0.0493745483803016,-0.001679263341962,-265738.23566800915,3.902913370660841,55.25754068413288,1055.3072949849973,3.831499993801118,4.081161836507776,3.58183815109446,13.032068020909785,0.5771040767395119,0.0,0.0,3.902833374341329,3.970333393414815,3.835333355267843,3.459026435371589,0.2567890407075168,0.0,0.0,3.539999961853028,4.010000228881836,3.775000095367432,12.266743254318389,0.7021270983359404,0.0720353228458037,1.2143316465865344,0.0879785090074443,0.0941997296166919,-0.0062212206092476,3.900000015894572,3.771153825979967,3.883739332256967,3.7957608232495215,1.0194174532549214,0.9223299555060088,0.0970874977489126,0.3807413505867921,27.40508867657397,0.0685001015663142,93.88043638169964,90.16474477406578,3.715691607633872,3.920000076293945,3.762500166893005,3.8412501215934753,3.702500104904175,24.999797344207764,29.61116997345332,26.687137493979428,19.69208364539294,27.514492343185825,3.501250028610229,3.412500023841858,84.0,16.0,68.0,3.874945889931653,4.007600226402283,0.0,0.0,60.427559518004784,0.0,0.0341988087191063,0.2800004229697361,44.58103255507544,52.22603415481255,46.15376150827128,60.170893124717246,-53.84623849172872,0.2218824197264277,-0.7692361301217772,2.3178096066686984,2.5108248144064964,-0.193015207737798,3.954151794589745,1.3027375665734433,2.6514142280163018,3.888597347457045,-0.7692361301217754,-0.7722100118394692,2.1108159501653567,0.7692388450525129,3.766304254531861,4
2023-07-10,3.859999895095825,3.900000095367432,3.839999914169312,3.849999904632568,3.766304254531861,5871374,-345117790.22220486,242623594,-0.0117905108517346,-58607.04328167708,0.0025547126388859,-0.0044839718922354,-77666.12754022669,3.903557079129244,49.30256861496879,1049.8535155546492,3.8454999923706064,4.064449824226342,3.626550160514871,11.38732712469784,0.5102761263249713,0.0,0.0,3.907833377520244,3.9713334242502847,3.8443333307902017,3.24988506906792,0.0446186588370289,0.0,0.0,3.539999961853028,4.010000228881836,3.775000095367432,12.222084721395897,0.6595739716048694,0.0708318086810354,1.4955495897196545,0.0787701181023821,0.09111380731383,-0.0123436892114478,3.8958333333333335,3.7823076706666217,3.878548651083982,3.7997785329816,0.9507389798976787,0.94581276043991,0.0049262194577686,0.3699309490760015,27.248914166631632,-0.0055000782012943,90.6520475983654,91.82136505355165,-1.1693174551862455,3.9250000715255737,3.772500157356262,3.848750114440918,3.702500104904175,12.499898672103882,28.71479867867877,26.063004234688982,18.46555414093831,17.192135750947017,3.506250023841858,3.4250000715255737,80.0,12.0,68.0,3.874945889931653,4.0010962184906,0.0,0.0,57.42921573861528,0.0,0.0,0.09928987799537,39.98282382693502,49.27333560647129,38.46146792355923,47.43584100551417,-61.53853207644076,0.1922500624376186,-1.2820561413384657,2.0730186619737805,2.423263583919953,-0.3502449219461727,0.5266325517521336,1.1475165636091815,-0.6208840118570479,3.8883166412836254,-0.5167953880604537,-0.5181353941462463,1.5831119626240175,0.5167929365208295,3.834782600402832,0
2023-07-11,3.880000114440918,3.920000076293945,3.859999895095825,3.920000076293945,3.834782600402832,6841134,-338276656.22220486,249464728,0.0046473559193993,18176.89923834569,0.0175409877887162,-0.003704762511618,94041.57260695164,3.905103772144306,47.88163516674196,1049.8535155546492,3.8629999995231623,4.043676572031413,3.682323427014913,9.354210330341814,0.6577406411342543,0.0,0.0,3.9128333806991575,3.976333427429199,3.849333333969117,3.245732212532632,0.5564306324470499,0.0,0.0,3.569999933242798,4.010000228881836,3.790000081062317,11.390118966951862,0.7954543360995279,0.0707486449790695,1.5488711460716902,0.0762419609377582,0.0881394380386156,-0.0118974771008573,3.902500013510386,3.794999984594492,3.884925793423976,3.808683832486218,0.9597990479554218,0.92964833392199,0.0301507140334318,0.3586864210185634,27.06372313939386,-0.0230000853538507,89.53088662554747,92.51977975682858,-2.9888931312811167,3.9250000715255737,3.772500157356262,3.848750114440918,3.705000162124634,6.249949336051941,28.16569613169374,26.24504968710024,17.125389909390968,43.66417161487188,3.5225000381469727,3.4424999952316284,76.0,8.0,68.0,3.874945889931653,3.9914304402313223,0.0,0.0,64.13658504747116,0.2483285047636597,0.0827761682545532,0.0389916589912198,38.00913118877341,52.99118303866391,65.3845871694236,49.99993886708469,-34.61541283057641,0.1675882648019229,2.083337601895205,2.0017928578752446,2.338969438711012,-0.3371765808357669,-1.3995136166492297,0.6381105275574994,-2.037624144206729,3.8898411400216535,1.8181863219567385,1.801854973618111,3.4300822097464323,-1.818184120111212,3.825000047683716,1
2023-07-12,3.920000076293945,3.930000066757202,3.8949999809265137,3.910000085830689,3.825000047683716,6276178,-339173228.6490819,243188550,0.0513287924419736,6614.239326339619,0.0125474973198308,-0.0038229093774179,108373.92007203274,3.9044801333930352,42.92000793857076,1047.175320417141,3.880000007152558,4.0014908161475375,3.7585091981575776,6.2624128232483605,0.6234664536614067,0.0,0.0,3.9160000483194985,3.9770000855127967,3.8550000111262,3.115425763055124,0.4508200095862517,0.0,0.0,3.630000114440918,4.010000228881836,3.820000171661377,9.793817364443544,0.7368418080655738,0.0671737890642314,1.6186276347240094,0.0725946367297987,0.0850304777768522,-0.0124358410470535,3.908333361148834,3.807307683504545,3.888783376871163,3.816188740141364,0.9333333170312172,0.9435897109855128,-0.0102563939542955,0.3463895003687755,26.865560285192256,-0.0500000834465028,86.4364416849257,92.4192350817589,-5.982793396833202,3.9250000715255737,3.772500157356262,3.848750114440918,3.705000162124634,3.1249746680259705,27.797393386746528,26.332540775097637,16.481306658971427,50.91769385681821,3.540000081062317,3.465000033378601,72.0,4.0,68.0,3.874945889931653,3.982344608667602,0.0,0.0,62.61873106291552,0.2280945725406273,0.1588076924347623,0.0805279535631052,35.96645523113345,50.77857630568058,61.53844037706799,55.12816515668359,-38.46155962293201,0.1511764898019678,1.822921177760488,1.9022810891452284,2.251631768797855,-0.3493506796526264,-3.489191021324733,-0.1873497822189471,-3.3018412391057863,3.88998774923004,-0.2551017925670584,-0.2554277316255016,3.166230215975796,0.2551005816624041,3.825000047683716,2
2023-07-13,3.940000057220459,3.940000057220459,3.880000114440918,3.910000085830689,3.825000047683716,12227106,-339173228.6490817,255415656,-0.0132577168416742,5669.347994005388,-0.0012267509386322,0.0002239269514074,-16010.642582699416,3.908222285213468,40.930774660017214,1047.175320417141,3.889000010490418,3.989578428102365,3.788421592878471,5.172456535903376,0.6043965287925563,0.0,0.0,3.917000047365825,3.980000082651774,3.8540000120798745,3.216749273634401,0.444444780837318,0.0,0.0,3.7100000381469727,4.010000228881836,3.860000133514404,7.7140701960819,0.6666664017573042,0.0664564044357624,1.634578322464968,0.0689097572309154,0.0818063336676649,-0.0128965764367494,3.915000041325887,3.821153842485869,3.892047485941859,3.823137728710944,0.9843751474593272,0.885416837409046,0.0989583100502811,0.3332337440144341,26.7449901013082,0.0110000848770139,82.34918836468333,91.5375752638999,-9.188386899216567,3.9250000715255737,3.772500157356262,3.848750114440918,3.705000162124634,1.5624873340129852,27.113047837820464,24.62289160227458,17.034372824189305,40.80466190069744,3.540000081062317,3.470000028610229,68.0,8.0,60.0,3.874945889931653,3.973803926997705,0.0,0.0,62.61873106291552,0.2280945725406273,0.2348392166149715,0.1588076924347624,34.35208296001598,48.63477125238456,61.53844037706799,62.820489307853165,-38.46155962293201,0.1341176685164953,2.0887771205807897,1.8024398313829484,2.1617933813148738,-0.3593535499319253,0.4832583774662246,-0.0532281502819128,0.5364865277481374,3.89013329219914,0.0,0.0,3.166230215975796,0.0,3.854347944259644,3
2023-07-14,3.930000066757202,3.950000047683716,3.9049999713897705,3.940000057220459,3.854347944259644,6009775,-335834457.68444175,261425431,0.0161471848824964,30615.595146141102,0.0131036170557247,0.0089429201027524,46110.76063970257,3.914310596013432,46.13151569700696,1055.209905829666,3.898000013828278,3.981570449802307,3.8144295778542494,4.287862271809135,0.7512852954676049,0.0,0.0,3.9185000419616713,3.9790000915527344,3.8579999923706056,3.08791879255803,0.677685930872067,0.0,0.0,3.75,4.010000228881836,3.880000114440918,6.670093072331373,0.7307688075413564,0.0643107716215806,1.6046593669109253,0.0676306071106789,0.0789711883562677,-0.0113405812455887,3.918333371480306,3.836538461538462,3.899424804600105,3.831794197489426,1.0939226228236734,0.8121547543526484,0.281767868471025,0.3209855496063139,26.5442811688275,0.0020000815391538,79.39885223665138,90.04523630590926,-10.646384069257875,3.9250000715255737,3.775000095367432,3.850000083446503,3.705000162124634,0.7812436670064926,26.636552984084272,24.503270704789383,16.18560247027753,72.50994442841484,3.5450000762939453,3.470000028610229,64.0,4.0,60.0,3.874945889931653,3.965775686228001,0.0,0.0,65.46256882535866,0.3530896671233436,0.2697596040681994,0.2211355043726444,33.810238678087835,50.30961061078754,61.11108167676844,61.39598747696812,-38.888918323231565,0.1339853034299962,1.0256400224333422,1.764985373039872,2.082431779659873,-0.3174464066200011,-2.176771446181001,-0.4779368094617304,-1.6988346367192706,3.890679512657314,0.7672626785478975,0.7643341883944332,3.9577861972877937,-0.767265260393927,3.91304349899292,4
2023-07-17,3.940000057220459,4.010000228881836,3.920000076293945,4.0,3.91304349899292,6870699,-330490613.04196304,268296130,-0.0059623630953965,85133.58824747089,0.0491219102549972,0.0071074008909028,150740.59334743928,3.92074934518546,47.18628960965503,1055.209905829666,3.905000019073487,3.99762839003092,3.8123716481160543,4.744090678873287,1.0128017471567654,1.0,0.0,3.918833382924397,3.9823334534962966,3.8553333123524975,3.2407639910688264,1.1391065107848983,1.0,0.0,3.75,4.010000228881836,3.880000114440918,6.658136430522334,0.9615376150827128,0.0668797097182117,1.5312801173807518,0.0706440250204205,0.0773057556890982,-0.0066617306686777,3.9266666968663535,3.852307695608873,3.914897911584704,3.844253886564284,1.021390593870936,0.7967915256661868,0.2245990682047491,0.3123586559756546,26.493312282150136,0.0150000572204578,76.1249221898642,87.88250338496721,-11.757581195103016,3.9250000715255737,3.775000095367432,3.850000083446503,3.705000162124634,1.0240137852503064,27.04390010474263,28.58968381030305,14.616921437191516,147.12643435166203,3.548750102519989,3.470000028610229,100.0,4.0,96.0,3.839999914169312,3.965775686228001,1.0,0.0,70.32502613274059,0.5668090709048298,0.3826644368562669,0.2957544191798126,34.87906964178654,62.268269295798135,94.11752331238526,72.25568178874055,-5.882476687614754,0.1404853273840509,2.564100056083373,1.8376524315244196,2.0334759100327826,-0.1958234785083632,-3.498809240789016,-1.0821112957271874,-2.4166979450618284,3.8918769652423895,1.522841165181843,1.5113623287089206,5.540898159911811,-1.522840064833602,3.7173912525177,0
2023-07-18,3.990000009536743,3.990000009536743,3.7699999809265137,3.799999952316284,3.7173912525177,10721542,-338288101.3017331,257574588,-0.0553919888636977,-233358.19739401943,-0.1744155556192537,-0.0062389748650749,-431447.3951030038,3.91638262616013,40.95979624520952,1055.209905829666,3.901500022411347,4.0039256839141455,3.799074360908549,5.250578542326584,0.0045183569925513,0.0,0.0,3.907500036557516,3.9830000956853233,3.831999977429708,3.8643663939321664,-0.2119205301498714,0.0,1.0,3.75,4.010000228881836,3.880000114440918,6.664109378144797,0.192307339617797,0.0831917406537392,2.0323715051867173,0.0562454851057578,0.0730937015724302,-0.0168482164666723,3.9166666865348816,3.8611538501886224,3.8972213024664857,3.840975817360728,0.8721462996691519,0.8538814853361747,0.0182648143329772,0.295456025481827,26.834432227377302,0.0784999966621393,68.26189679578168,84.67620455308175,-16.414307757300065,3.890000104904175,3.775000095367432,3.8325001001358032,3.725000143051148,0.5120068926251532,25.515621523103587,22.569639281857786,25.27171919007525,-92.36950873633928,3.558750092983246,3.470000028610229,96.0,4.0,92.0,3.839999914169312,4.010000228881836,0.0,1.0,46.71537555040853,0.0,0.3066329126760578,0.3196856512001747,26.17612856897033,47.77080916402846,12.499975164757002,55.90952671797021,-87.500024835243,0.128852976770962,-3.061227592911464,1.4643540542883755,1.9196515388839013,-0.4552974845955257,-0.8270648813867629,-1.0311020128591026,0.2040371314723397,3.884607267095984,-5.000001192092896,-5.129330693589673,0.2638519937706807,5.000001827875764,3.629347801208496,1
2023-07-19,3.829999923706055,3.829999923706055,3.670000076293945,3.7100000381469727,3.629347801208496,11189188,-343882695.301733,246385400,-0.1209852795172169,-343882.1634269153,-0.1858935554629666,-0.0208264455597919,-801084.0626162144,3.901170251104212,34.36414903828886,1055.209905829666,3.892000019550325,4.024151503670903,3.7598485354297457,6.790929262937014,-0.1886036226323797,0.0,1.0,3.887500031789144,3.974000080426534,3.800999983151754,4.450163237559149,-0.5260109470357294,0.0,1.0,3.670000076293945,4.010000228881836,3.84000015258789,8.735872324768748,0.1176468938280481,0.0908725513295763,2.808023723737953,0.037144123243376,0.0659037859066193,-0.0287596626632433,3.894166688124338,3.866538469608014,3.8684180310327134,3.8312739077893374,0.7695474228137257,1.0164610805832934,-0.2469136577695677,0.2685579849878948,27.19206912420494,0.0879999995231619,57.92533167578987,80.50666706147874,-22.581335385688867,3.84000015258789,3.790000081062317,3.815000116825104,3.730000138282776,0.2560034463125766,25.24807197926597,19.49441412455037,30.34425687134924,-243.04466847830196,3.56125009059906,3.470000028610229,92.0,100.0,-8.0,3.839999914169312,4.010000228881836,0.0,0.0,40.17850208442136,0.0,0.1889363569682766,0.2927445688335338,16.46384882445777,45.17623360871471,11.764689382804814,39.460729286649006,-88.23531061719518,0.0904706176589513,-6.783919086245824,0.9694979825863804,1.7296208276243972,-0.7601228450380167,1.6191593396548294,-0.5010497423563163,2.120209082011145,3.867135863505205,-2.368418823648988,-2.396916728244736,-2.1108159501653567,2.3684203606379697,3.61956524848938,2
2023-07-20,3.7200000286102295,3.7300000190734863,3.684999942779541,3.700000047683716,3.61956524848938,7440922,-346362976.3528287,238944478,-0.0782763731763265,-305386.01851419,-0.0257025151023087,-0.023499486023258,-285063.2090029802,3.888239217145508,27.60158668191805,1052.36567701928,3.8820000171661375,4.03828185283899,3.725718181493287,8.05161437309511,-0.0822812635225479,0.0,1.0,3.8656666914622,3.947666756312053,3.783666626612345,4.242479830501735,-0.5101616631756767,0.0,1.0,3.670000076293945,4.010000228881836,3.84000015258789,8.758375865131791,0.0882351703710364,0.0862853038260132,3.450051173343667,0.0209576539040603,0.0569145595061075,-0.0359569056020472,3.870833357175192,3.871538474009588,3.842507572055945,3.821549918151885,0.7773109361551386,1.1260504437388492,-0.3487395075837106,0.2351773907488788,27.11583846168526,0.0580000400543205,49.212515731838174,75.54356476704969,-26.331049035211517,3.84000015258789,3.820000171661377,3.830000162124634,3.730000138282776,0.1280017231562883,24.99963311713103,18.72177330627504,29.141593825963817,-225.8046408175172,3.56125009059906,3.470000028610229,88.0,100.0,-12.0,3.839999914169312,3.99640022277832,0.0,0.0,39.51684244602412,0.0,0.0,0.1651897565481115,9.25446908130899,41.06783534162229,8.823517037103644,11.029393861555135,-91.17648296289636,0.0451911877183355,-7.035175126832094,0.5484071738671817,1.4933780968729542,-0.9449709230057723,0.1178396640095939,-0.3772718610831342,0.4951115250927281,3.8524809637331416,-0.2695415191491856,-0.2699054363876962,-2.3746679439360263,0.26954023849295083,3.658695697784424,3
2023-07-21,3.700000047683716,3.759999990463257,3.700000047683716,3.740000009536743,3.658695697784424,5413194,-344558578.3528287,244357672,-0.0410917183008201,-230826.93679744337,0.0249390840482689,-0.0247900401780936,38464.58545453155,3.875949405032483,26.019522827458204,1063.742592260824,3.87700002193451,4.0443440121313845,3.709656031737635,8.63265355945884,0.0906634823378163,0.0,0.0,3.8521666924158735,3.935666743914287,3.76866664091746,4.335225246758294,-0.1716563694650031,0.0,1.0,3.670000076293945,4.010000228881836,3.84000015258789,8.769671154611986,0.2058820641990832,0.0836567677213659,3.8627334906978095,0.0112279936418291,0.0477772463332518,-0.0365492526914227,3.8541666865348816,3.871923089027405,3.826737177822222,3.8155091841803928,0.7521369019211632,1.1623931345262943,-0.4102562326051311,0.2005685857585047,26.83741552510504,0.023000073432922,42.1732147689311,70.15702778600144,-27.98381301707033,3.84000015258789,3.84000015258789,3.84000015258789,3.730000138282776,0.0640008615781441,24.280863525893604,20.40597377604206,27.572442016558508,-161.0799987628881,3.6162500381469727,3.5199999809265137,84.0,96.0,-12.0,3.839999914169312,3.983344216918945,0.0,0.0,43.52325126870459,0.0985247873244492,0.0328415957748164,0.0739259842476977,5.091022622972555,42.097130887303344,20.588206419908328,13.725470946605576,-79.41179358009167,0.0010588358430303,-5.076143268505668,0.2942724836931827,1.253556974237,-0.9592844905438174,-3.013257150412578,-0.9044689189490231,-2.1087882314635547,3.847415442026098,1.0810800361494175,1.0752781438702286,-1.319259968853348,-1.0810814727369547,3.66847825050354,4
2023-07-24,3.7300000190734863,3.75,3.700000047683716,3.75,3.66847825050354,3183463,-341375115.3528287,247541135,-0.0506887501683924,-193303.8601635042,-0.0078530682832836,-0.0243498176430402,67032.8846678011,3.866569806968472,27.685191684887076,1066.58682107121,3.872500026226045,4.0482128906636055,3.696787161788484,9.07490578425134,0.1514198700870461,0.0,0.0,3.8391666968663536,3.921666725476583,3.756666668256124,4.297809140591284,-0.0404040360253745,0.0,1.0,3.670000076293945,4.010000228881836,3.84000015258789,8.779861853719318,0.235293787656095,0.0802910861808578,4.208430656620951,0.0042748061383823,0.0390767582942779,-0.0348019521558956,3.841666678587596,3.871538474009588,3.8149314581572646,3.810656652018882,0.7678572264860808,1.1875001862644536,-0.4196429597783728,0.1667788349025521,26.460589567925368,-0.0025001406669624,35.672506744947846,64.1727633548237,-28.50025660987585,3.84000015258789,3.84000015258789,3.84000015258789,3.730000138282776,0.032000430789072,23.613434619744567,19.46534718315544,26.301472423230443,-144.94997021495033,3.65625,3.559999942779541,80.0,92.0,-12.0,3.839999914169312,3.970810451293945,0.0,0.0,44.512802515296855,0.1529806154180834,0.0838351342475108,0.0388922433407758,2.255970814404675,44.44873552094241,23.529378765609497,17.647034074207138,-76.4706212343905,-0.0502500120331261,-3.8461561974218377,0.1121803019465842,1.0252816397789168,-0.9131013378323326,-7.897617346701197,-2.303098604499458,-5.594518742201739,3.8442481531209394,0.2673794234694604,0.2670226005947684,-1.0554079750826784,-0.2673781458523621,3.648913145065308,0
2023-07-25,3.759999990463257,3.7799999713897705,3.700000047683716,3.7300000190734863,3.648913145065308,5476535,-342744249.1028287,242064600,-0.0286907487363336,-181336.2509320585,0.021911623155567,-0.0216247543946254,-20696.233795805856,3.8557093421263215,33.04970312834878,1066.58682107121,3.867500030994415,4.053174503080487,3.681825558908344,9.601782577792545,0.1297282809637142,0.0,0.0,3.822833363215129,3.907333366076152,3.7383333603541056,4.4208049283087725,-0.0493097100500993,0.0,1.0,3.670000076293945,4.010000228881836,3.84000015258789,8.791212666143663,0.1764703407420715,0.0802619699333775,4.57090847705058,-0.0028170037019132,0.0306980058950397,-0.033515009596953,3.830000023047129,3.8665384787779593,3.801865082913606,3.8046820866155193,0.7876106773511906,1.1327434057766894,-0.3451327284254988,0.1336480010969764,26.17971510209677,-0.0175001263618472,27.509389814395263,57.62531314698698,-30.11592333259172,3.84000015258789,3.84000015258789,3.84000015258789,3.730000138282776,0.016000215394536,22.492036693971897,20.792372981793367,24.3661575157435,-122.6142979081763,3.681249976158142,3.584999918937683,76.0,88.0,-12.0,3.839999914169312,3.958778036293945,0.0,0.0,42.8940504326923,0.1096204833433374,0.1203752953619567,0.0790173417947613,-0.5206231268775071,42.23237532650825,17.647034074207156,20.588206419908307,-82.35296592579284,-0.0832500114160428,-3.6175677164230855,-0.074040449051531,0.8054172220128273,-0.8794576710643582,-9.484988871258244,-3.739476657851215,-5.745512213407029,3.833414419928965,-0.5333328247070335,-0.5347601213060216,-1.5831119626240175,0.5333302830825346,3.66847825050354,1
2023-07-26,3.75,3.7699999809265137,3.714999914169312,3.75,3.66847825050354,4030184,-341645101.6590629,246094784,-0.0525369272345267,-143916.27178028724,0.0034116744422387,-0.0213810633630369,-7598.613846912049,3.836252088826038,43.52029157469445,1072.305779775986,3.860000026226044,4.051833313009715,3.668166739442372,9.93954847048168,0.2132926509514234,0.0,0.0,3.806166688601176,3.89266668955485,3.719666687647502,4.545255530333271,0.1753370636882605,0.0,0.0,3.670000076293945,4.010000228881836,3.84000015258789,8.80829404864829,0.235293787656095,0.0777357796157599,4.836816145908013,-0.0067457222926003,0.0232092602575117,-0.0299549825501121,3.821666697661082,3.861923098564149,3.793885839388436,3.800631561681037,0.8127853264863322,1.1643835467305632,-0.351598220244231,0.1031580592977345,25.88068247566456,0.0600000500679009,20.210520669356058,50.721016736395065,-30.510496067039007,3.84000015258789,3.84000015258789,3.84000015258789,3.730000138282776,0.008000107697268,21.45073862004013,19.71814616777489,23.10729303784436,-98.6788804364168,3.6987500190734863,3.602499961853028,72.0,84.0,-12.0,3.839999914169312,3.947226917893945,0.0,0.0,45.04622558002543,0.1794777384551042,0.1473596124055083,0.117190014004992,-2.1006687693106905,40.74982526550556,23.529378765609497,21.5685972018087,-76.4706212343905,-0.090338255377377,-2.59740018466602,-0.1774895088651196,0.608835875837238,-0.7863253847023576,-12.379340499489592,-5.467449426178891,-6.911891073310701,3.827546329201522,0.5361925153952507,0.5347601213060216,-1.0554079750826784,-0.5361899464417519,3.7173912525177,2
2023-07-27,3.740000009536743,3.809999942779541,3.740000009536743,3.799999952316284,3.7173912525177,5418297,-337774889.5162058,251513081,-0.0281233385903716,-84654.71986375112,0.0419873593696519,-0.0148552128094688,93853.436067448,3.831259880094835,49.61954599191871,1072.305779775986,3.8550000190734863,4.047613648652745,3.6623863894942272,9.992924961154827,0.3572269603211805,0.0,0.0,3.793500010172526,3.8810000101725257,3.7060000101725263,4.613154066975751,0.537142526535761,0.0,0.0,3.670000076293945,4.010000228881836,3.84000015258789,8.819718570834326,0.3823524049411535,0.0769621949784637,4.9633540176897615,-0.005758303655599,0.0174157474748895,-0.0231740511304885,3.8116666873296094,3.8580769392160272,3.794826472146567,3.800584775802166,0.8873874251210185,1.0540541991834054,-0.1666667740623868,0.0781097156394915,25.693539836505355,0.0550000667572025,14.659975194969563,43.5278081762082,-28.86783298123863,3.84000015258789,3.84000015258789,3.84000015258789,3.730000138282776,0.004000053848634,20.01870844468982,22.193036587087597,21.579211279412373,-58.80351977192546,3.7075000405311584,3.6100000143051143,68.0,80.0,-12.0,3.839999914169312,3.936137844229945,0.0,0.0,50.10851930077742,0.3437942646167777,0.2109641621384064,0.1595663566352905,-1.855916485275724,50.84632260394813,38.23524049411535,26.47055111131065,-61.76475950588465,-0.0828676693579733,-3.061227592911464,-0.1515109909470094,0.4567665024803885,-0.608277493427398,-13.049099668341077,-6.983779474611328,-6.0653201937297485,3.826557226050913,1.333332061767578,1.324521420167435,0.2638519937706807,-1.333332206820259,3.7173912525177,3
2023-07-28,3.799999952316284,3.809999942779541,3.759999990463257,3.799999952316284,3.7173912525177,4811794,-334887813.1162058,256324875,-0.0183137654772761,-72561.18845464382,0.0103911149630707,-0.0142954697863127,72243.89110279083,3.82722641899462,55.37513957091003,1072.305779775986,3.8490000128746034,4.040614234640828,3.6573857911083785,9.956571635504824,0.3721387689633478,0.0,0.0,3.77933333714803,3.867333324750264,3.691333349545797,4.65690531910796,0.6174239663627477,0.0,0.0,3.670000076293945,4.010000228881836,3.84000015258789,8.83346717200876,0.3823524049411535,0.0742659707122457,5.065425057654822,-0.004919063371275,0.0129487853056566,-0.0178678486769316,3.802500009536743,3.8542307798679065,3.795622392172677,3.800541455543952,0.9090910076109696,1.0636365114164554,-0.1545455038054859,0.057618079061286,25.492032902369782,0.0610000729560855,8.648667967563137,36.03044659595252,-27.381778628389384,3.830000042915344,3.84000015258789,3.8350000977516174,3.730000138282776,0.002000026924317,18.688966139007388,21.11874476775922,20.53463272189676,-47.4369657859197,3.7199999690055847,3.6374999284744254,64.0,76.0,-12.0,3.839999914169312,3.925492333512505,0.0,0.0,50.10851930077742,0.3437942646167777,0.2890220892295532,0.215781954591156,-1.662202543061727,59.79824600831065,38.23524049411535,33.33328658461338,-61.76475950588465,-0.0778970928753124,-2.8133025856707863,-0.1294305937407798,0.3395270832361549,-0.4689576769769347,-14.236692530712498,-8.434362085831562,-5.802330444880935,3.825113991494606,0.0,0.0,0.2638519937706807,0.0,3.727173805236816,4
2023-07-31,3.799999952316284,3.819999933242798,3.7899999618530273,3.809999942779541,3.727173805236816,4908262,-333251725.7828725,261233137,-0.0248309112348482,-55183.50821952815,0.0122242629996395,-0.0146752358426753,12916.46679133449,3.8208550094076,54.34735656507662,1072.305779775986,3.840500009059906,4.022980173714421,3.6580198444053913,9.502937858301587,0.4164290915176721,0.0,0.0,3.76233332157135,3.844333291053772,3.680333352088928,4.358995467641038,0.7906502374882534,0.0,0.0,3.670000076293945,4.010000228881836,3.84000015258789,8.853017882718811,0.4117641283981652,0.0698393707799982,5.206515713647281,-0.0034077611927987,0.0096774760059655,-0.0130852371987643,3.7941666642824807,3.8530769348144536,3.797834323035272,3.80124208422807,0.924528369788136,1.0849058089115466,-0.1603774391234107,0.0414510660313687,25.185342581707182,0.0995000481605528,1.7842813573893113,28.6440448805756,-26.859763523186285,3.75,3.84000015258789,3.795000076293945,3.745000123977661,0.0010000134621585,17.626183022667586,21.489207467380712,19.911827014356973,-28.43275964341246,3.7274999618530273,3.642499923706055,60.0,72.0,-12.0,3.839999914169312,3.9152726432237626,0.0,0.0,51.15226242941074,0.3776730268069471,0.3550871853468342,0.2850244789049313,-1.204644653154704,61.02893001560502,41.17641283981652,39.21563127601573,-58.82358716018348,-0.0691029906272886,-2.5575483594881465,-0.0896486231944565,0.2536919419500326,-0.3433405651444892,-14.982191851750942,-9.743928039015438,-5.238263812735504,3.823578306805045,0.2631576470721208,0.2628119936122441,0.5277039875413392,-0.2631563926043583,3.727173805236816,0
2023-08-01,3.819999933242798,3.825000047683716,3.7799999713897705,3.809999942779541,3.727173805236816,2729064,-332342047.42225707,263962201,-0.0390143091081648,-47300.1499024527,-0.0041221972527122,-0.0158659283121427,12916.46679133449,3.814073857076294,49.28722454010504,1072.305779775986,3.832000005245209,4.003184147275955,3.660815863214462,8.934454164740664,0.4357415289620808,0.0,0.0,3.7574999888738,3.821999963124593,3.6930000146230064,3.4331323721507414,0.906976549336338,0.0,0.0,3.670000076293945,4.010000228881836,3.84000015258789,8.872655326787624,0.4117641283981652,0.0673554413313929,5.3383949270598885,-0.0021848576490595,0.0073050092749605,-0.00948986692402,3.783333321412405,3.851923089761001,3.7997059568420815,3.801890814491142,0.8831775628049169,1.088785079006797,-0.2056075162018801,0.0287882557861462,24.942035003727675,0.1679999947547914,-2.0732611974333266,21.977534561328568,-24.050795758761893,3.754999995231629,3.84000015258789,3.79750007390976,3.745000123977661,0.0005000067310792,16.449312073257037,20.48553932487167,20.019732854329707,-24.444459279373167,3.73499995470047,3.642499923706055,56.00000000000001,68.0,-11.999999999999991,3.839999914169312,3.9054617405465697,0.0,0.0,51.15226242941074,0.3776730268069471,0.3663801060768906,0.3368297935510927,-0.8297833901956484,61.540144137232616,41.17641283981652,40.19602205791611,-58.82358716018348,-0.06270593474893,-3.299495242460194,-0.0574676590061922,0.1914600217587876,-0.2489276807649798,-18.416502296583023,-11.478442890528957,-6.938059406054066,3.8234717120161377,0.0,0.0,0.5277039875413392,0.0,3.66847825050354,1
2023-08-02,3.7799999713897705,3.7899999618530273,3.740000009536743,3.75,3.66847825050354,5791412,-335816894.62225705,258170789,-0.0746304515791321,-90183.61257535192,-0.0323755140189027,-0.0180908399607334,-91203.252974131,3.796381422486281,53.4667104232757,1072.305779775986,3.822500002384186,3.989697514901796,3.655302489866576,8.748071283888805,0.2831905472381057,0.0,0.0,3.759833319981893,3.813333304723104,3.706333335240682,2.845870026039805,0.4080997870423822,0.0,0.0,3.670000076293945,4.010000228881836,3.84000015258789,8.894706406169385,0.235293787656095,0.0676198905225334,5.573839374787231,-0.0059881638960757,0.0046463746407533,-0.010634538536829,3.762499988079071,3.84884616961846,3.792058886558685,3.7980470504547608,0.8425925108303856,1.1111112337544218,-0.2685187229240362,0.0158827115553062,24.757010261080232,-0.0225000500679017,-4.940773804352661,15.960502390640698,-20.90127619499336,3.762500047683716,3.84000015258789,3.8012501001358032,3.745000123977661,0.0002500033655396,15.91043577459591,18.99902177701426,22.71354407457852,-58.51715617459208,3.75,3.642499923706055,52.0,64.0,-12.0,3.839999914169312,3.8960432739764648,0.0,0.0,44.652027713171535,0.1666825061602559,0.30734285325805,0.342936714893925,-2.3441302210228576,53.15514346001428,23.529378765609497,35.29406814841416,-76.4706212343905,-0.0605588660520663,-6.25,-0.1576642894763167,0.1216351595117667,-0.2792994489880835,-16.899916439691367,-12.56273760036144,-4.337178839329928,3.821247332449476,-1.5748016714081323,-1.587333413779679,-1.0554079750826784,1.5748005808263201,3.648913145065308,2
2023-08-03,3.75,3.7699999809265137,3.7200000286102295,3.7300000190734863,3.648913145065308,3515887,-337926426.82225704,254654902,0.0317158190165805,-87345.62119884127,-0.0284422705465868,-0.0210584033608986,-109954.63242473832,3.783973334004952,47.38745077443036,1066.58682107121,3.813999998569488,3.981857093840109,3.646142903298868,8.802154972919707,0.2497872241844277,0.0,0.0,3.763333320617676,3.817333292961121,3.709333348274231,2.86979481979991,0.1913581609617644,0.0,0.0,3.670000076293945,4.010000228881836,3.84000015258789,8.914529436691517,0.1764703407420715,0.0658578967019084,5.852350048477475,-0.0104951611276642,0.0016180674870697,-0.012113228614734,3.756666660308838,3.842307705145616,3.7825113684840392,3.793006529611704,0.8018433605028019,1.1382489613408049,-0.3364056008380027,0.0023125927095034,24.66138913476477,-0.1039999604225156,-7.795295978507211,10.408445640925333,-18.20374161943254,3.762500047683716,3.84000015258789,3.8012501001358032,3.745000123977661,0.0001250016827698,15.740643160776743,17.994588252554884,23.627438276836312,-71.05386449204056,3.7699999809265137,3.642499923706055,48.0,60.0,-12.0,3.839999914169312,3.887001546069164,0.0,0.0,42.70399551322071,0.1034515081968558,0.2159356803880196,0.2965528799076534,-4.176008006607801,51.56273156047359,17.647034074207156,27.45094189321104,-82.35296592579284,-0.0659706255968881,-1.84210352950477,-0.2766976815286066,0.0419685913036921,-0.3186662728322986,-18.73876806853476,-13.797943693996103,-4.9408243745386535,3.819379915182955,-0.5333328247070335,-0.5347601213060216,-1.5831119626240175,0.5333302830825346,3.678260803222656,3
2023-08-04,3.7699999809265137,3.7699999809265137,3.7200000286102295,3.759999990463257,3.678260803222656,3409649,-335880637.42225707,258064551,0.0435818313284173,-60254.90782055543,0.0,-0.0245671112362555,8672.044658266514,3.765523988412709,44.675176348396576,1075.165259128374,3.8085000038146974,3.975864896698493,3.641135110930902,8.789018916432095,0.3551069686247907,0.0,0.0,3.764999985694885,3.817999958992005,3.712000012397766,2.815403638698141,0.4528302098984246,0.0,0.0,3.670000076293945,4.010000228881836,3.84000015258789,8.927403236112319,0.2647055111131067,0.064272102263346,5.862850584657854,-0.011513521228128,-0.0010082502559697,-0.0105052709721583,3.7608333230018616,3.836923085726224,3.779048079557765,3.790561600785893,0.779904203606351,1.200957279480982,-0.4210530758746309,-0.0095900395023668,24.5580712484342,-0.1084999561309816,-10.87470233786876,5.236533520612375,-16.111235858481134,3.762500047683716,3.84000015258789,3.8012501001358032,3.745000123977661,6.25008413849064e-05,15.582978590801806,17.025265228278926,22.35468784737624,-56.88391621774462,3.7799999713897705,3.642499923706055,44.0,56.00000000000001,-12.000000000000009,3.839999914169312,3.878321487278155,0.0,0.0,46.47605881934548,0.5981061606076893,0.2894133916549337,0.2708973084336678,-4.681798750766874,52.503417487427626,28.1249790452378,23.1004639616848,-71.8750209547622,-0.071838265306809,1.3477075957459443,-0.3037418314410459,-0.0271734932452554,-0.2765683381957904,-20.325122958298188,-15.10337954685652,-5.2217434114416665,3.818535398882376,0.8042887730928872,0.8010716096175985,-0.7915559813120088,-0.8042849196626349,3.688043594360352,4
2023-08-07,3.7200000286102295,3.7699999809265137,3.7200000286102295,3.7699999809265137,3.688043594360352,2262738,-333617899.42225707,260327289,0.0970233665612931,-48414.58407178339,0.0,-0.0121088572634517,33441.33859776747,3.751597178440639,53.96888379521449,1078.0247384807624,3.8045000076293936,3.9715299734767657,3.637470041782023,8.78065267511715,0.3967250381455318,0.0,0.0,3.766999983787537,3.819999957084656,3.7140000104904174,2.8139088678110493,0.5283018740609461,0.0,0.0,3.670000076293945,4.010000228881836,3.84000015258789,8.936789378527221,0.2941172345701184,0.0628448872686398,5.715420545262014,-0.0113824534496198,-0.0030830908946997,-0.00829936255492,3.766666650772095,3.831153851289016,3.7776560643837263,3.789038517833346,0.9190751779664732,1.2312140528672122,-0.3121388749007391,-0.0193368523884308,24.4767605838672,-0.0644999980926512,-14.007709965658188,0.6235224339397695,-14.631232399597955,3.7699999809265137,3.84000015258789,3.805000066757202,3.745000123977661,3.12504206924532e-05,15.436575775825078,16.091763879676556,21.128972360815187,-49.47787210847365,3.7825000286102295,3.6449999809265137,40.0,52.0,-12.0,3.839999914169312,3.8699886308387854,0.0,0.0,47.711783977491656,0.7043099039973205,0.4686225242672885,0.3246571987700806,-4.759772151313472,55.90282791519413,62.49999999999993,36.09067103981494,-37.50000000000007,-0.0802353143692018,1.8918900632614692,-0.3004047965215352,-0.0818197539005114,-0.2185850426210237,-23.3773763450348,-16.758178906492176,-6.619197438542624,3.817845115898479,0.2659571938463001,0.2656041535203934,-0.5277039875413392,-0.2659624116137991,3.629347801208496,0
2023-08-08,3.7799999713897705,3.7799999713897705,3.7100000381469727,3.7100000381469727,3.629347801208496,5749938,-339367837.42225707,254577351,-0.0092917232153708,-90783.35077380128,0.0,0.0011692538410459,-85492.94830456514,3.752564484023104,58.76734469744078,1078.0247384807624,3.794000005722046,3.9570214920509614,3.6309785193931297,8.59364713142067,0.2423653486829557,0.0,0.0,3.766666650772095,3.818666625022888,3.714666676521301,2.7610605913392563,-0.0448715450494439,0.0,1.0,3.670000076293945,4.010000228881836,3.84000015258789,8.961522194915885,0.1176468938280481,0.0635603918660556,5.422511619504138,-0.0159363706716684,-0.0056537468500935,-0.0102826238215748,3.764166653156281,3.820769236637996,3.767247444962687,3.7831838156343554,1.0258064397043738,1.0387096595565604,-0.0129032198521865,-0.0302601541792746,24.37391031779101,-0.0440000057220459,-16.01328885705683,-3.401345291217217,-12.61194356583961,3.767500042915344,3.84000015258789,3.8037500977516174,3.755000114440918,1.56252103462266e-05,15.30063030477526,14.863073630606912,19.515664925613287,-64.81112870241382,3.8125,3.669999957084656,36.0,48.0,-12.0,3.839999914169312,3.8619890886569928,0.0,0.0,41.51812276342193,0.1719989755638637,0.4914716800562912,0.4165025319928379,-6.659076415379013,47.90073122985937,17.85719759606133,36.16072554709967,-82.14280240393867,-0.0879117860513578,-0.8021382704083594,-0.4212423040564379,-0.1497042639316967,-0.2715380401247412,-20.069088973578715,-17.420360919909484,-2.648728053669231,3.816520294534511,-1.5915104266073563,-1.6043109499092711,-2.1108159501653567,1.5915157088059289,3.639130592346192,1
2023-08-09,3.7200000286102295,3.744999885559082,3.700000047683716,3.7200000286102295,3.639130592346192,3184440,-339721656.5903321,257761791,-0.0047962946405584,-73265.10500171344,-0.0317951686577019,0.0007340643013749,-82927.47484106437,3.756831527792405,63.10188537035013,1080.9304627376675,3.784500002861023,3.941404433623569,3.627595572098477,8.291950357718521,0.2944609532779683,0.0,0.0,3.7643333196640016,3.8153332710266112,3.713333368301392,2.709640567491616,0.065359477124183,0.0,0.0,3.670000076293945,4.010000228881836,3.84000015258789,8.984017765381326,0.1470586172850598,0.0617043364669867,5.077829051426847,-0.018524923436356,-0.008227982167346,-0.01029694126901,3.7616666555404654,3.8107692370047936,3.7599786116776936,3.7785035351140497,0.9935485419077132,0.9548388704426252,0.0387096714650879,-0.0409364281559262,24.310542208676846,-0.0544999837875366,-17.402308135345297,-6.963821216807757,-10.43848691853754,3.762500047683716,3.84000015258789,3.8012501001358032,3.762500166893005,7.8126051731133e-06,15.378458332746677,14.116840910860637,19.651556437205493,-73.51737945486914,3.8212501406669617,3.695000171661377,32.0,44.0,-12.0,3.839999914169312,3.854309528162471,0.0,0.0,42.849722100763486,0.1382167358485027,0.3381752051365623,0.4327564698200474,-7.842939168447383,47.0399465224073,15.999984741210938,32.11906077909071,-84.00001525878906,-0.0906764942056992,-0.7999992370605469,-0.4902714332328097,-0.2178176977919193,-0.2724537354408903,-21.397672412436396,-18.21582321841487,-3.181849194021524,3.814714672544209,0.2695415191491968,0.2691789074430684,-1.8469639563946871,-0.2695468076781822,3.639130592346192,2
2023-08-10,3.7300000190734863,3.759999990463257,3.7200000286102295,3.7200000286102295,3.639130592346192,3169403,-342891059.5903321,260931194,-0.0353116018366365,-62798.6614300401,0.0220862114738993,0.0005302876889199,8583.387952394429,3.757746240257636,61.59204000113458,1080.9304627376675,3.775,3.923121555980461,3.6268784440195394,7.847499654593934,0.3143417714399862,0.0,0.0,3.759333324432373,3.8073332786560057,3.71133337020874,2.553641833868523,0.0902777777777771,0.0,0.0,3.670000076293945,4.010000228881836,3.84000015258789,9.006626558619631,0.1470586172850598,0.0595338990055907,4.813009706152476,-0.020341881603147,-0.0106507620545062,-0.0096911195486408,3.7608333230018616,3.8023076974428616,3.7538280604365455,3.7741699420396926,1.0,0.9735099379574365,0.0264900620425636,-0.0509147443595105,24.167177192065825,-0.0249999999999999,-19.835187211029663,-10.12869401442918,-9.706493196600489,3.762500047683716,3.84000015258789,3.8012501001358032,3.762500166893005,3.90630258655665e-06,15.029487376861631,15.189152120182436,18.750381553324104,-56.12547905274951,3.8212501406669617,3.702500104904175,28.000000000000004,40.0,-11.999999999999996,3.839999914169312,3.84693715008773,0.0,0.0,42.849722100763486,0.1382167358485027,0.1494774824202898,0.3263747892043812,-8.811863146121432,41.39942595191635,15.999984741210938,16.619055692827715,-84.00001525878906,-0.088073550252353,-0.2680962576976282,-0.5389763024860941,-0.2820494187307543,-0.2569268837553398,-22.397731527782906,-19.05220488028848,-3.3455266474944274,3.8058820857467306,0.0,0.0,-1.8469639563946871,0.0,3.61956524848938,3
2023-08-11,3.7100000381469727,3.7300000190734863,3.680000066757202,3.700000047683716,3.61956524848938,4121295,-343715318.5903321,256809899,-0.0762187670018226,-65602.5414246824,-0.042462300372613,-0.0019418003174606,-22157.478698549898,3.755244760586424,57.31865861409398,1080.9304627376675,3.762999999523162,3.8935526329444543,3.632447366101871,6.93875277373558,0.2587181882568893,0.0,0.0,3.750666666030884,3.798666620254517,3.702666711807251,2.5595425292447165,-0.0277777777777797,0.0,1.0,3.670000076293945,4.010000228881836,3.84000015258789,9.035348196411771,0.0882351703710364,0.0585805043366601,4.579331911811494,-0.0231290480857611,-0.0131464192607572,-0.0099826288250038,3.756666660308838,3.794615387916565,3.7455468277053408,3.768675875791102,0.9470198759148728,1.0,-0.0529801240851272,-0.0609297255707519,24.10924805942508,0.0369999527931215,-23.11501001873819,-12.895281945110014,-10.219728073628175,3.752500057220459,3.84000015258789,3.796250104904175,3.762500166893005,1.953151293278325e-06,15.517566116226387,14.306020057702344,22.31157453084772,-96.731973296318,3.8212501406669617,3.702500104904175,24.0,36.0,-12.0,3.839999914169312,3.8398596671359786,0.0,0.0,40.70017058666026,0.0,0.0921444905656685,0.1932657260408402,-10.23139724962809,42.78599301230232,13.79309210850842,15.264353863643413,-86.20690789149158,-0.0932794276405784,-1.333332061767578,-0.613718155873672,-0.3483831661593378,-0.2653349897143341,-21.382625167596085,-19.51828893775,-1.864336229846085,3.793769880476975,-0.5376338917391199,-0.5390843438307646,-2.3746679439360263,0.5376378604813397,3.5119564533233643,4
2023-08-14,3.5999999046325684,3.650000095367432,3.569999933242798,3.5899999141693115,3.5119564533233643,5327276,-346378964.5285759,251482623,-0.155990693964966,-139945.188545168,-0.142662360475846,-0.0136970848625616,-180536.14456773867,3.743135654620635,48.2943069772548,1080.9304627376675,3.742499995231628,3.843073327933224,3.641926662530033,5.374660405062782,-0.2581536624364919,0.0,1.0,3.7303333361943567,3.783333309491476,3.6773333628972367,2.841567684200016,-0.8239008748016813,0.0,1.0,3.569999933242798,3.990000009536743,3.7799999713897705,11.222446942660609,0.0476189935558875,0.0657224653470859,4.483013460650193,-0.0338240860594907,-0.0172819526205039,-0.0165421334389868,3.7391666571299234,3.783846158247728,3.7216165333151823,3.755440619374673,0.8260867376117785,1.0745341283782524,-0.2484473907664738,-0.0760749716959104,24.160999232688333,0.0574999570846559,-29.61417695282037,-15.955383695708573,-13.658793257111796,3.6799999475479126,3.790000081062317,3.7350000143051143,3.762500166893005,9.765756466391624e-07,17.496457944071437,12.303092516550992,31.034480911981984,-288.01625786467486,3.8412501215934753,3.702500104904175,20.0,100.0,-80.0,3.839999914169312,3.833065283502297,0.0,0.0,31.377067042185388,0.0,0.0460722452828342,0.0958980727562642,-14.691918993440648,38.46888436973665,7.843126255203132,12.545401034974144,-92.15687374479688,-0.1129264845567594,-5.526316862687524,-0.9006689091285072,-0.4588403147531717,-0.4418285943753354,-18.256222495603605,-19.265875649320723,1.0096531537171174,3.747115271592573,-2.9729765431561805,-3.018065394575209,-5.277046166141142,2.9729756967615373,3.541304349899292,0
2023-08-15,3.619999885559082,3.634999990463257,3.5999999046325684,3.619999885559082,3.541304349899292,4761109,-345698824.6328054,256243732,-0.0772803248071424,-99548.28535534702,0.0055133857935693,-0.0135469626231808,-118592.2766774138,3.7329648368238137,48.79399096935406,1089.96329943175,3.733499991893768,3.843640817074032,3.623359166713505,5.900137962737539,-0.0152499363833733,0.0,1.0,3.711666663487752,3.763666637738545,3.659666689236959,2.801974367058603,-0.3814117626920955,0.0,1.0,3.569999933242798,3.829999923706055,3.6999999284744254,6.96397458223579,0.1923075159625826,0.0636502264417718,4.368476278897179,-0.0394247695342033,-0.0217105160032438,-0.0177142535309595,3.724166651566824,3.7750000036679774,3.705983202891167,3.74540797242537,0.8301886056854602,1.069182508764512,-0.2389939030790517,-0.0923408971083174,24.15269810696555,0.0764999508857728,-33.914620569367884,-19.17470000293249,-14.739920566435398,3.674999952316284,3.790000081062317,3.732500016689301,3.772500157356262,4.882878233195812e-07,19.334000355641844,11.692825262296092,29.49508523338305,-237.54807900983684,3.848750114440918,3.702500104904175,16.0,96.0,-80.0,3.839999914169312,3.8172813624867272,0.0,0.0,35.70288348071469,0.218749618085885,0.0729165393619617,0.0703777584034882,-17.01666826377931,37.64583455834309,19.607815638007832,13.748011333906442,-80.39218436199216,-0.1310000237296607,-4.736843921471193,-1.0526161588926597,-0.5775954835810693,-0.4750206753115904,-16.55915736607085,-18.724531992670748,2.165374626599899,3.7276421575613594,0.8356538191369944,0.832181563224843,-4.485490184829133,-0.8356566194935482,3.5902175903320312,1
2023-08-16,3.5799999237060547,3.670000076293945,3.5799999237060547,3.670000076293945,3.5902175903320312,6952509,-338746315.6328054,263196241,0.0560389155055255,-35666.13372089023,0.0097088096556944,-0.0158525733170349,135815.88838391707,3.717819381979748,49.88502327150883,1089.96329943175,3.731499993801117,3.844685680585814,3.61831430701642,6.0664980288208366,0.2283229034773731,0.0,0.0,3.699666666984558,3.755666661262512,3.643666672706604,3.0272994471470764,0.2351196989113612,0.0,0.0,3.569999933242798,3.825000047683716,3.697499990463257,6.833716062294842,0.3921572477345553,0.0662852190563836,4.273442924019185,-0.0393748650807355,-0.0252433858187421,-0.0141314792619933,3.712499996026357,3.7653846190525937,3.700447337260825,3.7398222023415606,0.7791409732804379,1.0736195780604554,-0.2944786047800175,-0.1059305301582784,24.325223874706687,0.0784999489784241,-35.892720074847404,-22.29663601363696,-13.596084061210448,3.674999952316284,3.790000081062317,3.732500016689301,3.772500157356262,2.441439116597906e-07,20.10289816288789,14.317910592283337,26.648091167750337,-154.67465704139116,3.848750114440918,3.705000162124634,12.0,92.0,-80.0,3.839999914169312,3.802444476732092,0.0,0.0,42.23831364904987,0.5492358681765935,0.2559951620874929,0.124994648910763,-16.889097293749742,42.033609703164814,39.21572477345553,22.222222222222143,-60.78427522654447,-0.1424117789548984,-3.674537233285649,-1.052853931293373,-0.67264717312353,-0.3802067581698427,-11.404715417314211,-17.26056867759944,5.85585326028523,3.725191343989638,1.3812207821973566,1.3717688630853653,-3.166223925248046,-1.381221030441239,3.609782695770264,2
2023-08-17,3.680000066757202,3.7100000381469727,3.6449999809265137,3.690000057220459,3.609782695770264,15590087,-332750110.7300214,278786328,0.1363925266658615,13972.091473907749,0.0218889325246418,-0.0150313006340656,180989.0185820056,3.7050741385693735,57.29607440656,1089.96329943175,3.730999994277954,3.8448244174963073,3.617175571059601,6.101550436500679,0.3198983315784376,0.0,0.0,3.6938333352406816,3.751333340009053,3.6363333304723104,3.1132971929078543,0.4666671504144695,0.0,0.0,3.569999933242798,3.825000047683716,3.697499990463257,6.834631863629021,0.4705885102865884,0.0661567028727912,4.145500066716439,-0.0372916096648694,-0.0276530305879676,-0.0096385790769018,3.7025000055631,3.7569230794906616,3.698840063408461,3.7361316730733303,0.8373493941295015,1.0240963647770132,-0.1867469706475116,-0.115920772086811,24.474401103000325,0.019000005722046,-36.44900211984751,-25.13822487830126,-11.310777241546248,3.674999952316284,3.790000081062317,3.732500016689301,3.772500157356262,1.220719558298953e-07,19.87509068227413,17.615401141930956,24.78720566234985,-77.5802207436183,3.848750114440918,3.705000162124634,8.0,88.0,-80.0,3.839999914169312,3.7884978041227337,0.0,0.0,44.66131748050939,0.6717632963012614,0.4799162608545801,0.2696093207680116,-16.019047070640816,47.97162988284951,47.05885102865884,35.294130480040714,-52.94114897134117,-0.1479264827335584,-3.14960334281626,-0.998134244936648,-0.7377445874861536,-0.2603896574504943,4.443396877998748,-12.919775566479805,17.36317244447855,3.724546583648511,0.5449585970229931,0.543479070431574,-2.638519937706696,-0.5449559795740271,3.629347801208496,3
2023-08-18,3.660000085830689,3.714999914169312,3.660000085830689,3.7100000381469727,3.629347801208496,9157087,-325257912.5527243,287943415,0.1863890472158681,38139.1591694104,0.0060062524126615,-0.0154754442474211,134591.37914662997,3.6972706870763976,59.60715739217447,1095.8709538656783,3.7294999957084656,3.84360082355264,3.6153991678642914,6.118827080062742,0.4145494474933884,0.0,0.0,3.688333336512248,3.746333328882853,3.630333344141642,3.1450515492426288,0.6867819352137186,0.0,0.0,3.569999933242798,3.825000047683716,3.697499990463257,6.837380740966524,0.5490197728386197,0.0650410154193743,4.008194885733351,-0.0336390138131172,-0.0288502272329975,-0.0047887865801197,3.6991666754086814,3.749230769964365,3.7005569825990015,3.734195996412119,0.8245615258123731,1.0292398851240432,-0.2046783593116701,-0.1218206124187545,24.61367300685734,0.0005000233650207,-36.96954804895975,-27.68954022089032,-9.28000782806943,3.674999952316284,3.790000081062317,3.732500016689301,3.772500157356262,6.103597791494765e-08,19.55116110167597,17.10539856976993,23.304273146175568,-49.868742580570405,3.848750114440918,3.705000162124634,4.0,84.0,-80.0,3.839999914169312,3.7753879318699375,0.0,0.0,47.05319363839576,0.7927166477625324,0.6712386040801291,0.4690500090074008,-14.566702950028697,51.51971178809162,54.90197728386197,47.05885102865876,-45.09802271613803,-0.1431176669457379,-1.0666656494140625,-0.9008368560578568,-0.7703630412004943,-0.1304738148573626,7.25065637797975,-8.885689177587892,16.136345555567644,3.724193708437433,0.5420048947527345,0.5405413342211229,-2.1108159501653567,-0.5420023056002066,3.6000001430511475,4
2023-08-21,3.7300000190734863,3.7300000190734863,3.670000076293945,3.680000066757202,3.6000001430511475,5837137,-329149337.21939087,282106278,0.115115873945452,7674.430288327367,0.0128488014888882,-0.0142632300515925,2431.336522908372,3.6932495930080655,57.31933242352607,1087.0094722147858,3.7259999990463255,3.841654646883026,3.610345351209625,6.207978951492345,0.3011323662751826,0.0,0.0,3.682333342234293,3.741333333651224,3.6233333508173615,3.2044894328405467,0.4802264761311329,0.0,0.0,3.569999933242798,3.825000047683716,3.697499990463257,6.843803395227739,0.4313728790105727,0.064536908155391,3.8550087181104375,-0.0327871029425455,-0.0296376023749071,-0.0031495005676383,3.6950000127156577,3.7392307703311625,3.6973943801618017,3.730181483104347,0.85057479454202,1.017241506882764,-0.166666712340744,-0.1260369719421176,24.638667801274845,0.0339999914169313,-37.56271053968506,-30.08392040784901,-7.47879013183605,3.6649999618530273,3.790000081062317,3.727500021457672,3.775000095367432,3.0517988957473826e-08,18.907054421670672,17.623851521729414,21.77387731174893,-47.40284687469425,3.850000083446503,3.705000162124634,40.0,80.0,-40.0,3.839999914169312,3.763064651952309,0.0,0.0,43.982306751097966,0.7716840003310553,0.7453879814649498,0.6321809487998863,-14.261381713463,50.41203161062424,50.00005418603366,50.65362749951814,-49.99994581396634,-0.1174705982208252,-1.3404812884881412,-0.8789680365701478,-0.792084040274425,-0.0868839962957227,5.416008691219929,-6.025349603826328,11.441358295046255,3.722067267167038,-0.8086245574475681,-0.8119116580163066,-2.902371931477365,0.8086207154788667,3.6000001430511475,0
2023-08-22,3.660000085830689,3.7300000190734863,3.660000085830689,3.680000066757202,3.6000001430511475,6385493,-331885977.0765338,288491771,0.1013720635459656,6578.0831042806,-0.0054811638260078,-0.0123422050378143,-47200.52323385816,3.688121058878808,56.96970114876803,1087.0094722147858,3.7235000014305113,3.840849889951942,3.6061501129090807,6.303203355786039,0.314657111219304,0.0,0.0,3.678000013033549,3.73700000445048,3.6190000216166176,3.2082648835158163,0.5169496102933275,0.0,0.0,3.569999933242798,3.825000047683716,3.697499990463257,6.848398397823308,0.4313728790105727,0.0650832106641317,3.532419529660782,-0.0317460092069978,-0.0300592837413252,-0.0016867254656725,3.68833335240682,3.726923080591055,3.694718331945709,3.726464341152707,0.9080460274104744,1.0000000000000004,-0.0919539725895259,-0.1287040845733244,24.321649116924775,0.0464999794960023,-37.8129020893886,-32.35176418052049,-5.461137908868111,3.6649999618530273,3.7799999713897705,3.722499966621399,3.775000095367432,1.5258994478736913e-08,18.49459019409817,16.280563567447842,21.203130379378976,-47.44429015840769,3.850000083446503,3.705000162124634,36.0,76.0,-40.0,3.839999914169312,3.7514807688297385,0.0,0.0,43.982306751097966,0.7716840003310553,0.7786948828082144,0.7317738227844313,-14.016202116508936,49.44403585431012,52.38100644411242,52.42767930466933,-47.61899355588758,-0.094911753430086,-2.127657550770317,-0.8519069632953442,-0.8040486248786088,-0.0478583384167353,4.560700194602474,-3.908139644140568,8.468839838743042,3.721390821018903,0.0,0.0,-2.902371931477365,0.0,3.639130592346192,1
2023-08-23,3.660000085830689,3.755000114440918,3.660000085830689,3.7200000286102295,3.639130592346192,14438063,-328086509.6984824,302929834,0.1153717112931577,88141.49540818416,0.0082248213460644,-0.0097231270454821,156935.3148790878,3.689864945175144,66.13406362153609,1087.0094722147858,3.722000002861023,3.8387218788323687,3.605278126889677,6.271997629318866,0.491432736005355,0.0,0.0,3.677000021934509,3.741000032424927,3.613000011444092,3.4810992716147107,0.8359374970896167,0.0,0.0,3.569999933242798,3.825000047683716,3.697499990463257,6.8511583623026535,0.5882354041146354,0.0680748924587414,3.057640276146999,-0.0273776794463467,-0.0295229628823295,0.0021452834359828,3.684166689713796,3.7238461604485145,3.69860782374025,3.725985503186597,0.9344262722240708,0.9508195738846376,-0.0163933016605668,-0.1279028726866958,24.04592326424563,-0.0119999647140502,-36.9991905555591,-34.25887566324598,-2.740314892313122,3.662500023841858,3.6999999284744254,3.681249976158142,3.775000095367432,50.000000007629495,17.525434153455013,17.2864303415701,19.07788396720443,-13.353013603406378,3.8325001001358032,3.725000143051148,32.0,72.0,-40.0,3.569999933242798,3.7514807688297385,1.0,0.0,49.11744057732359,1.0,0.8477893335540369,0.7906240659424003,-12.278658713101343,57.26718192876474,71.42860386646745,57.936554832204486,-28.571396133532545,-0.0717205580543067,-1.3262586888394683,-0.734776864347227,-0.7901942727723325,0.0554174084251054,12.690822652835134,-0.588347184745428,13.279169837580564,3.721385032080677,1.0869554654186595,1.081090565459375,-1.8469639563946871,-1.0869568816705595,3.658695697784424,2
2023-08-24,3.75,3.759999990463257,3.7100000381469727,3.740000009536743,3.658695697784424,8134851,-326459539.4984824,311064685,0.094108332112472,98792.26246987651,0.0169025148360734,-0.0085158045571911,200671.0308975668,3.691712879009317,67.83336433225651,1092.8536035438271,3.719000005722046,3.8305168117379775,3.607483199706113,5.9971393301615,0.5941562288454398,0.0,0.0,3.677333354949951,3.7423333644866954,3.612333345413208,3.535170911239185,0.9820511184030492,0.0,0.0,3.569999933242798,3.825000047683716,3.697499990463257,6.856684970383848,0.6666666666666666,0.0662673984444957,3.0448938609510963,-0.0220477624437633,-0.0280279227946163,0.0059801603508529,3.6866666873296094,3.725000005501968,3.7049758523243264,3.7270236147680897,0.989071045370678,0.9453552268533928,0.0437158185172852,-0.1235207584112856,23.914891603353635,0.0010000228881836,-35.802299776093975,-35.66857452517441,-0.1337252509195678,3.6649999618530273,3.697499990463257,3.681249976158142,3.790000081062317,75.00000000381475,16.510217037598377,16.894714487320165,18.05229739791616,28.534390583720768,3.815000116825104,3.730000138282776,28.000000000000004,68.0,-40.0,3.57369993686676,3.7514807688297385,0.0,0.0,51.51089625561534,1.0,0.9238946667770186,0.8501262943797566,-10.112637022934928,56.35393479052378,80.95240257764497,68.25400429607492,-19.04759742235503,-0.0563234967343948,0.8086245574475666,-0.5915648711320356,-0.7504683924442732,0.1589035213122376,11.89140056864212,1.9076023659320815,9.98379820271004,3.7215709462612985,0.537633891739131,0.5361938000394639,-1.319259968853348,-0.5376313089555254,3.6000001430511475,3
2023-08-25,3.700000047683716,3.704999923706055,3.680000066757202,3.680000066757202,3.6000001430511475,4784723,-331244262.4984824,306279962,0.0303097728698897,43667.209800472185,-0.0222059750827932,-0.0101019456345335,-33024.472613582955,3.690118498472221,63.750728285954885,1075.3212095567037,3.713000011444092,3.8192261808980055,3.6067738419901785,5.7218512861032345,0.344671304366261,0.0,0.0,3.67583335240682,3.73833335240682,3.613333352406819,3.4005894178569007,0.5333337148030599,0.0,0.0,3.569999933242798,3.825000047683716,3.697499990463257,6.86776497858779,0.4313728790105727,0.0656406528780002,3.062104570440414,-0.0224069652139675,-0.0269037312784865,0.004496766064519,3.683333357175192,3.724230775466332,3.701133423775538,3.723540388989505,0.9297299038850632,0.9675675884662082,-0.037837684581145,-0.1197877652691082,23.77677781920825,0.0070000171661375,-36.12895456224191,-36.39243870399903,0.2634841417571181,3.669999957084656,3.697499990463257,3.683749973773956,3.790000081062317,62.49999505113146,16.191906532502298,15.797252205762057,20.12758541858896,-40.76345976510404,3.830000162124634,3.730000138282776,24.0,64.0,-40.0,3.58115193901062,3.7514807688297385,0.0,0.0,44.715422793840624,0.6624847966207091,0.8874949322069031,0.8863929775126529,-10.220458428801123,46.10578598373434,52.38100644411242,68.25400429607494,-47.61899355588758,-0.0501029091722822,-1.0752677834782465,-0.6017650642443648,-0.7207277268042916,0.1189626625599268,7.6582541818660035,3.0577327291188663,4.600521452747137,3.721186165280276,-1.604276540816718,-1.617284365498839,-2.902371931477365,1.6042753916052703,3.5999999046325684,4
2023-08-28,3.5899999141693115,3.609999895095825,3.569999933242798,3.5999999046325684,3.5999999046325684,6292431,-328098046.9984824,299987531,0.0423841118229175,-34484.6059078912,-0.0651576367293482,-0.0147560625437726,-213552.44162831287,3.681380644016106,63.54879332081612,1075.3212095567037,3.702500009536743,3.8098080074152834,3.595192011658203,5.7965157381305,0.0224023049046517,0.0,0.0,3.674833345413208,3.733333325386048,3.6163333654403687,3.183816759791675,-0.1396022769185874,0.0,1.0,3.569999933242798,3.825000047683716,3.697499990463257,6.887241425634016,0.117646893828047,0.0700766009416406,3.1440910995396294,-0.0288148211696372,-0.0272859492567167,-0.0015288719129205,3.67333334684372,3.718846156046941,3.6855744208304655,3.714389242000103,0.9015546128069568,1.0051812191368366,-0.1036266063298797,-0.120574064901672,23.693770884088018,-0.0024999618530272,-36.331294544409104,-36.660958034559165,0.329663490150061,3.6649999618530273,3.697499990463257,3.681249976158142,3.790000081062317,43.74999009940186,17.54897573323188,14.001522128818204,29.206968042464037,-173.4472431767522,3.84000015258789,3.730000138282776,20.0,60.0,-40.0,3.58115193901062,3.759999990463257,0.0,1.0,37.59404004241168,0.3087824444283731,0.6570890803496942,0.8228262264445387,-12.710056499782722,42.46010783390037,15.789453871038177,49.707620964265175,-84.21054612896182,-0.0632794043597053,-3.2258097595362787,-0.7757620241792768,-0.7317345862792887,-0.044027437899988,5.803649923440505,3.6069161679831945,2.19673375545731,3.720376856180992,-2.173917409602921,-2.1978951350272613,-5.013194172370472,6.622738041528464e-06,3.640000104904175,0
2023-08-29,3.5899999141693115,3.660000085830689,3.5899999141693115,3.640000104904175,3.640000104904175,4775322,-326051471.1329911,304762853,0.0508778149718797,-2270.542726562715,0.051305692397521,-0.0088202867541138,-83732.85260137677,3.6776339341378015,67.32513053145216,1087.2692831339343,3.694000017642975,3.7924683244543496,3.5955317108316005,5.331256434276037,0.2258005418827693,0.0,0.0,3.676000022888184,3.738000011444092,3.614000034332276,3.373231130025707,0.2096780271858745,0.0,0.0,3.569999933242798,3.7899999618530273,3.6799999475479126,5.955604427706652,0.3181825570822771,0.0700689580136143,3.161865393309768,-0.0303159479375159,-0.0278919489928765,-0.0024239989446393,3.668333351612091,3.7146153908509474,3.678562987611037,3.708878935548552,0.9343436338161258,0.9191915348420976,0.0151520989740283,-0.1220607649787609,23.672406761810617,-0.1040001034736635,-35.76972842460165,-36.64729229564296,0.8775638710413105,3.6649999618530273,3.697499990463257,3.681249976158142,3.790000081062317,28.124986385843087,17.70741230659654,18.15190282883617,27.096119016899216,-104.77357369992885,3.84000015258789,3.730000138282776,16.0,56.00000000000001,-40.00000000000001,3.58115193901062,3.756199989318848,0.0,0.0,42.52301851241064,0.5535932262100706,0.5082868224197177,0.6842902783254384,-13.12978330056326,42.52627787259854,36.8421845158473,35.00421494366595,-63.1578154841527,-0.0688235317959504,-1.6216200542241166,-0.8173884471381945,-0.7488653584510698,-0.0685230886871246,2.539004333867979,3.393333801160152,-0.8543294672921729,3.7196054019171463,1.1111167036458314,1.1049891497366238,-3.957779906560044,-1.111116703645834,3.670000076293945,1
2023-08-30,3.650000095367432,3.670000076293945,3.619999885559082,3.670000076293945,3.670000076293945,5105282,-320946189.1329911,309868135,0.120944567961815,19933.579653904544,0.0195876126141372,-0.0089987581012397,95135.85905495984,3.674677143183679,67.92154050420066,1087.2692831339343,3.690000021457672,3.785498751294896,3.594501291620448,5.176082887907351,0.3952868525172182,0.0,0.0,3.677333354949951,3.735333347320557,3.619333362579346,3.1544593199598445,0.4367820722359022,0.0,0.0,3.569999933242798,3.7799999713897705,3.674999952316284,5.691057911268404,0.4761910708852345,0.0680620812857391,3.1383184086816294,-0.028753403409035,-0.0280642398761082,-0.0006891635329268,3.675000031789144,3.712307700744042,3.677245616639176,3.7059990200482114,0.9450001978873254,0.9249997496606126,0.0200004482267127,-0.1221629552169981,23.686986922564763,-0.07000013589859,-34.77183684411883,-36.460940598339775,1.6891037542209446,3.6649999618530273,3.697499990463257,3.681249976158142,3.790000081062317,17.187483910216706,17.649357731025294,18.249229845967413,25.669072553034912,-58.65996931434109,3.84000015258789,3.730000138282776,12.0,52.0,-40.0,3.58115193901062,3.752475988197327,0.0,0.0,45.96977787679013,0.7247856669446121,0.529053779194352,0.5648098939879214,-12.346321280867349,48.91159374616052,52.63163838688524,35.08775892459022,-47.36836161311476,-0.0735294349053323,2.2284168255515,-0.7758610634673357,-0.7542644994543231,-0.0215965640130126,0.2439029257023202,2.7634476260685856,-2.519544700366265,3.719398928137237,0.8241750144279081,0.8207972386542473,-3.166223925248046,-0.8241750144279081,3.650000095367432,2
2023-08-31,3.670000076293945,3.674999952316284,3.640000104904175,3.650000095367432,3.650000095367432,15558644,-327614149.1371869,294309491,0.0763886697309916,-27367.300759853613,0.0028119401766256,-0.0057648837762941,-42711.70939811016,3.670926041340504,74.812149311468,1087.2692831339343,3.6860000252723695,3.781163076811216,3.5908369737335226,5.1634862119576335,0.3108513266294234,0.0,0.0,3.674666690826416,3.729666662216187,3.619666719436645,2.993467218513994,0.2757581064526535,0.0,0.0,3.569999933242798,3.7799999713897705,3.674999952316284,5.697233768506421,0.3809530837734636,0.0647558578983762,3.10922440656397,-0.0287969535713541,-0.0282107826151574,-0.0005861709561966,3.677500049273173,3.7084615505658665,3.673053997981985,3.701850951553339,1.0050764984481004,0.8883247797170502,0.1167517187310502,-0.122138483390021,23.651508612333497,-0.0159999489784246,-34.26233659132948,-36.16013932526975,1.8978027339402672,3.6649999618530273,3.697499990463257,3.681249976158142,3.790000081062317,10.156232362980022,17.488998408850737,18.097868857453435,24.688879596319744,-48.87210057943641,3.84000015258789,3.730000138282776,8.0,48.0,-40.0,3.58115193901062,3.748826467098236,0.0,0.0,44.07230238419979,0.630542516648857,0.63630713660118,0.5578825794050833,-12.305169670500176,49.38253430819867,42.1053358061936,43.85971956964203,-57.894664193806406,-0.0810882561347066,0.8287351037779589,-0.7779068889651165,-0.7589929773564817,-0.0189139116086347,10.044655782096235,4.219689257274116,5.824966524822122,3.718127431150384,-0.5449585970229487,-0.546448913255615,-3.693927912789363,0.5449585970229549,3.630000114440918,3
2023-09-01,3.640000104904175,3.6649999618530273,3.615000009536743,3.630000114440918,3.630000114440918,4211074,-329298558.6572021,290098417,0.0484693076903882,-35489.314891323025,-0.0207785783697968,0.0029411006598522,-107862.52353205816,3.672853252670708,75.51819510894362,1081.3116490636603,3.679500031471252,3.771255171564342,3.5877448913781627,4.987369985503232,0.2302607953074102,0.0,0.0,3.66883335908254,3.723333342870077,3.6143333752950033,2.9709707938964747,0.1437315945541383,0.0,0.0,3.569999933242798,3.7799999713897705,3.674999952316284,5.707298175045915,0.2857150966616864,0.063280267340167,2.811330057010409,-0.0300983437317379,-0.0285882948384735,-0.0015100488932643,3.674166719118754,3.701923095262968,3.6664303235910514,3.696528667322789,1.0883982121508613,0.8563534980080865,0.2320447141427748,-0.1228407512581347,23.66914854567273,0.0105000257492067,-34.33399120308132,-35.80139273231378,1.4674015292324611,3.6649999618530273,3.697499990463257,3.681249976158142,3.790000081062317,5.859356434649933,17.72827602765435,17.0936588287087,26.093349955283013,-70.09471128111916,3.84000015258789,3.730000138282776,4.0,44.0,-40.0,3.58115193901062,3.745249936421127,0.0,0.0,42.19659180410096,0.4107858726997438,0.588704685431071,0.584688533742201,-12.842861944853777,47.4029378758198,31.579033225501245,42.10533580619335,-68.42096677449875,-0.0820294296040251,-1.0899171940459422,-0.8142326609774853,-0.7700409140806825,-0.0441917468968027,5.316793548307688,4.43911011548083,0.8776834328268581,3.714380452917088,-0.5479446686014633,-0.5494513919280797,-4.2216319003307134,0.5479446686014597,3.630000114440918,4
2023-09-04,3.619999885559082,3.660000085830689,3.609999895095825,3.630000114440918,3.630000114440918,2476124,-329793769.288761,292574541,0.0281160635537283,-30419.412763991168,-0.0100964537823961,0.0018261121187118,-23074.35547386232,3.674327466107007,72.78625705913817,1081.3116490636603,3.672500038146973,3.756613094768781,3.588386981525164,4.580697385873915,0.2473642891308541,0.0,0.0,3.6628333568573,3.7163333654403687,3.609333348274231,2.9212362873626145,0.1931473163653591,0.0,0.0,3.569999933242798,3.7799999713897705,3.674999952316284,5.718176609003714,0.2857150966616864,0.0619522596796366,2.597136084598743,-0.0307749503390843,-0.0290256259385957,-0.0017493244004886,3.6691667238871255,3.6953846399600687,3.660825676029493,3.6916006263685768,1.0604398742617538,0.8571425202878418,0.203297353973912,-0.1237690577709776,23.767516655958985,0.0375,-32.12020200321158,-35.16887050051633,3.048668497304746,3.6649999618530273,3.697499990463257,3.681249976158142,3.790000081062317,3.320293393129015,18.027633507314068,16.12980120566574,25.18590735627106,-67.10830528820632,3.8350000977516174,3.730000138282776,4.0,40.0,-36.0,3.58115193901062,3.741744936357561,0.0,0.0,42.19659180410096,0.3307177778644138,0.4573487224043382,0.5607868481455298,-13.273879003503804,45.55447874467033,31.579033225501245,35.08780075239868,-68.42096677449875,-0.065823531852049,-1.6260146842582102,-0.8336478794391602,-0.7827623071523782,-0.050885572286782,-0.7026666741863078,3.4107547575474024,-4.11342143173371,3.712175887405612,0.0,0.0,-4.2216319003307134,0.0,3.640000104904175,0
2023-09-05,3.650000095367432,3.650000095367432,3.619999885559082,3.640000104904175,3.640000104904175,2352770,-329009500.1567576,294927311,0.0781082674848799,-22712.685574530035,0.0,0.0011326257147336,6481.453669557377,3.6757552112122633,71.60626059987659,1084.2904660987974,3.669000041484833,3.7524027124245625,3.5855973705451034,4.5463434176455735,0.3261450367601849,0.0,0.0,3.657500020662943,3.707000056902568,3.60799998442332,2.706768883662326,0.3232333035671513,0.0,0.0,3.569999933242798,3.759999990463257,3.6649999618530273,5.178524259257477,0.368421845158473,0.058757054692508,2.508251717796846,-0.030156623509149,-0.0292518254527063,-0.0009047980564426,3.663333396116892,3.6888461846571694,3.6576217420102126,3.6877783655193617,1.1000002804923197,0.8999997195076794,0.20000056098464,-0.1240521313280145,23.82488018223442,0.0110000252723692,-29.750385221109,-34.36344768557743,4.613062464468428,3.6649999618530273,3.697499990463257,3.681249976158142,3.790000081062317,1.6601466965645075,18.305608309855234,15.562776162554435,24.300525073972967,-54.89326325127963,3.795000076293945,3.745000123977661,16.0,36.0,-20.0,3.58115193901062,3.738310036295265,0.0,0.0,43.588801915386526,0.4307554652527988,0.3907530386056522,0.4789354821470206,-13.245869276608394,48.76958862525628,36.8421845158473,33.333416988949914,-63.1578154841527,-0.0604411805377287,-1.886790634044322,-0.8177450085154994,-0.7897588474250024,-0.027986161090497,-6.058784331722356,1.5168469396934512,-7.575631271415807,3.710765587062381,0.2754818222587607,0.2751030665294474,-3.957779906560044,-0.2754818222587545,3.5799999237060547,1
2023-09-06,3.630000114440918,3.630000114440918,3.559999942779541,3.5799999237060547,3.5799999237060547,6697150,-331879720.3340725,288230161,0.0576071495171831,-76872.33242259576,-0.0418088917847212,-0.0034172188787922,-103911.4589486604,3.668827628622904,62.11139835195766,1084.2904660987974,3.662000036239624,3.7504534685173945,3.5735466039618538,4.830881015970716,0.0364786282342078,0.0,0.0,3.6453333457311,3.6923333962758393,3.59833329518636,2.578642120604912,-0.1950356570665158,0.0,1.0,3.559999942779541,3.759999990463257,3.659999966621399,5.461497698101845,0.0999998807907388,0.0608813654357205,2.624887975906368,-0.0341148534273219,-0.0302244310476294,-0.0038904223796924,3.6550000508626304,3.6800000300774207,3.6456799238095727,3.679794777236895,0.9421968950476488,0.9595372201511826,-0.0173403251035338,-0.1267949498032358,23.96610898960326,0.018000030517578,-30.72770551923665,-33.79960387925994,3.0718983600232868,3.632499933242798,3.674999952316284,3.653749942779541,3.785000085830689,0.8300733482822538,19.45395881200519,14.13571596293691,28.949495352833548,-123.92975153009532,3.79750007390976,3.745000123977661,12.0,100.0,-88.0,3.58115193901062,3.734943834234216,0.0,0.0,37.71869916074351,0.0089574194359755,0.2568102208510628,0.3683039939536844,-14.973944839431384,48.16935981568256,9.999988079073889,26.14040194014079,-90.00001192092611,-0.0671323488740358,-2.7173951423122418,-0.9270857613678734,-0.8172242302135766,-0.1098615311542967,-4.7016700973204495,0.2731435322906712,-4.974813629611121,3.697998741552624,-1.6483565788166232,-1.6620931367026248,-5.540898159911811,1.6483565788166317,3.569999933242798,2
2023-09-07,3.5899999141693115,3.609999895095825,3.539999961853028,3.569999933242798,3.569999933242798,5813260,-332710186.0483582,282416901,0.073364198144928,-74195.21987085814,-0.0240829702156014,-0.0055664490665253,-126631.05390293966,3.660268760639732,54.54390283528748,1081.2617246039754,3.654500031471253,3.747338673010769,3.561661389931736,5.080784826379712,0.0449087964493363,0.0,0.0,3.629000004132589,3.678000052769979,3.579999955495198,2.70047112601768,-0.1020409421060189,0.0,1.0,3.539999961853028,3.759999990463257,3.649999976158142,6.019976103862831,0.1363634885835428,0.0617932222164282,2.8060241590334365,-0.0376249774921633,-0.0317045403365362,-0.005920437155627,3.645833373069763,3.673076950586759,3.6340368483377614,3.6716618258299247,0.9034093833903636,0.9886361111788446,-0.085226727788481,-0.1313622947929994,24.156579645988916,0.0654999971389771,-32.854172977892205,-33.43573925877664,0.581566280884438,3.607499957084656,3.659999966621399,3.6337499618530273,3.775000095367432,0.4150366741411269,20.774290253439524,13.011442137896823,28.91942608803184,-141.29799282979357,3.8012501001358032,3.745000123977661,8.0,100.0,-92.0,3.58115193901062,3.727946078576029,0.0,0.0,36.82850134325022,0.0,0.1465709615629248,0.2647114070065466,-16.652870121187448,44.104839372712966,13.636348858354282,20.159507151091805,-86.36365114164572,-0.0790735427071069,-2.989134008666904,-1.0247397303170411,-0.8587273302342696,-0.1660124000827715,-4.737082193216905,-0.728901612810844,-4.00818058040606,3.6800262917163646,-0.2793293485018999,-0.2797202009399591,-5.80475015368248,0.2793293485019035,3.5999999046325684,3
2023-09-08,3.549999952316284,3.619999885559082,3.549999952316284,3.5999999046325684,3.5999999046325684,3272726,-331307589.19121534,285689627,0.0899612014217717,-49569.94755122726,0.0213888564107284,-0.0049564451435367,11263.732161358295,3.655584561161714,59.72413659376648,1090.3479490884415,3.6495000243186952,3.7427685374773167,3.5562315111600737,5.111303605267589,0.2346364919426657,0.0,0.0,3.6191666603088377,3.6726667165756224,3.565666604042053,2.956484809252708,0.3208716306699571,0.0,0.0,3.539999961853028,3.759999990463257,3.649999976158142,6.028223788032434,0.2727269771670876,0.0626138933190652,2.9099115943884013,-0.0375531399108224,-0.0328742602513935,-0.0046788796594289,3.6358333627382913,3.6680769461851854,3.628800395460039,3.666353535370861,0.904494669473039,0.994381897558837,-0.0898872280857979,-0.135142757742127,24.370180820568063,0.0904999852180479,-33.349428561372406,-33.104420816217015,-0.2450077451553909,3.607499957084656,3.659999966621399,3.6337499618530273,3.775000095367432,0.2075183370705634,21.720946725914928,13.111975547365514,26.637834585394604,-101.54534569434672,3.8012501001358032,3.745000123977661,4.0,96.0,-92.0,3.58115193901062,3.716669311572649,0.0,0.0,41.30402711501978,0.3048225986620474,0.1045933393660077,0.1693248405933318,-16.807482950651085,43.98497621979154,27.27269771670877,16.969678218045626,-72.72730228329124,-0.0859559059143064,-3.2258097595362787,-1.024264014600104,-0.8918346671074365,-0.1324293474926675,-8.169349158200848,-2.216991121888845,-5.952358036312003,3.675971724909216,0.8403353487606458,0.8368241879059601,-5.013194172370472,-0.8403353487606466,3.609999895095825,4
2023-09-11,3.630000114440918,3.640000104904175,3.5850000381469727,3.609999895095825,3.609999895095825,3287569,-331606479.82933974,288977196,0.108714408848893,-37792.00380858069,0.0460069500645379,-0.0012787227227834,36634.00109002638,3.651408609076924,65.64577997825117,1090.3479490884415,3.6505000233650207,3.741598952966944,3.559401093763097,4.991038434123817,0.2777134789279659,0.0,0.0,3.6210000038146974,3.6760000705719,3.5659999370574957,3.0378385362750606,0.3999991330243994,0.0,0.0,3.539999961853028,3.759999990463257,3.649999976158142,6.026572447667967,0.3181814733616026,0.0618525106628789,2.987226504895494,-0.0362711808581632,-0.0335536443727474,-0.0027175364854158,3.625000019868215,3.662307711747976,3.6259080107886215,3.6621791916467847,0.9542860677288036,0.9714282133144276,-0.0171421455856238,-0.1374532528948868,24.54601407232281,0.0295000433921814,-31.22974736888,-32.599978476692385,1.3702311078123834,3.607499957084656,3.659999966621399,3.6337499618530273,3.775000095367432,0.1037591685352817,22.048978844072405,14.567077728544946,24.97084914807068,-64.65992602596727,3.8012501001358032,3.745000123977661,52.0,92.0,-40.0,3.58115193901062,3.706069150589472,0.0,0.0,42.759779822581386,0.4039721390640435,0.2362649125753637,0.1624764045014321,-16.52529301493455,45.45673030251867,31.818147336160266,24.24239797040775,-68.18185266383973,-0.0867058915250442,-3.4759388799311925,-0.990426163222589,-0.9115529663304672,-0.0788731968921219,-10.984676672756867,-3.9705282320624495,-7.014148440694418,3.675429049801818,0.2777775202268406,0.2773924314350084,-4.749342178599802,-0.27777752022683444,3.5999999046325684,0
2023-09-12,3.5999999046325684,3.630000114440918,3.5799999237060547,3.5999999046325684,3.5999999046325684,5753472,-332757196.17700994,283223724,0.0945501755175135,-40612.38399744277,-0.0065178739572531,-0.0023317723873061,-6805.453187780657,3.6368049692164095,54.43226596491457,1090.3479490884415,3.6495000243186952,3.7423386784418975,3.556661370195492,5.087746458669208,0.2334078129760643,0.0,0.0,3.6183333317438766,3.6713334004084266,3.5653332630793253,2.929529360911973,0.3270433645346389,0.0,0.0,3.539999961853028,3.759999990463257,3.649999976158142,6.028223788032434,0.2727269771670876,0.0606672786700773,3.130298713410981,-0.0356511702315454,-0.033973149544507,-0.0016780206870383,3.618333339691162,3.655769247275132,3.6219221483030752,3.6575733185346206,0.945783385172562,1.0120478812941007,-0.0662644961215386,-0.1389428995411492,24.62220464978388,-0.0495001196861268,-30.11664035790862,-32.08273442266903,1.9660940647604088,3.607499957084656,3.659999966621399,3.6337499618530273,3.775000095367432,0.0518795842676408,22.43389620924725,13.72612065477938,24.1065933703002,-76.79953939604545,3.805000066757202,3.745000123977661,48.0,88.0,-40.0,3.58115193901062,3.696104999265285,0.0,0.0,41.64740305372196,0.3282095148124227,0.3456680841795046,0.228842112040292,-16.59117374181153,45.59293519158226,27.27269771670877,28.787847589859243,-72.72730228329124,-0.088661770259633,-2.173917409602917,-0.9747219570660248,-0.9241867644775787,-0.050535192588446,-9.531139558077257,-5.08265049726541,-4.448489060811845,3.6728489715404784,-0.2770080541232622,-0.2773924314350084,-5.013194172370472,0.27700805412327156,3.609999895095825,1
2023-09-13,3.5899999141693115,3.630000114440918,3.569999933242798,3.609999895095825,3.609999895095825,6107488,-330721399.20221466,289331212,0.0589933985779728,-26085.640318600148,-0.0049120132513963,-0.0038899529649825,1027.6478828247564,3.623511545430687,49.00352287585673,1090.3479490884415,3.646500015258789,3.7403670334147776,3.5526329971028003,5.148334993182605,0.3055753720528987,0.0,0.0,3.613333328564962,3.667333396275839,3.559333260854085,2.9889336410777627,0.4691349139876594,0.0,0.0,3.539999961853028,3.759999990463257,3.649999976158142,6.03318326311911,0.3181814733616026,0.0606005689228816,3.16417262197796,-0.0339614057408983,-0.0339708007837853,9.395042886960192e-06,3.619166672229767,3.651923087927012,3.62008795550196,3.654049361242858,0.8750004257469015,1.0178566765629171,-0.1428562508160158,-0.1390267160854253,24.72732883283733,-0.0064999103546141,-30.15290876295805,-31.62613133062776,1.4732225676697084,3.602499961853028,3.649999976158142,3.6262499690055847,3.775000095367432,0.0259397921338204,22.95624383600292,12.773179690435954,23.59006913038453,-70.52896985965023,3.8037500977516174,3.755000114440918,44.0,84.0,-40.0,3.58115193901062,3.68673869702055,0.0,0.0,43.23763906655648,0.7011206476240751,0.4777674338335138,0.3532334768627941,-16.220430643572175,47.86781889964572,42.42421177354538,33.83835227547145,-57.57578822645462,-0.0825147137922397,0.2777775202268367,-0.9294183625737062,-0.9252330840968044,-0.0041852784769019,-7.767898698347563,-5.619700137481841,-2.1481985608657217,3.6684276136120415,0.2777775202268406,0.2773924314350084,-4.749342178599802,-0.27777752022683444,3.630000114440918,2
2023-09-14,3.5999999046325684,3.6449999809265137,3.5999999046325684,3.630000114440918,3.630000114440918,5198599,-328988496.1447188,294529811,0.0299398009475991,-7505.817374917278,0.0194763640896965,-0.0009126430240904,45766.64791360124,3.619579048716727,56.126034122578304,1096.3887243731904,3.643500018119812,3.7354294246306106,3.551570611609013,5.046214137703663,0.4265746174630853,0.0,0.0,3.6103333234786983,3.665333414077759,3.5553332328796388,3.0468151093630995,0.6787887142367305,0.0,0.0,3.539999961853028,3.759999990463257,3.649999976158142,6.038150885580554,0.4090915494713056,0.059040519659988,3.1484923105456404,-0.0306550325227954,-0.0333076471315873,0.0026526146087918,3.618333339691162,3.648461552766653,3.62161290303103,3.652267935553825,0.9757576353073976,0.9757573463156154,2.889917822823662e-07,-0.1368404603329353,24.81895486954278,0.026500058174133,-29.711069214208795,-31.112473331864148,1.401404117655353,3.6000000238418584,3.649999976158142,3.625,3.775000095367432,50.01296989606691,22.9882008438932,13.864841187109567,22.337509784772028,-30.43477611866638,3.8012501001358032,3.762500166893005,40.0,80.0,-40.0,3.58115193901062,3.6779343729104985,0.0,0.0,46.38473313033095,1.0,0.6764433874788326,0.4999596351639503,-15.04557394891872,49.34195302474539,66.6667844042448,45.45456463149963,-33.3332155957552,-0.06823529846528,-0.2747250048093086,-0.8393423774958327,-0.90805494277661,0.0687125652807773,-7.610777845584613,-6.017915679102396,-1.592862166482217,3.66776390813004,0.5540227126394903,0.5524936517721679,-4.2216319003307134,-0.5540227126394939,3.630000114440918,3
