Date,Open,High,Low,Close,Adj Close,Volume,volume_adi,volume_obv,volume_cmf,volume_fi,volume_em,volume_sma_em,volume_vpt,volume_vwap,volume_mfi,volume_nvi,volatility_bbm,volatility_bbh,volatility_bbl,volatility_bbw,volatility_bbp,volatility_bbhi,volatility_bbli,volatility_kcc,volatility_kch,volatility_kcl,volatility_kcw,volatility_kcp,volatility_kchi,volatility_kcli,volatility_dcl,volatility_dch,volatility_dcm,volatility_dcw,volatility_dcp,volatility_atr,volatility_ui,trend_macd,trend_macd_signal,trend_macd_diff,trend_sma_fast,trend_sma_slow,trend_ema_fast,trend_ema_slow,trend_vortex_ind_pos,trend_vortex_ind_neg,trend_vortex_ind_diff,trend_trix,trend_mass_index,trend_dpo,trend_kst,trend_kst_sig,trend_kst_diff,trend_ichimoku_conv,trend_ichimoku_base,trend_ichimoku_a,trend_ichimoku_b,trend_stc,trend_adx,trend_adx_pos,trend_adx_neg,trend_cci,trend_visual_ichimoku_a,trend_visual_ichimoku_b,trend_aroon_up,trend_aroon_down,trend_aroon_ind,trend_psar_up,trend_psar_down,trend_psar_up_indicator,trend_psar_down_indicator,momentum_rsi,momentum_stoch_rsi,momentum_stoch_rsi_k,momentum_stoch_rsi_d,momentum_tsi,momentum_uo,momentum_stoch,momentum_stoch_signal,momentum_wr,momentum_ao,momentum_roc,momentum_ppo,momentum_ppo_signal,momentum_ppo_hist,momentum_pvo,momentum_pvo_signal,momentum_pvo_hist,momentum_kama,others_dr,others_dlr,others_cr,Adj Close Percent,Future Price,DayOfWeek
2021-09-15,2.7300000190734863,2.7799999713897705,2.720000028610229,2.75,2.4027750492095947,4962094,3.6726908419871286e-08,4962094,7.401493889448947e-15,0.0,0.0,0.0,-929995.838747319,2.75,50.0,1000.0,2.75,2.75,2.75,0.0,0.0,0.0,0.0,2.75,2.809999942779541,2.6900000572204585,4.3636322021484535,0.5000000000000019,0.0,0.0,2.720000028610229,2.7799999713897705,2.75,2.181816101074235,0.5000000000000037,0.0,0.0,0.0,0.0,0.0,2.75,2.75,2.75,2.75,0.0,0.0,0.0,-18.5555583054772,1.0,0.6368910883912946,-188.04593114147204,-188.04593114147204,0.0,2.75,2.75,2.75,2.75,0.0,0.0,0.0,0.0,0.0,3.392774749628388,3.3974207908800333,4.0,4.0,0.0,2.8499999046325684,2.7799999713897705,0.0,0.0,100.0,0.0,0.0,0.0,0.0,0.0,50.00000000000037,50.00000000000037,-49.99999999999963,0.0,0.0,0.0,0.0,0.0,0.0,0.0,0.0,2.75,-18.80459311414721,0.0,0.0,0.0,2.5076231956481934,2
2021-09-16,2.799999952316284,2.9100000858306885,2.799999952316284,2.869999885559082,2.5076231956481934,13621023,3714786.880153664,18583117,0.1999011726694539,1634521.2011976242,0.0847955114465229,0.0847955114465229,-338730.2407514664,2.83062760319485,100.0,1000.0,2.809999942779541,2.929999828338623,2.690000057220459,8.540917295562853,0.75,0.0,0.0,2.8049999872843427,2.8900000254313154,2.7199999491373696,6.060608808006845,0.8823521711975512,0.0,0.0,2.720000028610229,2.9100000858306885,2.815000057220459,6.761568010301056,0.7894726935519092,0.0,0.0,0.0095726404434599,0.0019145280886919,0.0076581123547679,2.809999942779541,2.809999942779541,2.768461520855244,2.758888880411784,0.2297763837825265,0.024186957415921,0.2055894263666055,0.0085227191448211,2.129032853491202,0.5768911456117536,-170.3305865337894,-179.1882588376307,8.857672303841298,2.815000057220459,2.815000057220459,2.815000057220459,2.815000057220459,0.0,0.0,0.0,0.0,66.6666666666664,3.392774749628388,3.3974207908800333,8.0,4.0,4.0,2.8499999046325684,2.7799999713897705,0.0,0.0,100.0,0.0,0.0,0.0,100.0,54.54539543341772,78.94726935519093,64.47363467759564,-21.05273064480908,0.0,0.0,0.3469744835113175,0.0693948967022635,0.277579586809054,12.326960823503942,2.4653921647007886,9.861568658803154,2.7592101260201383,4.3636322021484375,4.271107821816478,4.3636322021484375,-4.363627234812881,2.5250980854034424,3
2021-09-17,2.900000095367432,2.924999952316284,2.8499999046325684,2.890000104904175,2.5250980854034424,17716035,4895938.479480371,36299152,0.1348774891347426,1451635.970444441,0.0137586923642165,0.0492771019053697,717829.394689346,2.8587912503666324,100.0,1000.0,2.8366666634877524,2.960314929290795,2.71301839768471,8.717856588127546,0.7156659499833845,0.0,0.0,2.8327777650621204,2.914444473054674,2.7511110570695663,5.765839382092372,0.8503406788925049,0.0,0.0,2.720000028610229,2.924999952316284,2.822499990463257,7.226789327936142,0.8292689734738883,0.0,0.0,0.0185589415883034,0.0052434107886142,0.0133155307996891,2.8366666634877524,2.8366666634877524,2.787159764555079,2.768600822966776,0.3492661415946012,0.0887026757987477,0.2605634657958535,0.023790580274757,3.241886140349772,0.5502244249035422,-162.45707657664536,-173.61119808396893,11.154121507323566,2.822499990463257,2.822499990463257,2.822499990463257,2.822499990463257,0.0,0.0,0.0,0.0,67.11410426926113,3.392774749628388,3.3974207908800333,12.0,4.0,8.0,2.8499999046325684,2.7799999713897705,0.0,1.0,100.0,0.0,0.0,0.0,100.0,54.23730320369824,82.92689734738882,70.62472223419337,-17.07310265261117,0.0,0.0,0.6703364903437405,0.1895832154305589,0.4807532749131816,23.854512748760627,6.7432162815127565,17.11129646724787,2.7686756136097066,0.6968717819721082,0.6944548526717886,5.0909129056063485,-0.696870637724814,2.4901485443115234,4
2021-09-20,2.880000114440918,2.900000095367432,2.819999933242798,2.8499999046325684,2.4901485443115234,10996688,2146741.900017064,25302464,0.0453896558347851,1181420.8714774682,-0.0200060017339623,0.0261827340255923,-28746.001843443548,2.8582972612804647,74.15343052129695,986.1591007544504,2.8399999737739563,2.947703277885967,2.7322966696619457,7.584739796239377,0.5464235101283996,0.0,0.0,2.838749984900157,2.9200000564257307,2.757499913374583,5.724355576063993,0.5692302143319999,0.0,0.0,2.720000028610229,2.924999952316284,2.822499990463257,7.218307239406039,0.6341459727016449,0.0,0.0,0.0221970938415054,0.0086341473991925,0.0135629464423129,2.8399999737739563,2.8399999737739563,2.796827478413155,2.7746303845716493,0.3717318071296769,0.1884120683789577,0.1833197387507192,0.0400261172614352,4.351643120598812,0.5468911146173383,-161.4728966313176,-170.5766227208061,9.103726089488504,2.822499990463257,2.822499990463257,2.822499990463257,2.822499990463257,0.0,0.0,0.0,0.0,26.91705173698954,3.392774749628388,3.3974207908800333,12.0,4.0,8.0,2.8499999046325684,2.7799999713897705,1.0,0.0,75.3147843727966,0.0,0.0,0.0,99.24966575902648,50.666649712467255,63.414597270164485,75.09625465758141,-36.58540272983552,0.0,0.0,0.8000018296106236,0.3116669382665719,0.4883348913440517,24.44916739704479,10.284406504619165,14.164760892425626,2.772718947247355,-1.3840899245549545,-1.3937577605060758,3.6363601684570312,1.3840864754501183,2.4814109802246094,0
2021-09-21,2.809999942779541,2.869999885559082,2.7799999713897705,2.8399999141693115,2.4814109802246094,9726594,5388939.900017064,15575870,0.094505609845014,998751.3402321198,-0.0323854858204271,0.0115406790640874,-186332.419237378,2.85347044673468,60.46039758979549,982.6988965675068,2.839999961853027,2.9363327256113543,2.7436671980947,6.783997538892391,0.4999997525052029,0.0,0.0,2.8369999726613364,2.920000012715658,2.753999932607015,5.851254201913904,0.5180719280738403,0.0,0.0,2.720000028610229,2.924999952316284,2.822499990463257,7.21830726970496,0.585365513263057,0.0,0.0,0.0239968196571558,0.0117066818507851,0.0122901378063706,2.839999961853027,2.839999961853027,2.8034693916064097,2.779472571949254,0.3871663218514428,0.2845440706804255,0.1026222511710173,0.0554131004265997,5.477322726544788,0.5468911265382674,-161.47290015104372,-168.75587820685365,7.282978055809934,2.822499990463257,2.822499990463257,2.822499990463257,2.822499990463257,0.0,0.0,0.0,0.0,-12.41143146369272,3.392774749628388,3.3974207908800333,12.0,4.0,8.0,2.8499999046325684,2.900000095367432,0.0,1.0,70.62130648317608,0.0,0.0,0.0,98.44274436074744,53.76342321796261,58.53655132630569,68.29268198128632,-41.46344867369431,0.0,0.0,0.8633587501216743,0.4220053006375924,0.4413534494840819,23.332990271647667,12.894123258024864,10.438867013622804,2.775982594313825,-0.3508768701010245,-0.3514938867261064,3.272724151611328,0.35088525569585727,2.455199241638184,1
2021-09-22,2.809999942779541,2.8399999141693115,2.789999961853028,2.809999942779541,2.455199241638184,4051645,4578610.900017021,11524225,0.0749681530198273,838708.4010444588,-0.0123406430308213,0.0067644146451057,-76927.39597314662,2.850807752802876,56.16558655302412,972.318284006676,2.834999958674113,2.9257376857425585,2.744262231605667,6.4012506801504445,0.3622402351134845,0.0,0.0,2.8330555227067737,2.9105555481380887,2.755555497275459,5.471126478825198,0.3512543718603942,0.0,0.0,2.720000028610229,2.924999952316284,2.822499990463257,7.231037978636534,0.4390241349472932,0.0,0.0,0.0227402331094679,0.0139133921025217,0.0088268410069462,2.834999958674113,2.834999958674113,2.8044740917868918,2.7817338586774234,0.423392334101955,0.3431707293581063,0.0802216047438486,0.0673224032456066,6.515509071695709,0.5518911297171818,-162.94918121483465,-167.78809537485049,4.8389141600158325,2.822499990463257,2.822499990463257,2.822499990463257,2.822499990463257,0.0,0.0,0.0,0.0,-37.27037983758038,3.392774749628388,3.3974207908800333,12.0,4.0,8.0,2.8499999046325684,2.900000095367432,0.0,0.0,58.78566247230154,0.0,0.0,0.0,97.18698475082633,52.42717008315007,43.90241349472932,55.284520697066505,-56.09758650527068,0.0164166609446207,0.0,0.8174841399198336,0.5011010684940407,0.3163830714257929,16.883572479689935,13.69201310235788,3.191559377332055,2.778316655665696,-1.0563370526912583,-1.061955896853917,2.1818161010742188,1.05632395420659,2.4639365673065186,2
2021-09-23,2.819999933242798,2.8499999046325684,2.809999942779541,2.819999933242798,2.4639365673065186,6887958,1134631.9000170212,18412183,0.0166950837570836,728732.8457968667,0.008710837894066,0.0070888185199324,-18286.744206300213,2.8483610443413,60.90872114194445,972.318284006676,2.8328570978982106,2.917517294202959,2.748196901593462,5.977018492571375,0.4240660592781331,0.0,0.0,2.832142818541754,2.904285692033313,2.759999945050194,5.0945787775424,0.4158414080887929,0.0,0.0,2.720000028610229,2.924999952316284,2.822499990463257,7.236507759538993,0.4878045943858811,0.0,0.0,0.0222943000608046,0.0155895736941783,0.0067047263666263,2.8328570978982106,2.8328570978982106,2.806862682780108,2.784568382719303,0.4604562744851541,0.3571764775158011,0.1032797969693529,0.0769611390352772,7.473096808922956,0.554033990493084,-163.5818737697405,-167.18720657412047,3.6053328043799695,2.822499990463257,2.822499990463257,2.822499990463257,2.822499990463257,0.0,0.0,0.0,0.0,-11.76907401687116,3.392774749628388,3.3974207908800333,12.0,4.0,8.0,2.8499999046325684,2.897600092887879,0.0,0.0,61.12447718779762,0.0,0.0,0.0,96.13752262242052,50.450439227111374,48.78045943858812,50.40647475320771,-51.21954056141188,0.0117142677307127,0.0,0.8006375494012082,0.5610083646754742,0.239629184725734,14.34877277891548,13.8233650376694,0.5254077412460791,2.782253421820381,0.3558715539817791,0.3552398294753622,2.545452117919922,-0.3558703310165896,2.4901485443115234,3
2021-09-24,2.8499999046325684,2.9100000858306885,2.845000028610229,2.8499999046325684,2.4901485443115234,5152546,-3225235.0685777124,23564729,-0.0441120626862867,646710.472480811,0.0599220539984645,0.0146364235882941,79326.55134374592,2.8497685360658407,63.875836741768445,982.662085918901,2.834999948740005,2.91499995440256,2.754999943077451,5.643739478592224,0.5937497176927319,0.0,0.0,2.83666663368543,2.907916655143102,2.765416612227758,5.0235033339186055,0.5935667854855264,0.0,0.0,2.720000028610229,2.924999952316284,2.822499990463257,7.231038003974772,0.6341459727016449,0.0,0.0,0.0240840163294318,0.017288462221229,0.0067955541082027,2.834999948740005,2.834999948740005,2.8134991784497174,2.7894151621202856,0.5072327049845649,0.3354924378018526,0.1717402671827121,0.086632659111765,8.439373283716302,0.5518911396512891,-162.94918414793975,-166.6574537708479,3.708269622908148,2.822499990463257,2.822499990463257,2.822499990463257,2.822499990463257,0.0,0.0,0.0,0.0,66.66670849446146,3.392774749628388,3.3974207908800333,12.0,4.0,8.0,2.7799999713897705,2.897600092887879,1.0,0.0,67.14758612071954,0.0,0.0,0.0,95.26348144605431,50.87880621366079,63.414597270164485,52.0324900678273,-36.58540272983552,0.0039999961853025,0.0,0.8634073785963471,0.6214881674596489,0.2419192111366982,10.370189337260962,13.132729897587714,-2.762540560326752,2.788193605245256,1.0638287978706584,1.0582099541046608,3.6363601684570312,-1.0638251549494555,2.472673892974853,4
2021-09-27,2.859999895095825,2.875,2.8299999237060547,2.8299999237060547,2.472673892974853,8721235,-11946470.068577712,14843494,-0.145980945269927,529405.4716041747,-0.0128996202818789,0.0111944181045225,-6387.324632776334,2.849260348230276,56.65626726761528,982.662085918901,2.8344443904029,2.9099345641763104,2.758954216629489,5.326629376043615,0.4705626144789025,0.0,0.0,2.837592557624534,2.9059259185084594,2.769259196740609,4.81629123958019,0.4444441644588721,0.0,0.0,2.720000028610229,2.924999952316284,2.822499990463257,7.23245530588503,0.5365850538244691,0.0,0.0,0.0236163138867309,0.0185540325543294,0.0050622813324015,2.8344443904029,2.8344443904029,2.816037754643,2.792421440756269,0.5127647494539422,0.3855374733344434,0.1272272761194988,0.0943139995869924,9.36369135039088,0.5524466979883949,-163.11321609423112,-166.26364958455713,3.1504334903260087,2.822499990463257,2.822499990463257,2.822499990463257,2.822499990463257,0.0,0.0,0.0,0.0,17.04540882600764,3.392774749628388,3.3974207908800333,12.0,4.0,8.0,2.7825999736785887,2.897600092887879,0.0,0.0,60.42613957658649,0.0,0.0,0.0,94.095959703518,42.35494436504715,53.6585053824469,55.284520697066505,-46.341494617553096,0.0008333206176756,0.0,0.8457288553240347,0.666336305032526,0.1793925502915087,10.928255110527402,12.691834940175651,-1.7635798296482488,2.791068555297584,-0.701753740202038,-0.704227612214714,2.909088134765625,0.7017513624474105,2.568784713745117,0
2021-09-28,2.950000047683716,3.0,2.930000066757202,2.940000057220459,2.568784713745117,16876780,-24001312.92572057,31720274,-0.243143361759363,718982.9832740396,0.0466617298833079,0.0151352305243875,594787.1362915195,2.867623490737261,64.68377422505105,982.662085918901,2.844999957084656,2.940603352786553,2.749396561382758,6.720801205203872,0.996844800534202,0.0,0.0,2.849499972661336,2.9179999907811487,2.780999954541524,4.807862346167046,1.1605843840860766,1.0,0.0,2.720000028610229,3.0,2.8600000143051147,9.841826910840943,0.785714468177503,0.0860000371932983,0.0,0.0317556879924683,0.0211943636419571,0.0105613243505111,2.844999957084656,2.844999957084656,2.835108878116455,2.8033531901239868,0.5692311141378725,0.3783513023031526,0.1908798118347199,0.1079185701038186,10.3249624846257,0.541891131306639,-159.99662143373683,-163.147059617031,3.1504381832941704,2.8899999856948853,2.8600000143051147,2.875,2.8600000143051147,0.0,0.0,0.0,0.0,195.7381964013262,3.392774749628388,3.3974207908800333,40.0,4.0,36.0,2.785147975921631,2.897600092887879,0.0,0.0,75.15607553080585,0.0,0.0,0.0,93.1823304411754,47.2260406500544,78.5714468177503,65.21484982345389,-21.4285531822497,0.016250002384186,0.0,1.1327751388708829,0.7596240718001974,0.3731510670706852,18.86498672626574,13.926465297393673,4.93852142887207,2.7982058274455954,3.886930617664208,3.813291611717662,6.909092989834864,-3.8869185719688204,2.551310062408448,1
2021-09-29,2.890000104904175,2.940000057220459,2.8499999046325684,2.9200000762939453,2.551310062408448,10927828,-17930284.5040277,20792446,-0.1635371656073982,585048.7925822879,-0.0576511215389573,0.0078565953180531,581649.8354514358,2.871182681183598,57.869172964416855,975.9773163294178,2.851818149740046,2.952657672644322,2.75097862683577,7.0719462188336175,0.8380714455512772,0.0,0.0,2.8648333072662355,2.936333346366882,2.7933332681655885,4.991567147679925,0.8857813906231201,0.0,0.0,2.720000028610229,3.0,2.8600000143051147,9.818296843902688,0.714285957570004,0.0864000487327576,0.0,0.0361753622408036,0.0241905633617264,0.0119847988790771,2.851818149740046,2.851818149740046,2.8481690624514537,2.81199370021065,0.542748284140398,0.4528256056753136,0.0899226784650844,0.1232480926936481,11.36064559263206,0.5350729386512487,-154.18305770300643,-161.352889746944,7.169832043937532,2.8899999856948853,2.8600000143051147,2.875,2.8600000143051147,0.0,0.0,0.0,0.0,86.7008346203736,3.392774749628388,3.3974207908800333,40.0,4.0,36.0,2.7937420568847657,2.897600092887879,0.0,0.0,70.05071884254905,0.0,0.0,0.0,91.96587825896276,51.918930855859,71.4285957570004,67.8861826523992,-28.5714042429996,0.0283181927420872,0.0,1.286466688673367,0.8649925951748314,0.4214740934985359,18.84696608085772,14.91056545408648,3.9364006267712384,2.8102286536924126,-0.6802714468455484,-0.6825958405077825,6.181820956143458,0.6802692044672085,2.568784713745117,2
2021-09-30,2.930000066757202,2.9600000381469727,2.875,2.940000057220459,2.568784713745117,6939987,-14256169.159055805,27732433,-0.1222861438915626,521298.9090177115,0.0275577475981009,0.0096476091616938,-26804.78268422624,2.874386407298181,60.52970933589476,982.662085918901,2.8591666420300803,2.9673204222590357,2.7510128618011254,7.565405852116617,0.8736966707000868,0.0,0.0,2.871333312988281,2.940333342552185,2.8023332834243773,4.806131649835774,0.9975848899353188,0.0,0.0,2.720000028610229,3.0,2.8600000143051147,9.793062330601476,0.785714468177503,0.0862600476741791,0.0,0.0408212552187845,0.027516701733138,0.0133045534856464,2.8591666420300803,2.8591666420300803,2.862296907800532,2.821475652581747,0.5816464096678551,0.4689715328350575,0.1126748768327975,0.1402131227923268,12.428959952155136,-0.1091666420300803,-150.51172896559575,-160.02562890127183,9.51389993567608,2.8899999856948853,2.8600000143051147,2.875,2.8600000143051147,0.0,0.0,0.0,0.0,107.74567101082413,3.392774749628388,3.3974207908800333,40.0,4.0,36.0,2.801992374609375,2.897600092887879,0.0,0.0,72.0923178541551,0.0,0.0,0.0,90.95496368488529,53.55781630165001,78.5714468177503,76.190496464167,-21.4285531822497,0.0406666934490203,0.0,1.4468051560690132,0.9813551073536678,0.4654500487153453,15.157013408248757,14.959855044918935,0.1971583633298177,2.8154447552797945,0.6849308357518069,0.6825958405077825,6.909092989834864,-0.6849285625508372,2.594996929168701,3
2021-10-01,2.9200000762939453,3.005000114440918,2.890000104904175,2.970000028610229,2.594996929168701,8699107,-10852183.313860005,36431540,-0.0866237619194262,484109.487888974,0.0396593662429381,0.0121485889184641,136300.42253747984,2.879984026027596,63.4523555374852,982.662085918901,2.86769228715163,2.987218060352562,2.748166513950698,8.336025014709822,0.927973560508209,0.0,0.0,2.877999989191691,2.951000014940898,2.8049999634424845,5.072969146862947,1.130137034023838,1.0,0.0,2.720000028610229,3.005000114440918,2.8625000715255737,9.938307785239004,0.8771927182805076,0.0891340438604355,0.0,0.046389160480845,0.0312911934826794,0.0150979669981655,2.877499977747599,2.86769228715163,2.8788666186943312,2.832477458213486,0.6175682437626023,0.4781173456321833,0.139450898130419,0.1593453619898552,13.581465296081296,0.002307598407452,-146.57988985437677,-158.37085037050062,11.790960516123846,2.892500042915344,2.8625000715255737,2.877500057220459,2.8625000715255737,0.0,0.0,0.0,0.0,130.07632823476865,3.392774749628388,3.3974207908800333,52.0,4.0,48.0,2.809912679625,2.897600092887879,0.0,0.0,74.86062608433748,0.0,0.0,0.0,90.12912830508644,56.5104854331891,87.71927182805076,79.23977146760048,-12.280728171949235,0.0480000275831957,8.000001040371965,1.6377592113338075,1.1126359281496958,0.5251232831841117,13.650544729149477,14.697992981765044,-1.0474482526155686,2.822592631376608,1.0204071702683226,1.0152361634350626,8.000001040371973,-1.0204130880772908,2.699845314025879,4
2021-10-04,3.0199999809265137,3.0999999046325684,3.0199999809265137,3.0899999141693115,2.699845314025879,8874235,-4196507.063860005,45305775,-0.0312813239097183,567080.5873940355,0.1014169454099813,0.0190153855716577,447320.9156736342,2.892553527450541,66.11180350941416,982.662085918901,2.8835714033671787,3.0459831080631483,2.721159698671209,11.264621677571062,1.1355099565901408,1.0,0.0,2.899333318074544,2.972333319981893,2.8263333161671955,5.035640535171596,1.8059355555686196,1.0,0.0,2.720000028610229,3.0999999046325684,2.909999966621399,13.178098367136297,0.9736842270373032,0.0932206270766259,1.3397059956153028,0.0597954684603245,0.0369920484782085,0.022803419982116,2.8958333134651184,2.8835714033671787,2.9113486641520203,2.851553195691696,0.6863141150115504,0.4531263339388278,0.2331877810727225,0.1871844910649247,14.699383045669467,0.0064287015369961,-138.7341466263849,-155.8443222010941,17.11017557470919,2.944999933242798,2.909999966621399,2.9274999499320984,2.909999966621399,0.0,0.0,0.0,0.0,215.96311182673287,3.392774749628388,3.3974207908800333,56.00000000000001,4.0,52.00000000000001,2.821617925713955,2.897600092887879,0.0,0.0,82.38679231931249,0.572643678456547,0.0,0.0,89.58496010575378,62.7174280582323,97.3684227037303,87.8863804498438,-2.631577296269686,0.0757500273840769,7.665506529014129,2.096943818220445,1.309497506163846,0.7874463120565993,12.474956545844703,14.253385694580976,-1.778429148736274,2.871076581815957,4.0404001482530205,3.960910068505008,12.363633242520413,-4.040404968446936,2.752269506454468,0
2021-10-05,3.140000104904175,3.1700000762939453,3.0999999046325684,3.150000095367432,2.752269506454468,19374836,4107031.7876467016,64680611,0.0267509247684472,652139.5992925833,0.0270970872345529,0.0195926499761503,734766.1584569578,2.9295847520636715,70.84864872100431,982.662085918901,2.901333316167196,3.1069695199213747,2.6956971124130167,14.17528986471879,1.1046279173133755,1.0,0.0,2.9303333282470705,3.001333355903625,2.859333300590515,4.845866985311704,2.046948461646695,1.0,0.0,2.720000028610229,3.1700000762939453,2.9450000524520874,15.510112029395795,0.9555556026505796,0.0918985805814266,1.3397059956153028,0.0744038955089374,0.0444744178843543,0.0299294776245831,2.9174999793370566,2.901333316167196,2.948064268954391,2.8736603734454538,1.111538206190884,0.6576921680270581,0.4538460381638259,0.223397788697356,15.769756218405464,-0.0513334115346273,-129.35367174602453,-152.11148781567073,22.7578160696462,2.990000009536743,2.9450000524520874,2.9675000309944157,2.9450000524520874,0.0,0.0,0.0,0.0,217.04723072240816,3.392774749628388,3.3974207908800333,60.0,4.0,56.0,2.843888484027444,2.897600092887879,0.0,0.0,84.83194342241858,0.6319713602726819,0.0,0.0,89.21405602656249,66.83265533368561,94.8718011418414,93.3198318912075,-5.128198858158599,0.0928333520889284,8.996539135830869,2.58916802404624,1.5654316097403247,1.0237364143059149,19.951745235847437,15.393057602834268,4.5586876330131645,2.935161586400984,1.9417534907683052,1.9231419980184628,14.545458013361156,-1.9417480014963218,2.726057291030884,1
2021-10-06,3.180000066757202,3.200000047683716,3.0899999141693115,3.119999885559082,2.726057291030884,10285056,-568005.8262977339,54395555,-0.0034673901515527,514897.67969498143,0.0106951317144118,0.0142997657095709,278257.9579958596,2.9507763322353004,62.86518215126665,973.3033342186604,2.9149999767541885,3.140499454518622,2.689500498989755,15.471662405673428,0.9545463050230326,0.0,0.0,2.962666662534078,3.039666708310445,2.8856666167577107,5.19802289944466,1.521643697991755,1.0,0.0,2.720000028610229,3.200000047683716,2.9600000381469727,16.466553101244276,0.8333330021964312,0.0937087358747244,1.3636718362052214,0.0826081575650596,0.0521011658204953,0.0305069917445642,2.939999977747599,2.9149999767541885,2.9745159022781897,2.89190774471313,1.083999776458868,0.7319999320984276,0.3519998443604404,0.2609741624208422,16.89202581971974,-0.075000062584877,-114.79057082022511,-146.69023193239124,31.899661112166115,3.0149999856948853,2.9600000381469727,2.987500011920929,2.9600000381469727,0.0,0.0,42.46202468716952,11.632328506480382,169.85587179587955,3.392774749628388,3.3974207908800333,60.0,4.0,56.0,2.8764996432540944,2.897600092887879,0.0,0.0,78.93163443115215,0.4888097969623151,0.5644749452305147,0.0,88.1415072584818,63.97742284486141,80.95234581132692,91.06418988563289,-19.047654188673075,0.1274062693119049,9.473683858292024,2.8565281073049653,1.823650909253253,1.0328771980517124,18.0293003018282,15.920306142633056,2.108994159195145,2.9776296324538687,-0.9523875841295992,-0.9569517971307784,13.45454129305752,0.9523854899425004,2.673633098602295,2
2021-10-07,3.0899999141693115,3.109999895095825,3.0450000762939453,3.059999942779541,2.673633098602295,11501120,-6760949.046278001,42894435,-0.0385646295629962,342759.93375275057,-0.0381483495449452,0.0105921198589165,-319128.77816353494,2.968735584463252,52.87959423744845,973.3033342186604,2.9235293865203857,3.152690662331917,2.6943681107088544,15.677029064125906,0.7977609453775962,0.0,0.0,2.987166666984558,3.06666669845581,2.907666635513306,5.322771732151453,0.9580707356154924,0.0,0.0,2.720000028610229,3.200000047683716,2.9600000381469727,16.41851186058327,0.7083331263727697,0.0918378432137656,1.5629117690165446,0.0833082744805762,0.0583425875525115,0.0249656869280646,2.9583333134651184,2.9235293865203857,2.987667293124552,2.904359018643975,1.0,0.8079998748779775,0.1920001251220224,0.2930027640267112,17.947600133778984,-0.1135294437408447,-103.97231602462334,-140.1372465853561,36.16493056073277,3.0149999856948853,2.9600000381469727,2.987500011920929,2.9600000381469727,0.0,0.0,40.00864079120705,14.426927002885002,106.17540992462592,3.392774749628388,3.3974207908800333,60.0,4.0,56.0,2.915319691785649,2.897600092887879,0.0,0.0,68.64783882849679,0.3786404813448399,0.4998072128599456,0.0,85.69104485713488,60.65680800810445,66.66664774456065,80.83026489924299,-33.33335225543935,0.1497647187289068,7.746480114756574,2.8683876182591312,2.0325982510544285,0.8357893672047028,17.230946395601755,16.182434193226797,1.0485122023749582,2.987925622461669,-1.923075159625831,-1.941806787681588,11.272725191983302,1.9230774276487779,2.68237042427063,3
2021-10-08,3.0999999046325684,3.0999999046325684,3.009999990463257,3.069999933242798,2.68237042427063,6439865,-4614327.379611334,49334300,-0.0253876741892956,302994.02730016643,-0.0314447818709518,0.0097750641348458,-200129.8910180776,2.982272202545303,54.42353305578092,976.484061095146,2.9316666391160755,3.164260723845398,2.699072554386753,15.867703484830844,0.7973706194800815,0.0,0.0,3.006333327293396,3.088333344459534,2.9243333101272584,5.455151391343711,0.8882109306172999,0.0,0.0,2.720000028610229,3.200000047683716,2.9600000381469727,16.372939974451228,0.7291664390100466,0.0916540503093202,1.6633016435339705,0.0837051371210773,0.0634150974662247,0.0202900396548526,2.9799999793370566,2.9316666391160755,3.000333853142743,2.9166287160216657,0.9960316559264792,0.797618993555888,0.1984126623705913,0.3199653567883975,19.01072123891874,-0.1116667058732776,-93.83318427538956,-132.43946527215147,38.60628099676191,3.024999976158142,2.9600000381469727,2.9925000071525574,2.9600000381469727,0.0,0.0,37.228856309484186,16.126543608061176,88.6580111244068,3.392774749628388,3.3974207908800333,60.0,4.0,56.0,2.949481334493417,2.897600092887879,0.0,0.0,69.36425312824394,0.4061459168087055,0.4245320650386202,0.4962714077096934,83.6634198002434,60.46241583305125,69.04759742235503,72.22219699274753,-30.95240257764497,0.1639444271723427,9.252668888173538,2.8699277580744877,2.2000641524584403,0.669863605616047,12.53237941200916,15.45242323698327,-2.92004382497411,2.9974414324695315,0.3267970800735931,0.326264258929565,11.636361208829005,-0.32679598681295374,2.656158208847046,4
2021-10-11,3.0899999141693115,3.0899999141693115,3.009999990463257,3.039999961853028,2.656158208847046,6152209,-6152379.629611266,43182091,-0.0327416479190944,233342.5814024447,-0.0065017173028567,0.0116239047432437,-39073.95938129946,2.99661507657184,55.6422070029404,966.94188046569,2.937368392944336,3.168870788524714,2.705865997363958,15.76257143206519,0.7216641617279894,0.0,0.0,3.026499994595846,3.1119999965031946,2.9409999926884973,5.650091000166426,0.5789471751814167,0.0,0.0,2.720000028610229,3.200000047683716,2.9600000381469727,16.341158304367408,0.6666665010982168,0.0904886376489937,1.85035262084135,0.0806690045818743,0.0668658788893546,0.0138031256925196,2.9983333150545755,2.937368392944336,3.0064363314058635,2.925767326823989,1.0279998725891355,0.7799997749329043,0.2480000976562314,0.3395761099841755,20.055578848087137,-0.0873684883117675,-83.46895911482417,-123.93639168116118,40.46743256633701,3.024999976158142,2.9600000381469727,2.9925000071525574,2.9600000381469727,0.0,0.0,34.907167041326424,15.120849989217035,73.83570581300434,3.392774749628388,3.3974207908800333,60.0,4.0,56.0,2.979543580076253,2.897600092887879,0.0,0.0,64.59549872245091,0.2230581886633326,0.335948195605626,0.4200958245013972,81.15009559446598,57.10663011292338,60.97559699127453,65.56328071939673,-39.02440300872547,0.1556578811846281,7.801419638944661,2.7571913816346774,2.311489598293688,0.4457017833409895,8.34298764500664,14.030536118587944,-5.687548473581305,3.001869997224512,-0.977197786388273,-0.9820036984304448,10.545453158291917,0.9772034162921983,2.656158208847046,0
2021-10-12,3.0299999713897705,3.0899999141693115,3.009999990463257,3.039999961853028,2.656158208847046,9860050,-8617392.129611157,53042141,-0.0435734823257708,200007.9269163812,0.0,0.0125053792454452,-60119.25016198008,3.0056580066814003,57.30771527175301,966.94188046569,2.9424999713897706,3.1725325921187584,2.712467350660783,15.635182529523778,0.7119264436371537,0.0,0.0,3.035499986012777,3.1219999869664514,2.9489999850591024,5.699225916801595,0.526011420755133,0.0,0.0,2.720000028610229,3.200000047683716,2.9600000381469727,16.312660110130032,0.6666665010982168,0.0894397662546998,1.9358466179248144,0.0773709633664663,0.0689668957847769,0.0084040675816893,3.0141666531562805,2.9424999713897706,3.011599966859273,2.934229003492807,1.019531135039888,0.7617185506387941,0.257812584401094,0.3527044353279748,21.08715529791235,-0.1125000476837159,-75.30148781809818,-115.17177280506024,39.87028498696206,3.037500023841858,2.9600000381469727,2.9987500309944157,2.9600000381469727,0.0,0.0,32.71034817585807,14.16924688493468,69.38660340262032,3.392774749628388,3.3974207908800333,60.0,4.0,56.0,3.0059983561891483,2.897600092887879,0.0,0.0,64.59549872245091,0.170834739646424,0.2666796150394874,0.3423866252279112,79.02153747849673,54.21243188808966,58.974348001777855,62.9991808051358,-41.02565199822215,0.1329999804496768,6.666668897483871,2.636841339730694,2.376559946581089,0.2602813931496048,8.063642779220576,12.837157450714471,-4.773514671493896,3.003765764282642,0.0,0.0,10.545453158291917,0.0,2.638683795928955,1
2021-10-13,3.009999990463257,3.0450000762939453,2.9600000381469727,3.0199999809265137,2.638683795928955,6207683,-6061299.65578109,46834458,-0.0304568821803593,153699.14570006303,-0.065040255681908,0.0072374439900185,-40839.98130123933,3.014844609186374,52.30417809759841,960.5804267127188,2.955999970436096,3.1704201401988072,2.741579800673385,14.507454120919888,0.6492397160240181,0.0,0.0,3.0459999879201254,3.131999977429708,2.9599999984105425,5.646749169444699,0.3488371502027078,0.0,0.0,2.7799999713897705,3.200000047683716,2.990000009536743,14.208392438920866,0.5714284903338314,0.0889957934439271,2.1319045876548874,0.0723098674871347,0.0696354901252485,0.0026743773618862,3.0299999912579856,2.946190448034377,3.012892276715772,2.940582409228637,0.966037685602076,0.8113204355807534,0.1547172500213226,0.3588203865285975,22.11905364601823,-0.0159999132156372,-62.59103467630679,-105.40280677291705,42.811772096610255,3.0450000762939453,2.9600000381469727,3.002500057220459,2.9600000381469727,0.0,0.0,30.51309482670189,17.168805007651958,37.61294982479912,3.392774749628388,3.3974207908800333,60.0,4.0,56.0,3.0059983561891483,3.200000047683716,0.0,1.0,61.33520184085102,0.0372477903209802,0.1437135728769123,0.2487804611740086,76.64021167586841,51.43371713153423,51.35134960979913,57.10043153428384,-48.64865039020087,0.1016428493318102,6.713783121649082,2.4590321720010158,2.3930543916650744,0.0659777803359409,4.593939539980634,11.188513868567703,-6.594574328587069,3.004572906209676,-0.657894117680291,-0.6600677798729748,9.818181124600487,0.6578829852788033,2.62994647026062,2
2021-10-14,3.0299999713897705,3.039999961853028,2.970000028610229,3.009999990463257,2.62994647026062,6950644,-5068350.51292396,39883814,-0.0456641439779095,121812.64292669784,0.0025176874818073,0.0031371320959715,-63855.33698086729,3.0199099950638466,47.6478484787716,960.5804267127188,2.962999975681305,3.174858434139196,2.751141517223414,14.30026730993657,0.6109231491724781,0.0,0.0,3.054166650772095,3.13866662979126,2.96966667175293,5.533422938647014,0.2386587498511632,0.0,0.0,2.7799999713897705,3.200000047683716,2.990000009536743,14.174825505942554,0.5476189935558876,0.0870962074238142,2.412284783873819,0.0667228573169467,0.0690529635635881,-0.0023301062466414,3.0358333190282187,2.9490908817811445,3.0124473096,2.945724452283053,0.9655171846804832,0.8773945765165562,0.088122608163927,0.3585793458278666,23.119941431070256,-0.0429998993873597,-51.69258097432079,-94.85977245291082,43.16719147859003,3.080000042915344,2.9600000381469727,3.0200000405311584,2.9600000381469727,0.0,0.0,28.79750665180175,16.203494900120084,31.75752122860856,3.392774749628388,3.3974207908800333,60.0,4.0,56.0,3.0059983561891483,3.195200047492981,0.0,0.0,59.71236865679956,0.0,0.0693608433224681,0.1599180104129559,74.3093794445759,50.43616010712602,48.64865039020087,52.99144933392595,-51.35134960979913,0.0844318118962377,2.380950063959432,2.265074632667487,2.367458439865557,-0.1023838071980698,2.408374579623419,9.432486010778849,-7.024111431155428,3.0047457020351542,-0.3311255141196678,-0.331674947862326,9.454545107754786,0.3311243917067799,2.656158208847046,3
2021-10-15,3.059999942779541,3.0799999237060547,3.0199999809265137,3.039999961853028,2.656158208847046,4535856,-6580302.512923893,44419670,-0.0640551343962712,123850.20111261544,0.05952558569234,0.00831036109413,22192.468459659856,3.032233981346409,52.72778470500941,970.1543089088184,2.970499968528748,3.182110483855139,2.7588894532023565,14.247467939290996,0.6642167763191785,0.0,0.0,3.063333304723104,3.142333277066549,2.984333332379659,5.157778438385501,0.3523205630462971,0.0,0.0,2.7799999713897705,3.200000047683716,2.990000009536743,14.139036550872822,0.61904748388972,0.0853865800057126,2.5263167380774028,0.0639783558150779,0.0680380420138861,-0.0040596861988081,3.045833309491476,2.953043450479922,3.016686179177389,2.952707823362311,1.0075187902533045,0.8157893699008895,0.1917294203524148,0.3554506595629167,24.08050330722022,-0.0304999113082886,-41.19283746700953,-84.02184921298023,42.829011745970696,3.080000042915344,2.9600000381469727,3.0200000405311584,2.9600000381469727,16.318751915230145,0.0,30.41581883934549,15.27839385803057,54.67624640613975,3.392774749628388,3.3974207908800333,60.0,4.0,56.0,3.0059983561891483,3.190496047306061,0.0,0.0,62.88499914833693,0.1263011225763157,0.0545163042990986,0.0891969068328263,72.44128810420399,52.56834593271383,54.285708446894446,51.428569482298144,-45.714291553105554,0.0789999961853027,4.109585014510888,2.166768933548746,2.327320538602195,-0.160551605053449,-1.719654489906028,7.202057910641873,-8.9217124005479,3.005868181186426,0.9966767935156716,0.9917427277353008,10.545453158291917,-0.9966643383364442,2.691107749938965,4
2021-10-18,3.0199999809265137,3.0799999237060547,3.005000114440918,3.0799999237060547,2.691107749938965,5122748,-1457554.5129238926,49542418,-0.0207994597856241,135430.13303690893,-0.0109803090589483,0.0041930725982546,112612.33965045492,3.0436555188783494,47.97842502543005,970.1543089088184,2.981999969482422,3.191150644991569,2.772849293973275,14.027543772607668,0.7342807499547062,0.0,0.0,3.061833310127258,3.1403332710266114,2.983333349227905,5.127644319480647,0.6157109721499634,0.0,0.0,2.7799999713897705,3.200000047683716,2.990000009536743,14.084509744875806,0.7142854710014941,0.084347902931655,2.595190100131826,0.0642898874265043,0.0672884110964097,-0.0029985236699054,3.057499965031942,2.958333303531011,3.026426755258722,2.9621368678322177,0.9959515162653636,0.8947367201779778,0.1012147960873858,0.3525404997409275,25.04694041360067,-0.0119999408721929,-31.52814890932991,-73.1523466755697,41.62419776623979,3.080000042915344,2.9600000381469727,3.0200000405311584,2.9600000381469727,41.31875191523061,0.0,28.53598055438285,15.570203097316965,55.00632385351014,3.392774749628388,3.3974207908800333,60.0,4.0,56.0,3.0059983561891483,3.185886127122879,0.0,0.0,66.65547149752652,0.2764020850476314,0.1342344025413157,0.0860371833876275,71.04066551441599,59.54477064128303,65.7142643052792,56.21620771412484,-34.2857356947208,0.0737500081459678,4.761900127918864,2.170388820471812,2.2959341949761187,-0.1255453745043073,-4.553770966313636,4.850892135250772,-9.404663101564408,3.006407316327223,1.3157882353605377,1.3072069344937098,11.999997225674708,-1.3157928987629646,2.673633098602295,0
2021-10-19,3.049999952316284,3.0899999141693115,3.039999961853028,3.059999942779541,2.673633098602295,5252848,-2508124.112923949,44289570,-0.0467796093508429,101074.84834451116,0.0214168556562918,0.0098407852550581,33295.14459811064,3.057741867661714,55.23208095675248,970.1543089088184,2.9929999709129333,3.194106910040186,2.7918930317856807,13.438485872481342,0.6665779712956913,0.0,0.0,3.0541666348775225,3.1306665738423662,2.9776666959126787,5.009545850657983,0.5381262258568551,0.0,0.0,2.789999961853028,3.200000047683716,2.995000004768372,13.698633137828883,0.6585364009850753,0.0809131078701179,2.699082998145765,0.062205876536173,0.0662719041843624,-0.0040660276481893,3.0649999578793845,2.962399969100952,3.0315918610311554,2.9693859844949824,1.0920503628054077,0.8326358672285231,0.2594144955768845,0.3478082969493227,25.9660098973213,0.0969999432563781,-25.32315083947328,-63.21152223326395,37.88837139379067,3.034999966621399,2.9600000381469727,2.997500002384186,2.9600000381469727,62.23906393642307,0.0,28.173309386579408,14.908666475453252,56.10363297723784,3.392774749628388,3.3974207908800333,60.0,4.0,56.0,3.0059983561891483,3.1813684053433606,0.0,0.0,63.19840984986897,0.1387778744503564,0.1804936940247679,0.1230814669550607,69.213626792325,57.053098928955045,56.92305096508159,58.97434123908508,-43.076949034918414,0.0724000072479249,3.03030011118977,2.0949070569130708,2.255728767363509,-0.1608217104504383,-6.721930280013104,2.5363276521979965,-9.2582579322111,3.010647803544686,-0.649350046166508,-0.6514674949928301,11.272725191983302,0.6493478879493466,2.699845314025879,1
2021-10-20,3.069999933242798,3.134999990463257,2.990000009536743,3.0899999141693115,2.699845314025879,9383165,1050996.7985092923,53672735,-0.020256675686703,126849.11023036616,-0.0038632056873887,0.0075964314489517,57882.35680240262,3.0666081029802963,56.375150908523054,970.1543089088184,3.006999969482422,3.1936654372699413,2.8203345016949024,12.415395389554936,0.7223227082937701,0.0,0.0,3.0476666371027625,3.1276665608088177,2.967666713396708,5.249913014246607,0.7645832339921639,0.0,0.0,2.809999942779541,3.200000047683716,3.0049999952316284,12.969740899974248,0.7179484514717452,0.0873217951757574,2.7466710505641063,0.0622573657040588,0.0654689964883017,-0.0032116307842429,3.0649999578793845,2.967307659295889,3.0405777153601026,2.978320349656044,1.0278885279573935,0.8207169316597035,0.20717159629769,0.3433921663033922,26.054457181221046,0.1430001258850102,-21.357179728576316,-54.03206264481428,32.67488291623796,3.0475000143051147,2.9600000381469727,3.003750026226044,2.9600000381469727,76.90937595761542,0.0,24.87289153162513,17.201708757397817,58.62905275108997,3.392774749628388,3.3974207908800333,56.00000000000001,20.0,36.00000000000001,3.0059983561891483,3.1769410379994327,0.0,0.0,66.04334374754342,0.2520335296204545,0.2224044963728141,0.1790441976462992,67.83264509293777,60.49501797171581,64.51607941339789,62.38446489458622,-35.4839205866021,0.0804807644623974,0.0,2.09035155372889,2.2226533246365854,-0.1323017709076954,-3.934444454797216,1.242173230798954,-5.176617685596169,3.0121322577631724,0.9803912402207572,0.9756165867939036,12.363633242520413,-0.9803968778396381,2.699845314025879,2
2021-10-21,3.109999895095825,3.119999885559082,3.069999933242798,3.0899999141693115,2.699845314025879,6132024,-175408.00149070774,59804759,-0.0075554602132743,108727.80876888528,0.0265001232925793,0.0066564855239261,91991.7277154591,3.076384500430315,55.47642762054108,970.1543089088184,3.0204999685287475,3.189316414469928,2.851683522587567,11.1780465287281,0.7058447127384124,0.0,0.0,3.049833297729492,3.128333234786987,2.971333360671997,5.147818217863635,0.7558385264079922,0.0,0.0,2.8299999237060547,3.200000047683716,3.0149999856948853,12.249631777281037,0.7027024414698694,0.0835896108898101,2.793448529888162,0.0615882205711595,0.0646928413048732,-0.0031046207337137,3.059999942779541,2.980384579071632,3.0481811305615194,2.98659290999036,1.0840335797727965,0.8613444931989558,0.2226890865738406,0.3386674048672394,25.923947073877105,0.0994999170303345,-15.464978908748051,-45.324484270743,29.859505361994948,3.0475000143051147,2.990000009536743,3.018750011920929,2.9600000381469727,86.34960997351013,0.0,23.835960094189737,16.484582943317285,73.40195581894862,2.75,2.75,52.0,16.0,36.0,3.0059983561891483,3.172602218002384,0.0,0.0,66.04334374754342,0.2520335296204545,0.2142816445637551,0.205726611653779,66.65090826091617,60.82873167758449,54.16661285692005,58.53524774513318,-45.83338714307995,0.0936481290393405,-1.9047675994156383,2.062156525087255,2.19055396472672,-0.1283974396394644,-5.169716724261945,-0.0402047602132256,-5.129511964048719,3.0141155294936373,0.0,0.0,12.363633242520413,0.0,2.621208906173706,3
2021-10-22,3.049999952316284,3.069999933242798,2.970000028610229,3.0,2.621208906173706,14209298,-5859127.201490619,45595461,-0.0144365118794332,-89495.53539897973,-0.0527822394525903,-0.0043577419662575,-413862.6653489603,3.069471784732684,45.003051511144506,970.1543089088184,3.0279999732971192,3.1781465267651385,2.8778534198291,9.917209695647928,0.4067578554073067,0.0,0.0,3.0451666355133056,3.1246665716171265,2.9656666994094847,5.221384943383899,0.2159328816672168,0.0,0.0,2.8299999237060547,3.200000047683716,3.0149999856948853,12.2192908599922,0.4594595117060261,0.0872306383567373,3.069699032129525,0.0531826211678185,0.0623907972774623,-0.0092081761096437,3.049999952316284,2.9853845834732056,3.0407686489366705,2.987586027768852,0.9152542715338564,0.9830508543067712,-0.0677965827729148,0.3271902596912805,25.85360111277574,0.0319999694824217,-12.886501471165406,-37.48198897700314,24.59548750583773,3.0475000143051147,2.990000009536743,3.018750011920929,2.9600000381469727,43.17480498675506,33.342342792413,21.51744276106588,22.986942649595825,-13.967004086775264,2.815000057220459,2.815000057220459,48.0,12.0,36.0,3.0059983561891483,3.1683501744052758,0.0,0.0,52.045036171835655,0.0,0.1680223530803029,0.201569498005624,62.56988172086715,53.43106542075708,16.666650109821553,45.116447460046494,-83.33334989017844,0.085839272396905,-3.84615031925166,1.7801201596707057,2.1084672037155165,-0.3283470440448111,2.1683106196220407,0.4014983157538276,1.766812303868213,3.0134284242263365,-2.912618662434696,-2.9558774464622184,9.090909090909085,2.912626417656284,2.638683795928955,4
2021-10-25,3.0199999809265137,3.049999952316284,2.970000028610229,3.0199999809265137,2.638683795928955,7761065,-3918860.9514905866,53356526,0.0442325647550277,-54536.00863206366,-0.0103078440152456,-0.0070295227698146,-362122.2813591494,3.0530576507844107,33.12904844218855,976.6219981334688,3.0374999761581423,3.157312259956007,2.917687692360277,7.88887471527848,0.4269691108586461,0.0,0.0,3.041833305358886,3.1213332414627075,2.9623333692550657,5.227106690150544,0.3626833837711499,0.0,0.0,2.8499999046325684,3.200000047683716,3.024999976158142,11.522638544801929,0.4857143051770189,0.0865075668916691,3.186977498251111,0.047586407906714,0.0594299194033126,-0.0118435114965986,3.046666622161865,2.990384578704834,3.0375734692428003,2.989987061336086,0.8559322324986991,1.0677967985209955,-0.2118645660222964,0.3124315519612639,25.7722397446113,0.0324999570846555,-10.945106565023233,-30.3312799488837,19.386173383860463,3.0475000143051147,2.990000009536743,3.018750011920929,2.9600000381469727,21.58740249337753,31.19659841730656,20.11286719967247,21.48644381080282,-28.248599533794057,2.822499990463257,2.822499990463257,44.0,8.0,36.0,3.0059983561891483,3.164183171680109,0.0,0.0,54.36010184090786,0.0861048187183742,0.1127127827796096,0.1650055934745559,59.313879210624464,53.85600743603016,24.99997516473233,31.94441271049131,-75.00002483526767,0.0779999806963163,-1.30718832029433,1.5915255461155722,2.005078872195528,-0.4135533260799557,1.4000847979435993,0.601215612191782,0.7988691857518173,3.0135091524236026,0.6666660308837891,0.6644536402944601,9.818181124600487,-0.6666729124142137,2.673633098602295,0
2021-10-26,3.059999942779541,3.130000114440918,3.049999952316284,3.059999942779541,2.673633098602295,6488816,-8785477.786025448,59845342,0.0889302973171182,-9666.237045866932,0.0986314976908763,-0.0007483537714957,137684.8853509284,3.046594294341668,42.053671217883,989.5573765827696,3.043499970436096,3.1549045775425357,2.932095363329657,7.320821960808252,0.5740542638765396,0.0,0.0,3.0451666434605915,3.1246666034062702,2.965666683514913,5.221386495639088,0.5932912376879491,0.0,0.0,2.8499999046325684,3.200000047683716,3.024999976158142,11.499922669655776,0.5999998637608677,0.0888568235539426,3.187375880992532,0.0458504952384921,0.0567140345703485,-0.0108635393318564,3.0458332896232605,2.998461503248948,3.04102369594076,2.995173200702268,0.9067796798520996,1.0,-0.0932203201479003,0.2981969840670543,25.664897577957767,-0.0035000085830683,-9.61080968508885,-24.444588283192815,14.833778598103969,3.052500009536743,2.990000009536743,3.021250009536743,2.9600000381469727,10.793701246688766,29.79907552468033,24.750285599659502,19.592637030460494,57.8231935305605,2.822499990463257,2.822499990463257,40.0,4.0,36.0,3.0059983561891483,3.1600995090094464,0.0,0.0,58.65871530237472,0.3818694082524286,0.1559914089902676,0.14557551495006,56.94526954677798,52.70283513930559,57.14281821736424,32.93648116397271,-42.85718178263576,0.0790833314259846,-0.3257325954627623,1.5308128166925956,1.9102256610949415,-0.3794128444023461,-0.4725377468017347,0.3864649403930786,-0.8590026871948133,3.0140183944360266,1.3245020564786714,1.3158072193738546,11.272725191983302,-1.324497566827091,2.7173197269439697,1
2021-10-27,3.0899999141693115,3.140000104904175,3.0799999237060547,3.109999895095825,2.7173197269439697,7156891,-8785506.22486928,67002233,0.0546519736158282,42835.25520823454,0.0167670917378756,0.0031741777487057,202887.05542136257,3.048221666330557,52.87679332655822,989.5573765827696,3.05299996137619,3.152418221260469,2.9535817014919115,6.512824182248868,0.7866673274405642,0.0,0.0,3.055333304405212,3.1323332786560063,2.978333330154419,5.0403649343117,0.8549779803338641,0.0,0.0,2.875,3.200000047683716,3.037500023841858,10.645268647079074,0.7230764942056958,0.0879711574110117,3.0945553292616714,0.0479565371192358,0.054962535080126,-0.0070059979608901,3.0516666173934937,3.008846117899968,3.051635418887693,3.0036788817684577,0.9620252349580948,0.9071728412747212,0.0548523936833734,0.2876675051926312,25.597876486660187,-0.0129999995231622,-6.615153966628756,-19.435985282338148,12.820831315709391,3.055000066757202,2.995000004768372,3.025000035762787,2.9600000381469727,7.0912508765345645,28.621862174382187,23.95922437331861,18.32744788702323,100.3099802237118,2.822499990463257,2.822499990463257,36.0,4.0,32.0,3.0059983561891483,3.1560975195921968,0.0,0.0,63.31050581450407,0.6504606802387837,0.3728116357365288,0.213838609168802,55.45745149027056,51.039109214505984,83.33322295440246,55.15867211216635,-16.666777045597538,0.0842741935483868,2.302629411880948,1.5965933445921752,1.8474991977943889,-0.2509058532022135,-1.300548798390229,0.049062192636417,-1.3496109910266465,3.0190402935426235,1.633985400367921,1.6207795195103405,13.090905276211815,-1.6339799340647403,2.664895534515381,2
2021-10-28,3.0299999713897705,3.0850000381469727,3.0299999713897705,3.049999952316284,2.664895534515381,6326821,-10511012.83432278,60675412,0.0224645126035742,-17513.909532427308,-0.0456390978861994,0.0021602980333309,-5118.188956179336,3.047897013498176,52.95475863324691,970.4662550474716,3.0584999561309814,3.1434175336531767,2.973582378608786,5.5528905502824655,0.4499514466691216,0.0,0.0,3.060166637102763,3.1356666247049967,2.9846666495005287,4.934371003646663,0.4326709506229262,0.0,0.0,2.890000104904175,3.200000047683716,3.0450000762939453,10.13568570299058,0.5161286353071831,0.087174034040516,3.062909954882941,0.0442737364665304,0.0528247753574069,-0.0085510388908764,3.0524999499320984,3.018076887497535,3.051383808645938,3.007110072179408,0.9276597126192476,0.9234042941741634,0.0042554184450841,0.2754829583808384,25.57111496999267,-0.0384999752044676,-4.227954191350014,-15.328776029487091,11.10082183813708,3.055000066757202,3.0049999952316284,3.0300000309944157,2.9600000381469727,3.5456254382672823,26.77433234144002,22.401391215582645,21.199555317180568,-4.444425968694357,2.822499990463257,2.822499990463257,32.0,8.0,24.0,3.0059983561891483,3.1521755699632923,0.0,0.0,55.27309942474477,0.2209423046576107,0.417757464382941,0.3155201697032457,52.139353756676165,48.8796122779862,49.99993377264148,63.49199164813606,-50.00006622735852,0.0743750184774398,0.3289470588401228,1.4723018248029405,1.7724597231960992,-0.300157898393159,-2.8034174281832502,-0.5214337315275164,-2.281983696655734,3.0195467474716238,-1.929258675350931,-1.948111747458148,10.909089175137598,1.929261099044382,2.612471580505371,3
2021-10-29,3.049999952316284,3.059999942779541,2.9800000190734863,2.990000009536743,2.612471580505371,5981516,-14997149.83432278,54693896,-0.0252746875871718,-66282.0107042104,-0.0501544933813411,-0.0009577574008465,-239729.79985111524,3.045735493641642,53.10810882067196,951.3751335121734,3.059499955177307,3.140610966034739,2.9783889443198754,5.302239715361012,0.0715751480232221,0.0,0.0,3.056499973932902,3.133999959627787,2.9789999882380167,5.071158930530819,0.0709678924460267,0.0,0.0,2.9600000381469727,3.200000047683716,3.080000042915344,7.844419449348691,0.1249998758236616,0.0864566230070699,3.0941588209876585,0.0360974871127206,0.0494793177084696,-0.013381830595749,3.049999952316284,3.02461535197038,3.041940147244524,3.005842660131803,0.885106542716005,0.936170346599896,-0.0510638038838909,0.2582059277354732,25.563588115447008,-0.0494999647140503,-4.419933812800794,-12.316752129872745,7.896818317071951,3.055000066757202,3.0149999856948853,3.035000026226044,2.9600000381469727,1.7728127191336411,25.334502687307044,20.93545436264168,23.9022376336824,-111.85807611499098,2.822499990463257,2.822499990463257,28.000000000000004,4.0,24.000000000000004,3.0059983561891483,3.148332059326966,0.0,0.0,48.62517592120109,0.0,0.2904676616321315,0.3603455872505337,47.37773660693625,42.44516011732459,16.66664459088049,49.99993377264149,-83.3333554091195,0.0732575943975737,-0.9933765423590082,1.2009107326708115,1.658149925091042,-0.4572391924202301,-4.360552339455024,-1.289257453113018,-3.0712948863420064,3.0189844742275667,-1.96721126942887,-1.9868184393173616,8.72727307406338,1.9672048427798217,2.64742112159729,4
2021-11-01,3.0,3.0299999713897705,2.9800000190734863,3.0299999713897705,2.64742112159729,4038011,-10959138.83432278,58731907,-0.0424893791845114,-33738.825466165385,-0.0185734652404168,-0.0022844334894477,-63648.894477858565,3.0442700291143288,55.24121458933312,964.1025478690387,3.05649995803833,3.1373145387770136,2.9756853772996466,5.288047233643709,0.3360445206401051,0.0,0.0,3.0523333072662355,3.1273333072662357,2.977333307266236,4.914273275559954,0.3511110941569012,0.0,0.0,2.9600000381469727,3.200000047683716,3.080000042915344,7.852118855934022,0.2916663769218772,0.0828109559379913,3.0290956373512143,0.0324711065176672,0.0460776754703092,-0.0136065689526419,3.0516666173934937,3.031538431461041,3.0401031971130235,3.007632090595356,0.8820962353585944,0.9606988145281726,-0.0786025791695782,0.2404434923780572,25.554307302140657,-0.0164999961853022,-4.970603041189269,-10.05535793006341,5.084754888874141,3.055000066757202,3.0149999856948853,3.035000026226044,2.9600000381469727,0.8864063595668206,23.99751800846928,20.052236602614144,22.89385823972292,-93.20905594660228,2.822499990463257,2.822499990463257,24.0,8.0,16.0,3.0059983561891483,3.1445654189033663,0.0,0.0,52.708801712633786,0.2264869022332989,0.1491430689636366,0.2857893983262363,44.02149187697201,46.34442898397298,38.88883737872115,35.18513858074771,-61.11116262127885,0.0716470781494589,0.6644511956770989,1.079623622157844,1.5424446645044023,-0.4628210423465584,-7.772616592777467,-2.585929281045908,-5.186687311731559,3.0191940986990717,1.3377913620550297,1.3289219486816606,10.181817141446192,-1.3377960301163654,2.68237042427063,0
2021-11-02,3.0199999809265137,3.0999999046325684,2.9800000190734863,3.069999933242798,2.68237042427063,4812676,-8552800.83432278,63544583,-0.0875517014637377,-1418.0137694303012,0.0872693692477856,0.0085948254341018,117553.77893395816,3.0469323057840967,61.64988814994819,964.1025478690387,3.0524999499320984,3.121456392202285,2.983543507661912,4.518030689679168,0.6268915762948633,0.0,0.0,3.050999975204468,3.132999968528748,2.968999981880188,5.375286397292383,0.6158534121045116,0.0,0.0,2.9600000381469727,3.200000047683716,3.080000042915344,7.862408303793154,0.4583328780200927,0.0865298489001004,2.842007564515601,0.0324507641876796,0.0433522932137833,-0.0109015290261036,3.054166615009308,3.040769201058608,3.0447026949791427,3.012251930791463,0.9279662318286556,0.8644070365039251,0.0635591953247303,0.2252986429490892,25.6312437725194,0.0274999737739563,-3.466146528606209,-8.067465352288954,4.601318823682744,3.055000066757202,3.024999976158142,3.040000021457672,2.9600000381469727,0.4432031797834103,22.79318950641072,23.81597069463739,20.642971976956915,-6.359023957577716,2.822499990463257,2.822499990463257,20.0,4.0,16.0,3.0059983561891483,3.1408741112882383,0.0,0.0,56.4377833462057,0.4333044564872751,0.2199304529068581,0.219847061167542,41.83379503369905,52.55543471756551,58.8234469140236,38.12630962787508,-41.1765530859764,0.0531176532016082,0.986841176520398,1.0772925018643211,1.449414231976386,-0.3721217301120649,-9.656342039131424,-4.000011832663011,-5.656330206468413,3.019507333550837,1.3201307666904194,1.3114929775130737,11.636361208829005,-1.3201263066245303,2.726057291030884,1
2021-11-03,3.109999895095825,3.140000104904175,3.0799999237060547,3.119999885559082,2.726057291030884,7595331,-6021064.075712916,71139914,-0.0384265423493228,53036.87217283046,0.0552973376802558,0.0123648004482767,187235.96057856485,3.055204816378476,69.89527434811974,964.1025478690387,3.0524999499320984,3.121456392202285,2.983543507661912,4.518030689679168,0.9894389371373298,0.0,0.0,3.0551666418711347,3.128666655222575,2.981666628519694,4.811522379442142,0.9410423939513276,0.0,0.0,2.9600000381469727,3.140000104904175,3.0500000715255737,5.896808180495013,0.8888877115136263,0.084876881176228,2.581873394157362,0.0360536173710377,0.0418925580452341,-0.0058389406741964,3.057499945163727,3.047692271379324,3.056286878145287,3.020233260774249,0.9957628154576924,0.8177966195870634,0.1779661958706291,0.2153958575576635,25.58525558006036,0.0074999928474426,-0.9337717641048904,-6.452886780661935,5.519115016557045,3.055000066757202,3.024999976158142,3.040000021457672,2.9600000381469727,2.9406018780536307,22.16272727188923,25.754650307659933,19.44214171936092,159.27120659713822,2.875,2.8600000143051147,16.0,4.0,12.0,2.9600000381469727,3.1408741112882383,1.0,0.0,60.61803131651575,0.6651502380838284,0.4416471989348009,0.2702402402684318,40.75193613763011,53.47649760400774,88.23517037103527,61.98248488792668,-11.764829628964728,0.0456176533418544,1.2987000923330156,1.19373618717765,1.3982786230166389,-0.2045424358389889,-7.772643469563269,-4.754538160043063,-3.0181053095202053,3.020608089830231,1.6286629773138106,1.615542528752023,13.45454129305752,-1.6286664349176476,2.734794855117798,2
2021-11-04,3.109999895095825,3.150000095367432,3.0899999141693115,3.130000114440918,2.734794855117798,18144698,27216.657843027264,89284612,0.0456954862916115,71381.76657553908,0.003306757928817,0.0083491698937393,181859.760555086,3.066965246766145,74.06903208989326,964.1025478690387,3.055999958515167,3.132785346522729,2.9792145705076054,5.025221796460352,0.9818635279831064,0.0,0.0,3.0581666549046838,3.1326666911443075,2.983666618665059,4.872202508659307,0.9821035207633142,0.0,0.0,2.9600000381469727,3.150000095367432,3.055000066757202,6.217279443707048,0.8947369741930767,0.0823892111784173,2.4072872526023668,0.0392632372132903,0.0413666938788454,-0.002103456665555,3.063333292802175,3.0557691959234385,3.067627376036923,3.0283641388236324,0.9700855963572896,0.8504273704566733,0.1196582259006163,0.2096318558102448,25.475512535805716,0.0339999556541443,2.5874050272958344,-4.733563836388465,7.3209688636843,3.0600000619888306,3.037500023841858,3.048750042915344,2.9600000381469727,13.772892506143638,21.69661715624901,25.29152061687267,18.45136446644768,162.18340692939262,2.875,2.8600000143051147,12.0,4.0,8.0,2.9636000394821167,3.1408741112882383,0.0,0.0,61.41552940932395,0.7093812430294909,0.6026119792001983,0.4213965436806191,40.01769855081889,56.81226094463882,88.88890360607947,78.64917363037945,-11.11109639392052,0.0512794158037972,2.2875873519720566,1.296516383546339,1.3779261751225789,-0.0814097915762399,4.791979016039302,-2.8452347248265903,7.637213740865892,3.022102418835051,0.3205201682257019,0.3200075973045946,13.81818597966975,-0.32052019286835787,2.752269506454468,3
2021-11-05,3.140000104904175,3.2100000381469727,3.119999885559082,3.150000095367432,2.752269506454468,9026379,-2981544.4598930767,98310991,0.0108032066335443,86974.001041246,0.0448685237354594,0.012338372236197,115833.90257119904,3.074988269719951,75.10585272743262,970.2629414356788,3.059999966621399,3.146948231924659,2.9730517013181386,5.682893219065059,1.0175498811398285,1.0,0.0,3.072833323478698,3.146333384513855,2.9993332624435425,4.783862533223773,1.024943590535411,1.0,0.0,2.9600000381469727,3.2100000381469727,3.0850000381469727,8.169934729640847,0.7600002288818377,0.0831503053193646,2.3328730187924207,0.0429258924090421,0.0416785335848847,0.0012473588241573,3.068333307902018,3.0638461204675527,3.0803001020877705,3.0373742096787284,1.0084388092271397,0.8016878825636775,0.2067509266634621,0.2077568979173102,25.326826967705703,0.0299999475479126,8.578160012660062,-2.5643119944236537,11.142472007083716,3.095000028610229,3.0500000715255737,3.0725000500679016,2.965000033378601,56.88644625307182,21.935539017397303,28.43846556432338,17.04796939542009,196.30715630044708,2.875,2.8600000143051147,8.0,80.0,-72.0,2.9710560417175294,3.1408741112882383,0.0,0.0,63.02806296278571,0.8268887511694799,0.7338067440942665,0.5926886407430886,39.70634759266271,52.6542711101248,75.0000248352679,84.0413662707942,-24.9999751647321,0.0713088252965139,1.9417534907683156,1.413256630422976,1.3849922661826584,0.0282643642403177,4.938726826633266,-1.288442414534619,6.227169241167885,3.0333168376413497,0.6389770030435393,0.6369441998261838,14.545458013361156,-0.6389748504890207,2.734794855117798,4
2021-11-08,3.130000114440918,3.1700000762939453,3.0,3.130000114440918,2.734794855117798,10649921,2656656.039450571,87661070,0.0566000842248881,44120.827054084846,-0.1277004133039024,0.0016871387390403,-9941.993480950092,3.0777714231014865,66.60692673160011,970.2629414356788,3.064499974250793,3.156036877548817,2.9729630709527703,5.974018865534628,0.8577799654029759,0.0,0.0,3.08149999777476,3.164000074068705,2.9989999214808143,5.3545400846030375,0.793939829178784,0.0,0.0,2.9600000381469727,3.2100000381469727,3.0850000381469727,8.15793774190257,0.6800003051757812,0.0918352824168227,2.2108818898555964,0.0437108700251478,0.0420850008729373,0.0016258691522104,3.071666657924652,3.0699999699225797,3.087946257834409,3.0442353878092607,0.8888891121842277,0.8582376248911132,0.0306514872931145,0.2068177800411142,25.40086130670353,-0.0644999742507934,13.903126081301645,0.0483475351752896,13.854778546126353,3.095000028610229,3.0850000381469727,3.090000033378601,2.965000033378601,78.4432231265359,20.42813061338141,24.628052298690097,24.221709544792997,70.98779641687243,2.877500057220459,2.8625000715255737,4.0,76.0,-72.0,2.985392681503296,3.1408741112882383,0.0,0.0,60.31352685709504,0.6710436512281788,0.7357712151423833,0.6907299794789493,38.76463059781182,59.401757128240135,66.66669978035695,76.85187607390144,-33.33330021964304,0.0796617718303904,1.294504899116146,1.4358571022526525,1.395165233396657,0.0406918688559951,6.470744415180041,0.2633949514083131,6.207349463771728,3.038626844486518,-0.6349200101907093,-0.6369441998261838,13.81818597966975,0.6349178848833645,2.734794855117798,0
2021-11-09,3.0199999809265137,3.150000095367432,3.0199999809265137,3.130000114440918,2.734794855117798,9392026,9158833.185560629,97053096,0.1145608472320226,37817.85176064416,3.0734395380978063e-16,0.0019630820024252,-67618.47949850203,3.0800315692648543,63.5028925455628,970.2629414356788,3.068999981880188,3.164057900762416,2.9739420629979603,6.194716157931786,0.8208577111618977,0.0,0.0,3.0835000038146974,3.171000075340271,2.9959999322891235,5.675373531203156,0.7657147006595871,0.0,0.0,2.9600000381469727,3.2100000381469727,3.0850000381469727,8.145975936006371,0.6800003051757812,0.0956517656192322,2.1581567208423373,0.0438277514050011,0.0424335509793501,0.001394200425651,3.0825000007947287,3.071538439163795,3.0944160819277178,3.0505883305227166,0.9418606327442116,0.9069768645343056,0.0348837682099061,0.2061207241584828,25.542912490217063,-0.0490000009536744,19.055845173933665,2.9006807730155586,16.155164400918107,3.095000028610229,3.0850000381469727,3.090000033378601,2.965000033378601,89.22161156326794,19.028394238223797,22.180578295939725,21.814616864702963,63.8045276934993,2.9274999499320984,2.909999966621399,92.0,72.0,20.0,2.9988691229019167,3.1408741112882383,0.0,0.0,60.31352685709504,0.6710436512281788,0.7229920178752792,0.7308566590373097,37.98262631893967,65.60619076697272,66.66669978035695,69.44447479866061,-33.33330021964304,0.0807206076734208,4.3333371480306,1.436698323614557,1.4034718514402371,0.0332264721743198,6.420099140863853,1.494735789299421,4.925363351564432,3.041752288365291,0.0,0.0,13.81818597966975,0.0,2.734794855117798,1
2021-11-10,3.150000095367432,3.1700000762939453,3.119999885559082,3.130000114440918,2.734794855117798,10186833,3046811.1046321355,107239929,0.0572306000783111,32415.30150912357,0.0294498651647467,0.0021737778504372,0.0,3.0843784628487447,64.9734989110836,970.2629414356788,3.074499988555908,3.170307143112766,2.9786928339990504,6.232373063163245,0.78964499646043,0.0,0.0,3.08650000890096,3.1730000813802084,2.999999936421712,5.605058948958118,0.7514454860739779,0.0,0.0,2.970000028610229,3.2100000381469727,3.090000033378601,7.806147680276022,0.6666669978035695,0.0910866081307953,2.1041107700267223,0.0434198635811826,0.0426308134997166,0.000789050081466,3.0916666785875955,3.0707692091281595,3.09989054846821,3.056470684887028,0.9573644965350776,0.8798450464869781,0.0775194500480994,0.2051954613279848,25.490581709141495,-0.014500045776367,22.54118816524557,5.875029923748402,16.666158241497165,3.095000028610229,3.0850000381469727,3.090000033378601,2.965000033378601,94.61080578163396,17.98416862414221,22.88506226286538,20.95217516608262,120.40670144009984,2.9675000309944157,2.9450000524520874,88.0,68.0,20.0,3.0,3.1408741112882383,0.0,0.0,60.31352685709504,0.7959202156721206,0.7126691727094928,0.7238108019090518,37.32454712717073,61.88513614639128,66.66669978035695,66.66669978035695,-33.33330021964304,0.0784558934323929,3.64238854997135,1.4205882554632625,1.4068951322448422,0.0136931232184203,6.998360233681924,2.5954606781759217,4.402899555506003,3.04271892893573,0.0,0.0,13.81818597966975,0.0,2.691107749938965,2
2021-11-11,3.150000095367432,3.1600000858306885,3.059999942779541,3.0799999237060547,2.691107749938965,6708847,-978503.4934137884,100531082,0.0257375614460706,-20135.974365181984,-0.0521699431947886,0.002217513297423,-107170.48477518425,3.094129978044668,69.72568709281911,954.7634748666754,3.077999985218048,3.1691263308283184,2.986873639607778,5.921140094080589,0.5109734373446723,0.0,0.0,3.0910000085830687,3.182000088691712,2.999999928474426,5.888067282818142,0.4395600264094192,0.0,0.0,2.970000028610229,3.2100000381469727,3.090000033378601,7.797271302447449,0.4583328780200937,0.0919779616228305,1.7777289074974354,0.038616860884741,0.0418280229767215,-0.0032111620919804,3.093333343664805,3.069230749056889,3.096830452350956,3.0582135914662145,1.0039370950876425,0.8622048633599725,0.14173223172767,0.2004922835758779,25.50563193115892,0.031999909877777,25.689929827910767,9.220570328271908,16.46935949963886,3.095000028610229,3.0850000381469727,3.090000033378601,2.965000033378601,92.17257282341896,17.163100152722702,21.089265232999477,24.0162573242858,44.69867504794027,2.987500011920929,2.9600000381469727,84.0,64.0,20.0,3.0126000022888184,3.1408741112882383,0.0,0.0,53.16402699889336,0.3090738247400319,0.5920125638801105,0.6758912514882942,34.93336217261786,56.59048441575466,45.83328780200937,59.72222912090777,-54.16671219799063,0.06961766130784,0.653594160147165,1.2627260892600625,1.3780613236478862,-0.1153352343878237,4.2719102056219045,2.930750583665118,1.3411596219567858,3.0433184122639605,-1.597450124815547,-1.6103468899933526,11.999997225674708,1.5974545621613458,2.726057291030884,3
2021-11-12,3.119999885559082,3.200000047683716,3.069999933242798,3.119999885559082,2.726057291030884,11981202,-3743413.165240073,112512284,0.0170536237802204,51204.53953747471,0.0271258239497063,0.004891346723491,48429.39666142085,3.103049159756691,73.07902305901291,954.7634748666754,3.0819999814033507,3.173126316548223,2.9908736462584784,5.913454620034039,0.7085012202856571,0.0,0.0,3.1030000050862627,3.199000104268392,3.0069999059041344,6.187566807913044,0.5885409526534298,0.0,0.0,2.970000028610229,3.2100000381469727,3.090000033378601,7.787151556940067,0.6249993791183089,0.0957801769046393,1.5783964534367745,0.037604626545209,0.040983343690419,-0.00337871714521,3.0941666762034097,3.071538439163795,3.100394980536821,3.062790353991612,1.0113637061486296,0.821969928218007,0.1893937779306226,0.1956748179902978,25.56294918743489,-0.0320000290870665,32.59079458653053,13.394058953574108,19.19673563295642,3.095000028610229,3.0850000381469727,3.090000033378601,2.965000033378601,85.12709772995397,16.003937721609475,22.047422251529724,21.639029887285297,89.87248008838637,2.987500011920929,2.9600000381469727,80.0,60.0,20.0,3.024444004440308,3.1408741112882383,0.0,0.0,57.50395069473496,0.6046016560773957,0.5698652321631829,0.624848989584262,33.66318419349877,53.05133912995986,60.86950211985197,57.78982990073944,-39.13049788014803,0.0553088426589964,0.3215431125584883,1.2277897668118358,1.3480070122806764,-0.1202172454688406,6.783961419371614,3.7013927508064177,3.082568668565196,3.052951727708508,1.298700092333016,1.290339292688758,13.45454129305752,-1.298704635394543,2.8309059143066406,4
2021-11-15,3.470000028610229,3.670000076293945,3.200000047683716,3.240000009536743,2.8309059143066406,21290529,-21410026.012090128,133802813,-0.1093172916729068,408870.47953926254,0.6622665045104811,0.0451509900677485,974467.2574820936,3.1468109852924773,76.64915694535317,954.7634748666754,3.089999985694885,3.204192850682806,2.975807120706965,7.39112398165533,1.1567836959766489,1.0,0.0,3.1386666774749754,3.276666784286499,3.0006665706634523,8.793549681582814,0.8671494696745625,0.0,0.0,2.970000028610229,3.670000076293945,3.320000052452087,22.653723330885335,0.3857142321917518,0.1412021782876616,1.556922351845477,0.0459556821629369,0.0419778113849226,0.0039778707780143,3.1100000143051147,3.078076903636639,3.1218726773060403,3.075916995143104,1.0085227811508566,0.6164775575116707,0.3920452236391859,0.1983658894520295,26.153255803416258,-0.0999999761581422,41.29312513033327,18.36731136012294,22.92581377021033,3.3350000381469727,3.315000057220459,3.325000047683716,3.195000052452087,92.56354886497698,18.244142540772792,41.755394776137216,14.91326235099733,372.2033040975703,2.9925000071525574,2.9600000381469727,100.0,56.00000000000001,43.99999999999999,3.035577366462708,3.1408741112882383,0.0,0.0,67.29490047351578,1.0,0.6378918269391426,0.599923207660812,34.80788588344181,41.38194702224702,37.68115491332279,48.127981611728046,-62.31884508667722,0.1114853171741261,6.229510170194128,1.4940481890604125,1.3772152476366235,0.1168329414237887,15.649441471387057,6.091002494922546,9.558438976464512,3.0868656115723296,3.846157960873065,3.774036760606836,17.818182164972484,-3.846163601209838,2.8658552169799805,0
2021-11-16,3.299999952316284,3.299999952316284,3.2100000381469727,3.2799999713897705,2.8658552169799805,13690270,-13804320.456534572,147493083,-0.0591559179752026,428690.45071331714,-0.1183321480045208,0.035501044371863,987882.893374435,3.160103842974659,67.09338046071147,966.5506669842432,3.100999987125397,3.2409857317070907,2.961014242543703,9.028426002120664,1.1393507596050667,1.0,0.0,3.1600000143051146,3.295000123977661,3.024999904632568,8.54431070008922,0.944443924437267,0.0,0.0,2.970000028610229,3.670000076293945,3.320000052452087,22.57336506255876,0.4428570309463895,0.1360819518758266,1.556922351845477,0.0551657006760653,0.0446153892431511,0.0105503114329141,3.134166677792867,3.087307673234206,3.1461999533189218,3.0910342526428565,1.0084746310642811,0.8446329312188355,0.1638416998454456,0.2081076637948332,26.46995276784731,-0.0710000157356263,49.778097965156334,24.00196355226307,25.776134412893263,3.3350000381469727,3.315000057220459,3.325000047683716,3.195000052452087,96.28177443248848,20.32433272999587,39.58708405262005,14.13883339752537,185.9049615884952,2.9925000071525574,2.9600000381469727,100.0,52.0,48.0,3.069999933242798,3.1408741112882383,0.0,0.0,69.79319493092507,1.0,0.8682005520257986,0.6919858703760413,36.412209670117385,43.73863216435583,43.47825035330869,47.34296912882783,-56.52174964669131,0.1348970728762006,9.698995348764518,1.7847004001621214,1.4587122781417232,0.3259881220203982,16.11957807425447,8.09671761078893,8.02286046346554,3.121882967438645,1.2345667202249944,1.227008092574411,19.272726232355296,-1.2345624945257043,2.8658552169799805,1
2021-11-17,3.2799999713897705,3.3399999141693115,3.25,3.2799999713897705,2.8658552169799805,13010187,-18141049.45653457,160503270,-0.0986314972104619,367448.9577542719,0.0276705717876937,0.0407374493485697,169015.51732894662,3.176177635744396,73.2951132805502,966.5506669842432,3.11049998998642,3.270559375906068,2.950440604066772,10.291553540261994,1.0294909149796494,1.0,0.0,3.177666680018107,3.3156667629877723,3.0396665970484413,8.68562356382068,0.8707725719054753,0.0,0.0,2.970000028610229,3.670000076293945,3.320000052452087,22.50442211661193,0.4428570309463895,0.1314737481051751,1.4690634017983777,0.0617528581928916,0.0480428830330992,0.0137099751597924,3.1550000111262,3.096538442831773,3.166784571483668,3.105031713290776,1.0730336002593135,0.8061798599358547,0.2668537403234587,0.2216734822731028,26.61590485701254,-0.040500056743622,50.34610344940867,29.3084855991645,21.03761785024417,3.3350000381469727,3.315000057220459,3.325000047683716,3.195000052452087,98.14088721624424,22.4221713361072,39.84433768624311,13.390017997122625,174.87297273871226,2.9987500309944157,2.9600000381469727,96.0,48.0,48.0,3.11799994468689,3.1408741112882383,0.0,0.0,69.79319493092507,1.0,1.0,0.835364126321647,37.686730734896685,40.34535370942495,43.47825035330869,41.54588520664672,-56.52174964669131,0.1537941287545599,8.250825160415182,1.9887995967501644,1.5647297418634116,0.4240698548867527,15.765918376109738,9.630557763853092,6.135360612256646,3.1454006252003777,0.0,0.0,19.272726232355296,0.0,2.8658552169799805,2
2021-11-18,3.309999942779541,3.3299999237060547,3.2699999809265137,3.2799999713897705,2.8658552169799805,8098463,-23540024.789867904,168601733,-0.1188737875380842,314956.24950366165,0.0037043995607028,0.0445845131301443,0.0,3.1892492597367434,77.86227589788972,966.5506669842432,3.1199999928474424,3.2958408439628277,2.9441591417320576,11.271849456313948,0.9549567905507288,0.0,0.0,3.194666671752929,3.3326667308807374,3.056666612625122,8.639402686233073,0.8091784894012618,0.0,0.0,2.970000028610229,3.670000076293945,3.320000052452087,22.435899015655654,0.4428570309463895,0.1243263675726117,1.0462827312982377,0.0662100003135632,0.051676306489192,0.0145336938243712,3.1725000143051147,3.106538442464976,3.184202325315376,3.1179923250018127,1.1136361943050772,0.7954545793208028,0.3181816149842744,0.2367146800504631,26.64708349536854,-1.0728836041806745e-07,52.80986121770584,34.22311906639181,18.586742151314034,3.3350000381469727,3.320000052452087,3.32750004529953,3.195000052452087,99.07044360812212,24.37016432749629,38.384804585170855,12.89952987194289,146.08173004590546,3.002500057220459,2.9600000381469727,92.0,44.0,48.0,3.1621599552154542,3.1408741112882383,0.0,0.0,69.79319493092507,1.0,1.0,0.956066850675266,38.72109048397965,36.44606339544645,43.47825035330869,43.47825035330869,-56.52174964669131,0.1814264739260958,6.840392270795673,2.123481824591239,1.6764801584089772,0.4470016661822615,11.90986848302698,10.086419907687873,1.8234485753391103,3.164426988462995,0.0,0.0,19.272726232355296,0.0,2.8221685886383057,3
2021-11-19,3.289999961853028,3.2950000762939453,3.220000028610229,3.2300000190734863,2.8221685886383057,8880794,-30052610.82070326,159720939,-0.1265208774112178,206528.31721303248,-0.0358919992555614,0.0433474749862054,-135377.8293914431,3.197296951080197,72.41232515761993,966.5506669842432,3.1314999938011168,3.304505792347044,2.9584941952551898,11.049388400983322,0.7846726124217774,0.0,0.0,3.203500008583069,3.340000057220459,3.0669999599456785,8.521932153686189,0.5970696009084011,0.0,0.0,2.970000028610229,3.670000076293945,3.320000052452087,22.35350627716377,0.3714285325030924,0.1193937355837222,0.8877221528975903,0.0649589331257409,0.0543328318165018,0.0106261013092391,3.181666692097982,3.114999982026907,3.191248124355085,3.126289191229344,1.0840334843672963,0.80112041974468,0.2829130646226165,0.2483603126611037,26.64393563330821,-0.0014998793601987,55.43080802868269,38.83730594943415,16.593502079248545,3.345000028610229,3.320000052452087,3.3325000405311584,3.195000052452087,99.53522180406104,25.53490547808576,36.58096512640719,15.426235239903791,92.05490244594766,3.0200000405311584,2.9600000381469727,88.0,40.0,48.0,3.202787164901733,3.1408741112882383,0.0,0.0,62.35659214456417,0.552797661509194,0.850932553836398,0.9503108512787992,37.61359240014227,35.15764579695496,36.23188105332631,41.06279391998123,-63.768118946673695,0.2001176595687868,3.5256454342687595,2.077828670104486,1.756749860748079,0.321078809356407,9.266660198239869,9.92246796579827,-0.655807767558402,3.167459611601607,-1.5243888034273012,-1.5361270533752025,17.45454614812678,1.5243836493495877,2.8309059143066406,4
2021-11-22,3.2300000190734863,3.2699999809265137,3.2300000190734863,3.240000009536743,2.8309059143066406,8072413,-34088817.32070326,167793352,-0.1575186291459813,188556.27947052364,-0.0037163833413774,0.036848492658408,-110385.86266116863,3.2043628630196315,67.5449087272251,969.5430810384292,3.1424999952316286,3.313716251216123,2.9712837392471343,10.89681821761621,0.7847276788774787,0.0,0.0,3.2181666692097983,3.341666706403097,3.0946666320165,7.675179683818121,0.5883940637717046,0.0,0.0,2.9800000190734863,3.670000076293945,3.325000047683716,21.957042426967444,0.3768115491332278,0.1114543582106527,0.8809765807678727,0.0640361995753631,0.0562735053682741,0.007762694207089,3.190833350022634,3.122692291553204,3.198748414383033,3.13471221480767,1.093841491321919,0.8475072969321772,0.2463341943897418,0.2573538833888203,26.5380105369437,0.0075001001358034,57.84691538065461,43.14742486129202,14.699490519362584,3.365000009536743,3.320000052452087,3.3425000309944157,3.195000052452087,99.76761090203053,26.616450832204556,35.61955269971957,15.020806509267493,78.4552044643585,3.0200000405311584,2.9600000381469727,84.0,36.0,48.0,3.202787164901733,3.670000076293945,0.0,1.0,63.2011139295544,0.6035832322871207,0.7187936312654383,0.8565753950339454,36.89063220285739,34.63729126633193,35.82089286680163,38.51034142447888,-64.17910713319837,0.1597352939493515,3.514373516739421,2.0428095208507693,1.813961792768617,0.2288477280821521,6.450516829790478,9.228077738596712,-2.777560908806236,3.1730731714767324,0.3095972261363933,0.3091189608007916,17.818182164972484,-0.30959616316013694,2.8396430015563965,0
2021-11-23,3.2699999809265137,3.2799999713897705,3.2300000190734863,3.25,2.8396430015563965,11198479,-36328513.12070326,178991831,-0.1403521929739731,177617.480003732,0.002232441773236,0.0330581429507637,59555.14045662072,3.212095578819032,68.3989355811661,969.5430810384292,3.151999998092651,3.32492774187609,2.9790722543092123,10.97257258173106,0.7833553476244862,0.0,0.0,3.233499995867411,3.349000016848246,3.1179999748865765,7.14396295830834,0.5714285763434042,0.0,0.0,2.9800000190734863,3.670000076293945,3.325000047683716,21.890864772778983,0.3913042877331926,0.1053089176212158,0.9142612295769408,0.0633812229608774,0.0576950488867947,0.0056861740740826,3.1991666754086814,3.129230756026048,3.20663327370872,3.1432520507478428,1.0415429649860215,0.8694362542635871,0.1721067107224346,0.2642885166384943,26.428922599577117,-0.0219998836517332,59.37373151933196,47.23992967841274,12.13380184091922,3.365000009536743,3.320000052452087,3.3425000309944157,3.195000052452087,99.88380545101526,27.679135118555436,35.08582667236316,14.50753986584917,73.77155205963169,3.0200000405311584,2.9600000381469727,80.0,32.0,48.0,3.202787164901733,3.661200075149536,0.0,0.0,64.06922089613818,0.6557871050324072,0.604055999609574,0.7245940615704701,36.48023367012432,33.80400452709835,37.313428586882594,36.45540083567018,-62.68657141311741,0.1564999994109657,3.1746000509534404,2.01642190755265,1.854453815725424,0.1619680918272263,6.550249435790353,8.692512078035442,-2.1422626422450888,3.179557103492375,0.308641680056243,0.3081663593968997,18.181818181818187,-0.3086322016426237,2.8309059143066406,1
2021-11-24,3.220000028610229,3.2799999713897705,3.2100000381469727,3.240000009536743,2.8309059143066406,6357517,-37236729.834988974,172634314,-0.1455730636296835,143161.39580748553,-0.011010566937636,0.0320354768888742,15001.601612502178,3.224274863671873,61.28237614967951,966.5598744033211,3.158500003814697,3.334372124814495,2.9826278828148998,11.13643316684421,0.7317024587488196,0.0,0.0,3.243833327293396,3.3613333225250246,3.126333332061768,7.244514953526829,0.4836880088841862,0.0,0.0,2.9800000190734863,3.670000076293945,3.325000047683716,21.84581467111309,0.3768115491332278,0.101778019183374,0.9706197403895702,0.0613480514685753,0.0584256494031509,0.0029224020654244,3.208333333333333,3.1361538355167093,3.2117666176822626,3.150418566213687,1.0235987885246298,0.8761062195858188,0.147492568938811,0.2683610038648045,26.149713747987647,-0.0284998893737791,59.33322531399219,50.97807362131068,8.35515169268151,3.370000004768372,3.320000052452087,3.345000028610229,3.195000052452087,99.94190272550765,28.37458789946633,33.366820887352304,15.196590355392948,58.74984787861131,2.997500002384186,2.9600000381469727,76.0,28.000000000000004,48.0,3.202787164901733,3.652576074028015,0.0,0.0,62.48185456656904,0.5603303548175337,0.6065668973790205,0.6431388427513443,35.73004587464336,39.06797225168673,35.82089286680163,36.31840477349529,-64.17910713319837,0.141573537798489,3.514373516739421,1.9472984360394423,1.873022739788228,0.0742756962512147,2.7720019562524767,7.508410053678849,-4.736408097426373,3.1838091638416164,-0.3076920142540573,-0.3081663593968997,17.818182164972484,0.3076825940784431,2.8046936988830566,2
2021-11-25,3.220000028610229,3.255000114440918,3.2100000381469727,3.2100000381469727,2.8046936988830566,5017788,-42254517.834988974,167616526,-0.1635134732827994,101204.98262928278,-0.0112100737420162,0.0280298627833402,-66022.52766842666,3.228314072411129,56.49129361972141,957.6102544979972,3.166500008106232,3.3363558326826137,2.99664418352985,10.728300908987936,0.6280498627269019,0.0,0.0,3.2563333352406816,3.36833332379659,3.144333346684774,6.878901944332419,0.2931549025534919,0.0,0.0,2.9800000190734863,3.670000076293945,3.325000047683716,21.79062231024981,0.3333333333333335,0.0961002248944311,1.1258016041008057,0.0566628276361789,0.0580730850497565,-0.0014102574135775,3.214999993642172,3.140769224900466,3.211494836215295,3.154832008579116,1.006060598179003,0.9242423060183764,0.0818182921606265,0.2678917987854529,25.92392268698821,-0.0364998936653138,59.94937522554167,54.01791591453414,5.931459311007522,3.4350000619888306,3.320000052452087,3.377500057220459,3.195000052452087,95.03543400829972,29.020365481740736,32.272173736168966,14.69804407804782,39.32086610555748,3.003750026226044,2.9600000381469727,72.0,24.0,48.0,3.202787164901733,3.634873032592773,0.0,0.0,57.85116400492015,0.2818623893380891,0.49932661639601,0.5699831711282015,33.856304727236505,31.501509337026693,31.34328570655874,34.82586905341432,-68.65671429344127,0.1228529705720791,2.5559080121741244,1.7960648136602024,1.8576311545626227,-0.0615663409024203,-1.5240708522147235,5.701913872500136,-7.225984724714859,3.1864415757073106,-0.9259250401687512,-0.9302383721960572,16.727274114435374,0.9259302928830806,2.699845314025879,3
2021-11-26,3.190000057220459,3.190000057220459,3.069999933242798,3.0899999141693115,2.699845314025879,5533987,-45943846.16666663,162082539,-0.1597773729153679,-8121.318616438308,-0.2222633055552595,0.0212753704796719,-253339.18552311428,3.233684049174889,58.60336212863743,957.6102544979972,3.17150000333786,3.3254188271013074,3.017581179574413,9.706373867346974,0.235249766156596,0.0,0.0,3.255000003178915,3.365999992688497,3.144000013669332,6.8202758464625,-0.2432437144300752,0.0,1.0,2.9800000190734863,3.670000076293945,3.325000047683716,21.756268532059423,0.1594201245996124,0.1004902128954055,1.906681529946324,0.0427736785312546,0.0550132037460561,-0.0122395252148014,3.2116666436195374,3.140769224900466,3.1928033097466817,3.150029631215427,1.0061726841580478,0.9259258768686234,0.0802468072894244,0.2562792911997887,25.76139088561863,-0.0915000796318055,56.08293375428472,55.66122798386208,0.4217057704226477,3.2049999237060547,3.320000052452087,3.262499988079071,3.225000023841858,47.517717004149866,27.75867886392473,29.07624269020706,23.145543507152084,-50.53373916097898,3.018750011920929,2.9600000381469727,68.0,20.0,48.0,3.202787164901733,3.617878112814941,0.0,0.0,43.85139669491046,0.0,0.2807309147185409,0.4622081428311904,27.454057650859,26.857945191044077,10.7692189188416,25.977799164067324,-89.2307810811584,0.0950000166893003,-1.2779616232937838,1.3578817833135943,1.7576812803128172,-0.3997994969992227,-4.647411513242562,3.632048795351596,-8.279460308594158,3.1852568406625883,-3.738321574816339,-3.809988589298463,12.363633242520413,3.7383185514672306,2.673633098602295,4
2021-11-29,3.009999990463257,3.0899999141693115,3.009999990463257,3.059999942779541,2.673633098602295,18049447,-41431484.41666663,144033092,-0.1467148303431073,-84315.82932854415,-0.0354581352531667,0.0187426465330171,-382115.41723128496,3.220179781587276,51.830166266042696,957.6102544979972,3.1730000019073485,3.321875806585372,3.024124197229325,9.38391456593329,0.1204888384240986,0.0,0.0,3.223333326975504,3.295333305994669,3.1513333479563395,4.467423732855052,-0.6342599429958672,0.0,1.0,2.9800000190734863,3.670000076293945,3.325000047683716,21.745983511052216,0.1159419087997181,0.0984411839764704,2.6115276560933487,0.0290112571156062,0.0498128144199661,-0.0208015573043599,3.209999978542328,3.143076915007371,3.1723720225209675,3.143360765405361,0.9554139150461674,0.974522323945769,-0.0191084088996016,0.2353803097832721,25.62296199932228,-0.0530001163482665,48.66863926830734,55.5379547953233,-6.869315527015964,3.174999952316284,3.320000052452087,3.247500002384186,3.225000023841858,23.758858502074933,25.946973412372277,27.40606832750771,26.12412587588546,-105.81575867546093,3.018750011920929,2.9600000381469727,64.0,16.0,48.0,3.202787164901733,3.5850054220406125,0.0,0.0,41.16911679608155,0.0,0.093954129779363,0.2913372202979713,21.28419593208384,30.03340211805565,7.575749365752481,16.562751330384277,-92.42425063424751,0.0550000071525573,-0.6493500461665078,0.9229375588985258,1.590732536029959,-0.6677949771314331,3.8046890080303695,3.666576837887352,0.1381121701430179,3.16254635001794,-0.9708728874782356,-0.9756165867939036,11.272725191983302,0.9708784161599766,2.7959563732147217,0
2021-11-30,3.0999999046325684,3.200000047683716,3.0999999046325684,3.200000047683716,2.7959563732147217,15490746,-25940738.416666627,159523838,-0.0796239008341652,237544.44129609445,0.064554777990059,0.0212501403062537,533490.2982266711,3.2201003694616026,53.49473523357122,1001.4225220123734,3.1795000076293944,3.320988532204313,3.038011483054476,8.900048701708354,0.572444179186654,0.0,0.0,3.2136666615804037,3.286666663487752,3.140666659673055,4.54309731498094,0.4063930579479087,0.0,0.0,3.0,3.670000076293945,3.3350000381469727,21.072498024413928,0.2985074998647777,0.1025970760692408,2.6862982907140136,0.029066220134271,0.0456634955628271,-0.016597275428556,3.216666658719381,3.1499999944980326,3.1766224879306213,3.1475562677963502,0.9277107828084726,0.9096385144169964,0.0180722683914763,0.2175992347658197,25.53979054942958,0.0605000019073487,45.36025742586113,54.98397190381801,-9.62371447795688,3.169999957084656,3.325000047683716,3.247500002384186,3.225000023841858,11.879429251037466,25.22057770669405,32.403924344404295,23.57231101618104,-17.88221740941935,3.018750011920929,2.9600000381469727,60.0,12.0,48.0,3.202787164901733,3.539004987514424,0.0,0.0,55.00183847340018,0.4832547484028954,0.1610849161342984,0.1785899868774008,19.8183059646146,43.53695977615421,28.787883713881868,15.710950666158654,-71.21211628611813,0.029661770427928,2.5641078544558447,0.9234535513044458,1.4572767390848564,-0.5338231877804106,7.678028229517624,4.468867116213406,3.209161113304217,3.163827455893228,4.575166912487139,4.473592744204891,16.36363809758967,-4.5751705675836405,2.7448270320892334,1
2021-12-01,3.119999885559082,3.125,3.0199999809265137,3.059999942779541,2.7448270320892334,11296054,-28630284.854539298,148227784,-0.1018082175924466,-22311.72817523667,-0.07203843020012,0.0198309626630157,214524.7600401115,3.214348353065543,52.034257121873125,957.6102544979972,3.1765000104904173,3.32526493528655,3.027735085694284,9.366593691474009,0.1084424205822462,0.0,0.0,3.1914999961853026,3.266000008583069,3.1169999837875366,4.668651887000697,-0.3825505471305446,0.0,1.0,3.0,3.670000076293945,3.3350000381469727,21.09239962478401,0.0895521432048578,0.110337375138037,3.1744133133251107,0.0176099438159771,0.0400527852134571,-0.02244284139748,3.2016666531562805,3.1499999944980326,3.1586805579073785,3.1410706140914013,0.876436711523152,0.9080459407872472,-0.0316092292640951,0.1934290305436259,25.544778150276237,0.1034999608993532,38.03787997428455,53.34264065454899,-15.304760680264437,3.152500033378601,3.325000047683716,3.2387500405311584,3.225000023841858,5.939714625518733,23.74411929790423,28.543432956692875,26.05893773534679,-100.37778917520632,3.021250009536743,2.9600000381469727,56.00000000000001,8.0,48.00000000000001,3.202787164901733,3.4966845877503303,0.0,0.0,43.88863986594421,0.095008232476568,0.1927543269598211,0.1492644576244942,14.098120923917447,40.338223181738286,7.575749365752481,14.646460815128949,-92.42425063424751,-0.0068235264104954,-5.555557599610584,0.5606350820951238,1.27794840768691,-0.7173133255917861,7.375333165516324,5.05016032607399,2.3251728394423337,3.1538601438494385,-4.375003213062834,-4.473592744204891,11.272725191983302,1.8286888027047752,2.717916965484619,2
2021-12-02,3.0,3.059999942779541,2.990000009536743,3.0299999713897705,2.717916965484619,9737061,-27239276.140253585,138490723,-0.1276109312624652,-60854.56006741004,-0.0341478586853874,0.0154542710462233,-589664.0185482636,3.2091026974369488,45.36617401775843,948.2219274474432,3.17150000333786,3.3324068297569776,3.010593176918743,10.147048793931592,0.0603044473093962,0.0,0.0,3.164833331108093,3.240333342552185,3.0893333196640014,4.7711840432151424,-0.3929360217260865,0.0,1.0,2.990000009536743,3.670000076293945,3.330000042915344,21.44096061931365,0.0588234675384371,0.1063036309485131,3.763202451456801,0.006040385520512,0.0332503052748681,-0.0272099197543561,3.180833319822947,3.146923074355492,3.1388835445969776,3.1328431590764656,0.8482142236261165,0.9672618663263716,-0.1190476427002549,0.163808985460801,25.557125543115223,0.1084999680519103,30.37281270224348,50.558418951611294,-20.18560624936781,3.134999990463257,3.325000047683716,3.2300000190734863,3.2300000190734863,2.9698573127593666,22.091686177535276,27.186947713966138,26.857248064261523,-125.13199197153811,3.025000035762787,2.9600000381469727,52.0,4.0,48.0,3.202787164901733,3.4577498199673644,0.0,0.0,41.93340401954072,0.0267008502372979,0.2016546103722538,0.1851646178221244,9.06369446102292,41.39853317658747,5.882346753843714,14.081993277826024,-94.1176532461563,-0.0475882530212401,-7.621951285995664,0.1928084239714271,1.0609204109438133,-0.8681119869723861,5.90537929499629,5.2212041198584505,0.68417517513784,3.1404845780230395,-0.980391240220746,-0.9852287185835084,10.181817141446192,0.9803920717048413,2.66409683227539,3
2021-12-03,3.059999942779541,3.0799999237060547,2.950000047683716,2.970000028610229,2.66409683227539,11576242,-35253597.52486905,126914481,-0.149256457668978,-151385.88828665495,-0.011229875122237,-0.0326526132132565,-324693.59150176035,3.169062733296039,33.489621625339424,948.2219274474432,3.1625,3.345789403137349,2.979210596862651,11.591424704338282,-0.0251257522114356,0.0,1.0,3.139999993642172,3.2209999879201257,3.058999999364217,5.159235314774644,-0.5493825743282259,0.0,1.0,2.950000047683716,3.670000076293945,3.3100000619888306,22.766799323643603,0.0277777501830353,0.1086732554558956,4.532337906007977,-0.0078792397534543,0.0250243962692036,-0.032903636022658,3.1549999912579856,3.143846154212952,3.112901465214401,3.1207807049678555,0.7261903996009705,1.3769843147035032,-0.6507939151025327,0.1277753874794752,25.626385750427456,0.1174999713897704,21.11924941234849,46.47756717735506,-25.35831776500657,3.115000009536743,3.3100000619888306,3.212500035762787,3.240000009536743,1.4849286563796833,20.83905334575218,24.827194875669267,27.19679748292161,-129.00196469641645,3.0300000309944157,2.9600000381469727,48.0,100.0,-52.0,3.202787164901733,3.4109748389243024,0.0,0.0,38.26202162784072,0.0,0.0405696942379553,0.1449928771900101,3.6743436844559554,39.68463943435928,5.12820199317989,6.1954327042587,-94.8717980068201,-0.0697794304174532,-9.451217850108431,-0.252476559500375,0.7982410168549756,-1.050717576355351,6.049206923023735,5.386804680491507,0.6624022425322273,3.12141522377654,-1.9801961500356515,-2.000064763127596,8.000001040371973,1.9801978460969138,2.7537970542907715,4
2021-12-06,3.0,3.069999933242798,2.9800000190734863,3.069999933242798,2.7537970542907715,12316025,-22937572.524869047,139230506,-0.1174667330762815,46183.7136760576,0.0073075386205131,-0.0236783498828969,185448.2785629233,3.1491496688870013,42.241694133166845,948.2219274474432,3.159499990940094,3.346740502162304,2.9722594797178843,11.852540703220386,0.2610024211291517,0.0,0.0,3.119333322842916,3.2053333123524985,3.033333333333333,5.513998063612098,0.2131779324541604,0.0,0.0,2.950000047683716,3.670000076293945,3.3100000619888306,22.78841685946632,0.1666665010982156,0.1078059203735629,4.844587978852212,-0.0107179367950931,0.0178759296563442,-0.0285938664514374,3.137499988079071,3.146923074355492,3.106301229526462,3.117019166321555,0.7362203889227324,1.0826771971355968,-0.3464568082128644,0.0950433306036717,25.723624140398652,0.0705000281333925,14.194087501214543,41.45760673089757,-27.26351922968302,3.115000009536743,3.3100000619888306,3.212500035762787,3.25,0.7424643281898416,19.675894287667884,23.161791129943555,25.37244122251342,-93.84967303044272,3.035000026226044,2.9600000381469727,44.0,96.0,-52.0,3.202787164901733,3.355657863975432,0.0,0.0,46.64632983860031,0.2659053670527205,0.0975354057633394,0.1132532367911828,2.1065825183819635,45.79269125842208,30.76921195908002,13.926586902034543,-69.23078804091998,-0.0736029561828162,-6.402440243253826,-0.3438521299739569,0.5698223874891892,-0.9136745174631462,6.617327800263135,5.632909304445833,0.9844184958173026,3.1189874158503463,3.367000123544184,3.3115577406406693,11.636361208829005,-3.367003065679441,2.726886987686157,0
2021-12-07,3.069999933242798,3.0799999237060547,3.009999990463257,3.039999961853028,2.726886987686157,9897882,-24351555.667726062,129332624,-0.1534423339734368,-2833.41353756778,0.0141444132160111,-0.0246445040665885,317958.6931624097,3.1288006885932678,40.58759322976013,938.9559237623786,3.1549999833107,3.349061859050796,2.960938107570604,12.301862235603386,0.2037026952895953,0.0,0.0,3.0983333190282187,3.186333306630453,3.0103333314259846,5.680472598721885,0.1685604239010712,0.0,0.0,2.950000047683716,3.670000076293945,3.3100000619888306,22.820920203451063,0.1249998758236623,0.1040253216604864,5.224393488807688,-0.0152130055648478,0.0112581426121058,-0.0264711481769536,3.121666649977366,3.1473076893733096,3.0961010344997795,3.1113140400646278,0.7239999244689795,1.1080000129699727,-0.3840000885009932,0.0638606695081628,25.65271819671882,0.0850000262260435,6.528307007085374,35.590393585685696,-29.06208657860032,3.102500081062317,3.3100000619888306,3.2062500715255737,3.25,0.3712321640949208,18.486289323094383,22.734551481589843,24.151168237159588,-86.86153774678651,3.035000026226044,2.9600000381469727,40.0,92.0,-52.0,3.202787164901733,3.306978926020426,0.0,0.0,44.685727132105846,0.203725546224338,0.1565436377590195,0.0982162459201047,0.2104946537832208,49.32516775768816,23.68419566642732,19.86053653956241,-76.31580433357269,-0.0940882528529449,-5.882354677971778,-0.4889575712688853,0.3580663957375743,-0.8470239670064597,5.223126079283229,5.550952659413312,-0.3278265801300835,3.114138012045005,-0.977197786388273,-0.9820036984304448,10.545453158291917,0.9771986124643917,2.789677143096924,1
2021-12-08,3.069999933242798,3.130000114440918,3.039999961853028,3.109999895095825,2.789677143096924,9546971,-19047722.23118241,138879595,-0.1014670108364489,93040.97877793088,0.0377084354727433,-0.0222156443585856,123109.47838642135,3.1171125675139817,40.96900776034974,960.5765990275296,3.1539999723434446,3.348771670562652,2.959228274124237,12.350773616176692,0.3870470462343577,0.0,0.0,3.0833333174387616,3.173333326975505,2.993333307902018,5.83783848653145,0.6481476379520654,0.0,0.0,2.950000047683716,3.670000076293945,3.3100000619888306,22.82815583144295,0.2222220014642875,0.1026228047532268,5.349741404893361,-0.0129773752475395,0.0064110390401767,-0.0193884142877162,3.11083330710729,3.14884614944458,3.098239320745325,3.1112166959928644,0.738281214347807,1.0585936022980569,-0.3203123879502496,0.0393001652083277,25.637101370304464,0.0960000276565553,1.1565793270131437,29.057860708071424,-27.90128138105828,3.075000047683716,3.3100000619888306,3.192500054836273,3.259999990463257,0.1856160820474604,17.488614045965722,24.785305123153027,22.64213705610918,-48.573888294754354,3.040000021457672,2.9600000381469727,36.0,88.0,-52.0,3.202787164901733,3.2641414606200208,0.0,0.0,49.96976730149769,0.453662001519057,0.3077643049320385,0.1872811161514658,0.4282819161091479,51.71279651157808,46.37676351988722,33.61005704846486,-53.62323648011278,-0.0912941294557905,-4.012349199329337,-0.4171157625971182,0.2030299640706358,-0.620145726667754,3.804898634142528,5.201741854359155,-1.3968432202166268,3.1140199785165854,2.302629411880952,2.27651895901122,13.090905276211815,-2.302631377622518,2.798647165298462,2
2021-12-09,3.109999895095825,3.140000104904175,3.0899999141693115,3.119999885559082,2.798647165298462,8850969,-17277579.076640077,147730564,-0.0741227490462853,92393.63975116672,0.0169473454435209,-0.0184414054515083,248291.04340393157,3.108932359316117,47.29279861892259,963.6652669225512,3.1559999704360964,3.3484993579632083,2.9635005829089844,12.198947359338051,0.4064929885245893,0.0,0.0,3.072499974568685,3.16299999554952,2.98199995358785,5.890969681361133,0.7624303866208832,0.0,0.0,2.950000047683716,3.670000076293945,3.3100000619888306,22.813689333170032,0.2361108765558054,0.0973605433513905,5.4402765839306335,-0.0102802026799575,0.0030727906961499,-0.0133529933761074,3.099999964237213,3.14884614944458,3.1015870999474413,3.111867302627399,0.8127489146731329,1.0239043574933335,-0.2111554428202006,0.0207638836247614,25.586642054775908,0.0840000391006468,-3.52201683455224,22.435088420422872,-25.95710525497511,3.075000047683716,3.3100000619888306,3.192500054836273,3.259999990463257,0.0928080410237302,16.668045757623005,24.612859423979437,21.82620970302681,-33.30427966880647,3.040000021457672,2.9600000381469727,32.0,84.0,-52.0,3.202787164901733,3.226444491067664,0.0,0.0,50.69438991490043,0.4817403143134597,0.3797092873522849,0.2813390766811143,0.8244602857339667,47.42677168229501,51.51511429644828,40.52535782758761,-48.48488570355172,-0.0760882412686063,-4.000003521259014,-0.3303547895913753,0.0963530133382335,-0.4267078029296089,2.1099146479695734,4.583376413081239,-2.473461765111665,3.114135107692741,0.3215431125584977,0.3210272681712478,13.45454129305752,-0.3215433808795609,2.7448270320892334,3
2021-12-10,3.1600000858306885,3.2100000381469727,3.049999952316284,3.059999942779541,2.7448270320892334,10602813,-26555042.42656684,137127751,-0.1043940560436085,-11686.619256453312,0.0226354930398257,-0.0165591285671367,-175440.3818103913,3.101124180844417,46.58717316269902,963.6652669225512,3.1529999732971192,3.349479015708159,2.95652093088608,12.462990426579662,0.263333459445971,0.0,0.0,3.0714999755223595,3.165999992688497,2.976999958356221,6.153346437846972,0.4391532769639598,0.0,0.0,2.950000047683716,3.670000076293945,3.3100000619888306,22.835395962827075,0.1527776260066976,0.1036244975993202,5.650808150361268,-0.0128362002042377,-0.0001090074839276,-0.01272719272031,3.084999958674113,3.146153835149912,3.095189075767764,3.1080252759720017,0.7927272462450811,0.9527272393092692,-0.159999993064188,0.0032619073666,25.646994402356945,0.0570000648498534,-6.540386802640616,16.30075219031754,-22.841138992958157,3.080000042915344,3.3100000619888306,3.1950000524520874,3.2725000381469727,0.0464040205118651,16.609335708918117,26.72686096132783,19.415149499620327,-38.98937811533014,3.048750042915344,2.9600000381469727,28.000000000000004,80.0,-52.0,2.950000047683716,3.226444491067664,1.0,0.0,46.35606699072465,0.3136351712844314,0.4163458290389827,0.3679398071077687,-0.2530438269509716,44.03715181573902,33.333309250643005,43.741729022326176,-66.66669074935699,-0.0566176512662099,-5.555557599610584,-0.4130017958178708,-0.0055179484929872,-0.4074838473248834,2.0894928666582158,4.084599703796634,-1.9951068371384189,3.113682091745216,-1.923075159625831,-1.941806787681588,11.272725191983302,1.9230767592487439,2.816587448120117,4
2021-12-13,3.109999895095825,3.1600000858306885,3.0899999141693115,3.140000104904175,2.816587448120117,9915716,-22305430.55648421,147043467,-0.0043227059244488,103305.59600615792,-0.0035297554359166,-0.0169707140820761,55334.87240528039,3.0912885897157625,45.9405358744018,988.8591816380056,3.147999978065491,3.34041622569547,2.9555837304355115,12.224666389497434,0.4792120643140803,0.0,0.0,3.0791666507720947,3.172666692733765,2.985666608810425,6.073074475408786,0.8253124429453125,0.0,0.0,2.950000047683716,3.3399999141693115,3.1449999809265137,12.388814142408554,0.4871798006819996,0.103262062144503,5.705462752966293,-0.0083107015685408,-0.0017493463008502,-0.0065613552676905,3.07916663090388,3.1457692201320944,3.102083080250289,3.1103937818188294,0.8070175350537945,0.9754385436561016,-0.168421008602307,-0.0078107520351536,25.458378089366388,-0.0580000638961792,-7.902633408028582,10.382653208774238,-18.28528661680282,3.080000042915344,3.3100000619888306,3.1950000524520874,3.28000009059906,0.0232020102559325,16.554819235120718,24.877183400137167,18.071491281449028,-16.306916826733918,3.0725000500679016,2.965000033378601,24.0,76.0,-52.0,2.955200047492981,3.226444491067664,0.0,0.0,52.22654348785232,0.5765738308492566,0.457316438815716,0.4177905184023278,0.7221220824023271,47.0515497329443,57.57578822645436,47.47473725784855,-42.42421177354564,-0.0376470572808207,-2.180683252677047,-0.2671912996071225,-0.0578526187158143,-0.2093386808913081,1.5224419277646566,3.572168148590239,-2.0497262208255824,3.1141366488315647,2.614384432045646,2.5807936064341286,14.181821996515453,-2.6143875439853588,2.8434975147247314,0
2021-12-14,3.119999885559082,3.200000047683716,3.109999895095825,3.1700000762939453,2.8434975147247314,12496208,-18140005.820757512,159539675,-0.0210525592860849,142102.7797882241,0.021606570590948,-0.0146409185443201,378625.3398744667,3.090570193982636,52.57415839325843,988.8591816380056,3.1424999833106995,3.3255710454687613,2.9594289211526377,11.651300756106416,0.5751077004171815,0.0,0.0,3.078499984741211,3.171000027656555,2.9859999418258667,6.009422990016358,0.9945948600071196,0.0,0.0,2.950000047683716,3.3399999141693115,3.1449999809265137,12.410497010559135,0.5641028305796997,0.1019358711888417,5.705873183059515,-0.0022772140186706,-0.0018549198444143,-0.0004222941742563,3.0858333110809326,3.1473076802033644,3.112531848872389,3.11480906289106,0.8373702228032993,0.948096876107532,-0.1107266533042325,-0.0122157066810591,25.245159484679466,-0.0825000405311584,-11.94201159137774,4.829331923700651,-16.77134351507839,3.080000042915344,3.3100000619888306,3.1950000524520874,3.3100000619888306,9.54425967168024,16.894356666390475,26.10718857358388,16.93550390611258,11.427019171836289,3.090000033378601,2.965000033378601,20.0,72.0,-52.0,2.960296047306061,3.226444491067664,0.0,0.0,54.24850412727612,0.8160889431351841,0.5687659817562908,0.4808094165369965,2.1370784218445253,52.63996573415726,72.13114113360584,54.34674620356774,-27.868858866394167,-0.0169705825693466,2.589002082420456,-0.0731092652130983,-0.0609039480152711,-0.0122053171978271,3.022776191232992,3.4622897571187896,-0.439513565885798,3.1146316250248844,0.9554130696656892,0.95087786275454,15.272730047052562,-0.9554138509910217,2.807617425918579,1
2021-12-15,3.200000047683716,3.2100000381469727,3.119999885559082,3.130000114440918,2.807617425918579,12575500,-27920891.04094994,146964175,-0.0475879053448354,49942.45120665706,0.0071567783990343,-0.0133290005342451,-39290.82841858687,3.0912969063430467,50.045756540156034,988.8591816380056,3.134999990463257,3.306872077286096,2.963127903640418,10.964726465433978,0.4854546595821211,0.0,0.0,3.0869999885559083,3.178000044822693,2.9959999322891235,5.895695277236096,0.7362642818535533,0.0,0.0,2.950000047683716,3.3299999237060547,3.1399999856948853,12.12120820345478,0.4736845407460621,0.1007422993287466,5.707316218914445,-0.0007150516243563,-0.0016269462004027,0.0009118945760463,3.091666658719381,3.1473076802033644,3.115219274344471,3.1159343259688272,0.8489932660385218,0.926174602961253,-0.0771813369227312,-0.0144392535538509,25.171811643768827,0.0650000572204589,-13.926407778085222,-0.0928036852247604,-13.833604092860462,3.080000042915344,3.3100000619888306,3.1950000524520874,3.3100000619888306,21.319233312041305,17.306179345531604,25.156375745896938,15.861725593643108,12.743672131535826,3.090000033378601,2.965000033378601,16.0,68.0,-52.0,2.9652901271228798,3.226444491067664,0.0,0.0,51.14054833449792,0.7693349829017668,0.7206659189620691,0.5822494465113586,2.3354682849686,44.92278999332315,69.23079744598672,66.31257560201564,-30.769202554013276,-0.004132361271802,2.2875873519720566,-0.0229482251405936,-0.0533128034403356,0.0303645782997419,4.1787421197307735,3.6055802296411863,0.5731618900895867,3.114964466326509,-1.2618284192532747,-1.269857084202486,13.81818597966975,1.2618294413957187,2.8704075813293457,2
2021-12-16,3.2300000190734863,3.240000009536743,3.1700000762939453,3.200000047683716,2.8704075813293457,29052991,-32071318.326664224,176017166,-0.0376714760377818,333337.4482490785,0.0096375722694736,0.0032353478818072,491065.5262888789,3.1084662527702136,59.82111999851919,988.8591816380056,3.1309999942779543,3.292604502089161,2.969395486466748,10.322868611085696,0.7134843091331655,0.0,0.0,3.1046666622161867,3.195666718482971,3.013666605949402,5.862146643583725,1.0238094863811995,1.0,0.0,2.950000047683716,3.2950000762939453,3.1225000619888306,11.0188447537762,0.7246376210665257,0.1016680589054545,5.493328561800074,0.0061010537765899,-8.13462050041978e-05,0.0061823999815941,3.091666658719381,3.149999985328088,3.128262470242816,3.122161416466226,0.9349316735051404,0.8458905306379194,0.0890411428672208,-0.0107042814788169,25.060897992405945,-0.0710000514984132,-13.289518766607976,-3.916000149553257,-9.37351861705472,3.1100000143051147,3.3100000619888306,3.2100000381469727,3.3100000619888306,60.65961665602065,17.97900613776349,25.319390647629948,14.63995425453276,66.52926953327706,3.090000033378601,2.965000033378601,12.0,64.0,-52.0,2.9701843253433613,3.226444491067664,0.0,0.0,55.90189422781832,1.0,0.8618079753456502,0.7170799586880033,3.992442042838341,47.85045422329949,86.20690789149158,75.85628215702805,-13.79309210850842,0.0084264671101288,0.0,0.1954112219955422,-0.00356799835316,0.1989792203487023,15.521762977139892,5.988816779140928,9.532946197998964,3.120306247392891,2.236419510652365,2.211778359218708,16.36363809758967,-2.2364213454125945,2.879377603530884,3
2021-12-17,3.220000028610229,3.259999990463257,3.1700000762939453,3.2100000381469727,2.879377603530884,19337203,-34219896.437775336,195354369,-0.0175892715999392,313342.36215436173,0.0046542319661589,0.0061005169689019,710175.4599972602,3.1250129544436915,69.96865489549705,991.949363587547,3.1299999952316284,3.2893738241901183,2.9706261662731386,10.183631258868148,0.7509823709392741,0.0,0.0,3.125999999046326,3.213000059127808,3.038999938964844,5.56622265566371,0.9827585120169732,0.0,0.0,2.950000047683716,3.2799999713897705,3.115000009536743,10.543128568970934,0.7878789411322717,0.1005012444318402,5.192612243951364,0.0121694996544392,0.0023688229668844,0.0098006766875547,3.1041666666666665,3.154999989729661,3.1408374806896098,3.1286679810351705,0.976190588178432,0.7653061836837731,0.2108844044946589,-0.0024900636414538,24.91331097441414,-0.1000000238418579,-8.340379082965557,-6.419829770017712,-1.9205493129478448,3.134999990463257,3.3100000619888306,3.222500026226044,3.3100000619888306,80.32980832801033,18.79413418098564,25.1225473238547,13.709498799886187,80.1730017353054,3.090000033378601,2.965000033378601,8.0,60.0,-52.0,2.9809769527110968,3.226444491067664,0.0,0.0,56.55326007157201,1.0,0.9231116609672556,0.8351951850916582,5.506464605395482,44.81973766558496,83.87098014665052,79.76956182804295,-16.129019853349472,0.0192500030293181,4.9019639925607175,0.3889674368838836,0.0749390886942486,0.314028348189635,17.304959922204663,8.252045407753675,9.052914514450988,3.1315176633715467,0.3124996973201677,0.3120124318874762,16.727274114435374,-0.3124999480869519,2.8704075813293457,4
2021-12-20,3.220000028610229,3.2300000190734863,3.1700000762939453,3.200000047683716,2.8704075813293457,7760612,-34219896.437775336,187593757,-0.0005539875752533,257492.5895624477,-0.0115970014141545,0.0006611041543152,36252.36281815136,3.12465115444715,64.0956336177567,988.8591816380056,3.127999997138977,3.2827385451050266,2.973261449172928,9.89376906058702,0.7326506597455468,0.0,0.0,3.1420000076293944,3.2260000705718994,3.0579999446868897,5.346916787939921,0.8452380749644216,0.0,0.0,2.950000047683716,3.2799999713897705,3.115000009536743,10.54986969334683,0.7575759327225963,0.0964511142666103,5.152207062797506,0.0159875762493668,0.0050925736233809,0.0108950026259858,3.118333339691162,3.158076919042147,3.1499394140733186,3.133951837823952,0.9388490800475598,0.86690654885933,0.0719425311882298,0.0077523905732498,24.20609492804875,-0.1579999685287481,-4.453567653573747,-7.640038065646503,3.1864704120727563,3.149999976158142,3.3100000619888306,3.2300000190734863,3.3100000619888306,90.16490416400516,19.55103879254906,24.02623327312428,13.111234779560682,71.95989420660771,3.090000033378601,2.965000033378601,4.0,56.00000000000001,-52.00000000000001,2.997718334976226,3.226444491067664,0.0,0.0,55.66775021480287,0.9515883049967774,0.983862768332259,0.9229274682150552,6.484795225043724,43.10690662848665,80.64517617598064,83.57435473804092,-19.35482382401937,0.029544127688688,5.610563627034338,0.5101410958653334,0.1619794901284656,0.3481616057368678,11.9667687689944,8.99499008000182,2.971778688992581,3.13598618628112,-0.3115261789538692,-0.3120124318874762,16.36363809758967,0.31152642816067555,2.861437559127808,0
2021-12-21,3.25,3.259999990463257,3.150000095367432,3.190000057220459,2.861437559127808,5909510,-35831580.98322991,181684247,0.0021482339156442,212265.7848188808,0.0093070144725835,0.0064714930595083,-42643.53889014009,3.1310285095438752,68.43431046242843,985.768999688464,3.125,3.2723092653084302,2.9776907346915698,9.427792979739536,0.7206244701728858,0.0,0.0,3.157666683197021,3.245666742324829,3.069666624069214,5.573739596777884,0.6837122289683798,0.0,0.0,2.950000047683716,3.2799999713897705,3.115000009536743,10.55999755859375,0.7272729243129209,0.0978059923495317,4.833169664530228,0.0179990321628604,0.0076738653312768,0.0103251668315836,3.1366666754086814,3.156153843953059,3.156102589942109,3.1381035577792487,1.0378789274488749,0.8371212983262653,0.2007576291226094,0.0182713124292652,23.850645842722,-0.0550000667572021,-2.313164845863005,-8.025565195966076,5.712400350103071,3.1549999713897705,3.1449999809265137,3.149999976158142,3.3100000619888306,95.0824520820026,20.554003988627944,24.283757967540552,12.0711999818869,78.04879446081725,3.325000047683716,3.195000052452087,4.0,52.0,-48.0,3.013455234305448,3.226444491067664,0.0,0.0,54.74462226316524,0.901119991739727,0.9509027655788348,0.9526257316261164,7.039590430995708,48.389680527559726,77.41937220531074,80.64517617598064,-22.580627794689264,0.0367500235052671,7.407408299358702,0.5735639959440314,0.2442963912915788,0.3292676046524526,6.277578577726742,8.451507779546805,-2.173929201820063,3.140722270520381,-0.3124996973201677,-0.3129889972640853,16.00000208074397,0.3124999480869235,2.888347625732422,1
2021-12-22,3.2300000190734863,3.25,3.1700000762939453,3.220000028610229,2.888347625732422,5398965,-34481839.73322997,187083212,0.0119589248665181,205080.50063537929,0.0074088133014548,0.0094398267728542,32306.71532155424,3.139867532064674,73.56407384706297,995.0395455370884,3.124000000953674,3.268416136831344,2.9795838650760045,9.245591282559747,0.8323729272810397,0.0,0.0,3.169666687647502,3.2566667238871254,3.082666651407877,5.48953847915123,0.7892719540029535,0.0,0.0,2.950000047683716,3.259999990463257,3.1050000190734863,9.923173581463068,0.8709678411732028,0.096025385485184,4.382915408392996,0.0217630020958319,0.0104916926841878,0.011271309411644,3.149166683355967,3.1538461538461537,3.16593296512182,3.144169963025988,1.0751880683167736,0.7969925202902249,0.2781955480265486,0.0303580262281256,23.65305677419604,-0.0840000391006463,1.5562885374871875,-7.46130904351725,9.017597581004438,3.1549999713897705,3.1449999809265137,3.149999976158142,3.3100000619888306,97.5412260410013,21.485328813558336,22.863309887889255,11.365110221962706,96.4814689473424,3.325000047683716,3.195000052452087,4.0,48.0,-44.0,3.028247919674917,3.226444491067664,0.0,0.0,57.04589877974676,1.0,0.9509027655788348,0.9618894331633095,8.137254437861003,46.79724850150975,87.09678411732028,81.72044416620389,-12.903215882679724,0.0431029789588031,4.885996698019084,0.6921700274398318,0.3338711185212294,0.3582989089186024,1.0721366520342033,6.975633554044284,-5.903496902010081,3.145827443144546,0.9404379577318878,0.9360433707280124,17.090910131281056,-0.9404387147562403,2.861437559127808,2
2021-12-23,3.2699999809265137,3.2699999809265137,3.190000057220459,3.190000057220459,2.861437559127808,3117945,-37599784.73322997,183965267,0.0203741359388688,162420.67757391414,0.0513157527872891,0.0139073716235346,21724.767127586678,3.1517223869940447,79.49807458908057,985.768999688464,3.1230000019073487,3.265281485296653,2.9807185185180445,9.11184651312244,0.7354489625673486,0.0,0.0,3.17966669400533,3.269666703542074,3.089666684468587,5.660971302836346,0.557407567334256,0.0,0.0,2.950000047683716,3.2699999809265137,3.1100000143051147,10.246555653133536,0.7500001862645538,0.0944228393072711,3.590481127982702,0.0220708098572854,0.0128075161188074,0.009263293738478,3.161666691303253,3.150384618685796,3.1696355946754564,3.147564784818171,1.1250000465661207,0.7890625494765032,0.3359374970896175,0.0410362639560613,23.593840597394426,-0.0130001068115235,4.986394119296023,-6.180555607746513,11.166949727042535,3.1799999475479126,3.1399999856948853,3.159999966621399,3.3100000619888306,98.77061302050063,22.558771815969813,22.989930724035617,10.691610704627983,101.35196718686124,3.325000047683716,3.195000052452087,12.0,44.0,-32.0,3.042153043922217,3.226444491067664,0.0,0.0,54.08411712022576,0.7603769798709638,0.8871656572035637,0.9296570627870778,8.276368639432226,42.2020844819368,72.41381578298316,78.97665736853808,-27.58618421701684,0.0461912078015944,4.934213725318563,0.7012027191224431,0.4073374386414722,0.2938652804809709,-5.121498011532845,4.556207240928859,-9.677705252461704,3.1472338857998743,-0.9316761218389868,-0.9360433707280124,16.00000208074397,0.9316768648230038,2.861437559127808,3
2021-12-24,3.220000028610229,3.220000028610229,3.1600000858306885,3.190000057220459,2.861437559127808,3633064,-37599784.73322994,187598331,0.0368290544418076,139217.72363478356,-0.0660598167928079,0.0086668462368689,-29049.149057072616,3.161952493387828,75.73953872965521,985.768999688464,3.128000009059906,3.2723053123360044,2.9836947057838072,9.226681768422909,0.7148224866064998,0.0,0.0,3.18800003528595,3.268000030517578,3.1080000400543213,5.018820222469208,0.5125001378357495,0.0,0.0,2.950000047683716,3.2699999809265137,3.1100000143051147,10.230176864320764,0.7500001862645538,0.090980549654498,3.166324430101068,0.0220604505836972,0.0146581030117853,0.0074023475719118,3.168333371480306,3.1469230835254374,3.172768588913149,3.150708138329452,1.0887097673535044,0.8225806575660007,0.2661291097875037,0.050226553784586,23.56788714016598,-0.0080001235008237,10.455188346186866,-4.140797635055908,14.595985981242771,3.189999938011169,3.1225000619888306,3.15625,3.3100000619888306,99.38530651025032,22.908659928616466,21.93980257773563,12.487129207066578,64.8459822696038,3.32750004529953,3.195000052452087,8.0,40.0,-32.0,3.0603807988825604,3.226444491067664,0.0,0.0,54.08411712022576,0.7603769798709638,0.8402513199139757,0.8927732475654581,8.39150560593697,43.9443366370018,69.23079744598672,76.2471324487634,-30.769202554013276,0.0381029767148635,2.5723525666604186,0.7001743612911719,0.4659048231714121,0.2342695381197598,-10.06515812599835,1.6319341675434171,-11.697092293541766,3.151532259950554,0.0,0.0,16.00000208074397,0.0,2.924227714538574,4
2021-12-29,3.220000028610229,3.275000095367432,3.220000028610229,3.259999990463257,2.924227714538574,6190201,-34786076.52142351,193788532,0.0309516767892532,181231.428366886,0.0510888758022549,0.0113057364216006,135834.99968243245,3.1739300805727138,75.18769958352837,985.768999688464,3.138000011444092,3.289604818683645,2.9863952042045385,9.662511579774376,0.9023618420832488,0.0,0.0,3.200166702270508,3.278666687011719,3.1216667175292967,4.905993471247334,0.8811038205293917,0.0,0.0,2.950000047683716,3.275000095367432,3.1125000715255737,10.356916714418777,0.9538458378357746,0.0903824985037455,2.490252146991955,0.0273849734561384,0.0172034771006559,0.0101814963554824,3.180000046888987,3.1480769285788903,3.1861888045362425,3.158803831080104,1.0876494841326307,0.7649402443419296,0.3227092397907011,0.0622894235499587,23.6034301156262,-0.0780000686645507,15.040801975519546,-1.142707238733987,16.183509214253533,3.197499990463257,3.115000009536743,3.15625,3.3100000619888306,99.69265325512517,23.833643958830155,24.725926636605656,11.6736188029043,118.14344346754186,3.3325000405311584,3.195000052452087,100.0,36.0,64.0,3.0771503334460766,3.226444491067664,0.0,0.0,59.74054958855199,1.0,0.8402513199139757,0.8558894323438384,10.0566439372129,46.05800441709295,93.61698026301087,78.42053116399359,-6.383019736989136,0.0428235671099495,4.487183014081674,0.8669412512006031,0.5461121087772504,0.3208291424233527,-11.9356023438953,-1.0815731347443265,-10.854029209150974,3.161647386869542,2.194355234707768,2.170625771903389,18.54545419866389,-2.194357001097913,2.924227714538574,2
2021-12-30,3.289999961853028,3.289999961853028,3.234999895095825,3.259999990463257,2.924227714538574,2204491,-34986479.58167833,195993023,-0.0449106434831866,155341.22431447371,0.0374233171311156,0.01128537082577,135834.99968243245,3.1809559549583937,73.858416114648,985.768999688464,3.141000008583069,3.2996064892961816,2.9823935278699563,10.099107308481758,0.8751422430696102,0.0,0.0,3.2103333632151285,3.2853333393732704,3.1353333870569866,4.672410474096679,0.8311109535781936,0.0,0.0,2.950000047683716,3.289999961853028,3.120000004768372,10.824575397651422,0.911764767755701,0.0868442553290912,2.208146277370186,0.0312445287156739,0.0200116874236595,0.0112328412920143,3.196666717529297,3.1488461586145253,3.1975443716019374,3.1662998428862634,1.0778688588663945,0.7868854957893725,0.2909833630770218,0.0756224496065664,23.66834778637772,-0.0009999036788941,18.93842549840595,2.5089409030983654,16.429484595307585,3.22000002861023,3.120000004768372,3.1700000166893005,3.3100000619888306,99.84632662756258,24.84326788419101,24.83651154184526,11.166682432547734,115.84527876661288,3.3425000309944157,3.195000052452087,96.0,32.0,64.0,3.096935309638212,3.226444491067664,0.0,0.0,59.74054958855199,1.0,0.920125659956988,0.8668760999283132,11.426192152760535,45.60713674399027,87.50001241763367,83.44926337554377,-12.499987582366328,0.050867663411533,6.535949392928629,0.9867836359803746,0.6342464142178752,0.3525372217624993,-17.271753864786923,-4.319609280752847,-12.952144584034077,3.1685663480504003,0.0,0.0,18.54545419866389,0.0,2.906287670135498,3
2021-12-31,3.25,3.259999990463257,3.220000028610229,3.240000009536743,2.906287670135498,2111173,-34986479.58167831,193881850,-0.0330653058338314,127117.70373632452,-0.0426301349630541,0.0070298365110146,-12951.96928100928,3.186279369890358,70.76381394997686,979.7213428634972,3.150000011920929,3.309624613375728,2.99037541046613,10.134895292108698,0.7819114246662647,0.0,0.0,3.219000029563904,3.28899998664856,3.149000072479248,4.34917405664884,0.6499999489102726,0.0,0.0,2.950000047683716,3.289999961853028,3.120000004768372,10.793648028019328,0.8529412795928359,0.0821598259814849,1.939055170366154,0.0323168937172897,0.0224727286823856,0.0098441650349041,3.205000042915344,3.148461543596708,3.2040760082072923,3.1717591144900026,1.02479356104343,0.8181819973092203,0.2066115637342097,0.0878235685872857,23.69119524176996,0.0200000643730162,23.38758298508486,6.584174431064237,16.803408554020624,3.22000002861023,3.120000004768372,3.1700000166893005,3.3100000619888306,99.92316331378127,25.44360618430712,24.019564114772084,12.032854500523078,86.91306056096793,3.3425000309944157,3.195000052452087,92.0,28.000000000000004,64.0,3.12010306790399,3.226444491067664,0.0,0.0,57.397538948225794,0.8249457442078089,0.9416485814026028,0.9006751870911889,11.990871704460773,45.541165315116494,79.16668736272291,86.76122668112248,-20.83331263727709,0.0530441284179685,3.1847102322189293,1.0188949586256986,0.7111761230994399,0.3077188355262586,-22.02520985825613,-7.860729396253502,-14.164480462002624,3.1763201470059474,-0.6134963492337775,-0.6153859705557707,17.818182164972484,0.6134968324758887,3.004957675933838,4
2022-01-04,3.309999942779541,3.359999895095825,3.2699999809265137,3.3499999046325684,3.004957675933838,5856131,-30431711.026122756,199737981,-0.016949426667481,200982.8597264796,0.1152635951177131,0.013646129516578,185867.1028706337,3.1995499071760056,78.34034704245737,979.7213428634972,3.166000008583069,3.3379767607569804,2.9940232564091573,10.86397673453444,1.0349557243162424,1.0,0.0,3.231333351135254,3.303333306312561,3.1593333959579466,4.4563619629037445,1.3240738011925577,1.0,0.0,2.950000047683716,3.359999895095825,3.1549999713897705,12.950089902103418,0.975609770280706,0.0859438319392446,1.1483389859584012,0.0415637024445212,0.0262909234348127,0.0152727790097084,3.220000028610229,3.152692308792701,3.2265258384265656,3.1849621359820444,1.0769232179991792,0.7777779589125263,0.2991452590866529,0.1054052769850954,23.834276036120933,-0.0359998941421508,28.689047250595877,10.698555134793285,17.99049211580259,3.2549999952316284,3.1549999713897705,3.2049999833106995,3.3100000619888306,99.96158165689064,26.94130273158711,29.717321558036858,10.876962922608946,158.19197557168067,3.345000028610229,3.195000052452087,100.0,24.0,76.0,3.1404906951778746,3.226444491067664,0.0,0.0,65.42854687443705,1.0,0.9416485814026028,0.9344742742540646,14.945626826556108,55.95556406774342,96.29629956678458,87.65433311571373,-3.703700433215419,0.0647499961011552,5.678227886639715,1.3049983224276407,0.8299405629650801,0.4750577594625605,-21.772742489820075,-10.643132014966817,-11.129610474853258,3.2008708098117293,3.39505848061874,3.3386984621407434,21.81817835027522,-3.395052967820618,2.9959876537323,1
2022-01-05,3.400000095367432,3.400000095367432,3.319999933242798,3.3399999141693115,2.9959876537323,6244400,-33553920.33098501,193493581,0.0092869009767907,163350.45970144522,0.0576518704621188,0.018016245652152,180179.0893974913,3.213086240158165,77.75361905187293,979.7213428634972,3.184500002861023,3.347530672166167,3.0214693335558787,10.239012036971202,0.9769038610067894,0.0,0.0,3.245333345731099,3.316333325703939,3.17433336575826,4.375512307001235,1.1666661629652983,1.0,0.0,2.9800000190734863,3.400000095367432,3.190000057220459,13.188886039146135,0.8571424516691559,0.0853494649577835,0.8028828346744631,0.0475369726930661,0.0305401332864634,0.0169968394066027,3.237500011920929,3.1576923040243297,3.2439833885408342,3.196446415847768,1.1130435918364645,0.7217391538710166,0.3913044379654476,0.1249703037419073,23.9078038953155,0.0155000448226929,33.54629591317975,14.920762197765896,18.62553371541385,3.275000095367432,3.1750000715255737,3.2250000834465027,3.3100000619888306,99.98079082844532,28.631720190018324,31.025922513860717,10.175206517601929,174.10862582558173,3.377500057220459,3.195000052452087,96.0,20.0,76.0,3.1712219831663875,3.226444491067664,0.0,0.0,64.24290766327347,0.9170185237736856,0.9139880893271648,0.9324284173774569,17.0157602803436,51.35707651944182,79.31029663361409,84.92442785437386,-20.68970336638592,0.1009558712734892,6.709258531957077,1.4871819047984345,0.9613888313317512,0.5257930734666831,-20.94413222417073,-12.7033320568076,-8.24080016736313,3.2164329445642017,-0.2985071865055366,-0.2989536078286781,21.454542333429515,0.29850743900246357,2.924227714538574,2
2022-01-06,3.3299999237060547,3.3299999237060547,3.240000009536743,3.259999990463257,2.924227714538574,8190095,-38103973.10876279,185303486,-0.0847792487608433,46413.68329476165,-0.0824166002253785,0.0105860191652715,-214809.740832812,3.2231566872901265,69.51902241141909,979.7213428634972,3.194000005722046,3.3512768169617115,3.0367231944823803,9.848266183963965,0.7098210925723727,0.0,0.0,3.253000005086262,3.32699998219808,3.1790000279744466,4.549645065853861,0.5472972131222186,0.0,0.0,3.009999990463257,3.400000095367432,3.205000042915344,12.210397752206973,0.6410254685993638,0.086814508925262,1.0243306056801418,0.0452933931027756,0.0334907852497258,0.0118026078530498,3.2425000071525574,3.1642307684971738,3.246447481144284,3.201154088041508,1.0172415742126382,0.8103449445275832,0.2068966296850549,0.1397712242962054,24.019181580778813,0.0160000324249267,34.58319869628983,19.020358146893987,15.56284054939584,3.28000009059906,3.1750000715255737,3.227500081062317,3.3100000619888306,99.99039541422266,28.64903905242278,28.546634117220744,15.754921357711948,89.96207826352975,3.262499988079071,3.225000023841858,92.0,16.0,76.0,3.2078264811185546,3.226444491067664,0.0,0.0,55.56765696277485,0.309848059957584,0.7422888612437565,0.865975177324508,16.2334625191387,51.11210595191782,49.99999999999992,75.2021987334662,-50.00000000000008,0.1075735001003042,1.8749981839210064,1.4149082442478285,1.0520927139149667,0.3628155303328617,-17.872102323384112,-13.737086110122904,-4.135016213261208,3.2176172544924198,-2.39520735814005,-2.4243588837562946,18.54545419866389,2.3952014322999418,2.9601078033447266,3
2022-01-07,3.309999942779541,3.315000057220459,3.2799999713897705,3.299999952316284,2.9601078033447266,4754191,-37424821.47177803,190057677,-0.0752421861015961,66949.93691579654,0.0092024645584864,0.0107321396052324,-137836.1816374584,3.234412669348852,79.14327292305836,991.7424522057604,3.207000005245209,3.3538468316888634,3.0601531788015537,9.157893745149956,0.8166563054965293,0.0,0.0,3.262833333015442,3.3293333292007445,3.196333336830139,4.076211647859125,0.7794482814501021,0.0,0.0,3.039999961853028,3.400000095367432,3.22000002861023,11.225448485363458,0.7222219278784053,0.083633064708456,0.9309005311952468,0.0462103189493392,0.0360346919896485,0.0101756269596906,3.25,3.173461538094741,3.254686322863053,3.208476003913714,1.0266668644658683,0.8088888841793846,0.2177779802864836,0.1529379712880101,23.99733026655188,-0.0069999575614927,37.97856171781432,23.06727738915256,14.911284328661758,3.28000009059906,3.1750000715255737,3.227500081062317,3.3100000619888306,99.99519770711132,28.66512085322692,27.25654003284153,15.042916896521104,106.92969462855262,3.247500002384186,3.225000023841858,88.0,12.0,76.0,3.238574259398375,3.226444491067664,0.0,0.0,58.57946466922296,0.3962603362525502,0.5410423066612732,0.7324397524107314,16.4869768310225,53.83662599568304,59.99994277954084,63.10341313771829,-40.00005722045916,0.1144999861717224,2.803735610584775,1.440257583132044,1.1297256877583823,0.3105318953736617,-19.145720983672657,-14.818813084832856,-4.326907898839801,3.222141839479593,1.226992698467555,1.2195261569588611,19.999998266046703,-1.2269936649517774,3.022897720336914,4
2022-01-10,3.3499999046325684,3.380000114440918,3.299999952316284,3.369999885559082,3.022897720336914,5872796,-33020255.100733902,195930473,-0.0821551374722038,116113.5642061928,0.0578942026281678,0.0141790417737105,182907.9200438497,3.252681933625615,73.31657250445781,991.7424522057604,3.220000004768372,3.375948645060081,3.0640513644766623,9.686250935451628,0.9809271838155448,0.0,0.0,3.276499994595845,3.3430000146230063,3.209999974568685,4.059210751524104,1.20300648725405,1.0,0.0,3.049999952316284,3.400000095367432,3.225000023841858,10.869569643877218,0.9142851498664504,0.0832697744500738,0.9309005311952468,0.0519861350826897,0.0392249806082568,0.0127611544744329,3.2641666531562805,3.1799999933976397,3.2724268709701345,3.2204407358874447,1.0365296525271726,0.8082191064984431,0.2283105460287294,0.1684561301637741,23.978745961251487,-0.0299999475479126,42.256203546260366,27.20836732548193,15.047836220778436,3.28000009059906,3.1750000715255737,3.227500081062317,3.3100000619888306,99.99759885355566,29.288183919623982,30.826098137327328,14.048413884936606,147.4917936277228,3.247500002384186,3.225000023841858,100.0,8.0,92.0,3.240000009536743,3.226444491067664,0.0,0.0,63.27142982958188,0.8098523159302569,0.5053202373801303,0.5962171350950534,18.19472466043116,54.97892083730716,87.99991607665999,65.99995295206692,-12.00008392334002,0.1333235179676726,5.3124948544428525,1.6142552944190158,1.226631609090509,0.3876236853285069,-18.73372753414079,-15.601795974694443,-3.131931559446347,3.2332885528762234,2.1212101289172614,2.09902563827169,22.545450383966624,-2.121203725122413,3.08568811416626,0
2022-01-11,3.390000104904175,3.440000057220459,3.369999885559082,3.440000057220459,3.08568811416626,9897310,-23122945.100733902,205827783,-0.0341591929917896,198499.2548890028,0.0459721562602436,0.0171303220804309,330156.9615590058,3.283585117644193,70.09242066676285,991.7424522057604,3.2360000133514406,3.411999948458275,3.0600000782446064,10.877622644046635,1.0795457928583545,1.0,0.0,3.296499991416931,3.362000036239624,3.2309999465942383,3.9739144543142544,1.5954196000321796,1.0,0.0,3.049999952316284,3.440000057220459,3.245000004768372,12.051919137672124,1.0,0.0819428141712041,0.9309005311952468,0.0615029718429722,0.0436805788551998,0.0178223929877723,3.284999986489614,3.194615382414597,3.2982073611624925,3.23670438931952,1.1023254792712247,0.767441870780685,0.3348836084905396,0.1888333541468741,24.00154558026372,-0.0159999847412115,47.83759479894755,31.36196804245533,16.475626756492215,3.330000042915344,3.1950000524520874,3.262500047683716,3.3100000619888306,99.99879942677782,30.342320053671557,34.04492489478349,13.224563562598233,188.3046138929606,3.2387500405311584,3.225000023841858,100.0,4.0,96.0,3.2656000232696534,3.226444491067664,0.0,0.0,67.2648054318584,1.0,0.7353708840609356,0.5939111427007797,20.9773550652649,60.00484740914408,100.0,82.66661961873362,-0.0,0.1469852917334613,7.836990455035677,1.9001726585201852,1.3613398189764443,0.5388328395437412,-13.565696602757846,-15.194576100307124,1.6288794975492775,3.263897989775017,2.0771564996585834,2.0558777613620904,25.09091117165305,-2.0771590585720503,3.121567964553833,1
2022-01-12,3.5,3.509999990463257,3.4600000381469727,3.4800000190734863,3.121567964553833,8594839,-24841912.900733907,214422622,0.0101300673010352,219255.53735241835,0.0465395376349446,0.0212829320125094,305522.5093558653,3.3139214026153403,81.0992830173954,1003.2743299954112,3.257000017166137,3.4438795829483544,3.0701204513839206,11.47556431054721,1.0966409461996114,1.0,0.0,3.325833320617676,3.390333366394043,3.2613332748413084,3.8787299036614606,1.6950898375354082,1.0,0.0,3.0899999141693115,3.509999990463257,3.299999952316284,12.895304700040516,0.9285715096661686,0.0807485260783635,0.9271697573622604,0.0714491745597545,0.0492342979961108,0.0222148765636437,3.306666652361552,3.211923076556279,3.3261754623795685,3.254726287819814,1.1658986732061478,0.6958526155725788,0.470046057633569,0.2136130438485058,23.900980956063112,-0.0669999599456785,54.52714324597833,35.749339294728536,18.777803951249798,3.365000009536743,3.2300000190734863,3.2975000143051147,3.3100000619888306,99.99939971338893,31.79220738371649,37.96284944602444,12.438985770765017,212.19939612372335,3.2300000190734863,3.2300000190734863,100.0,8.0,92.0,3.2969920293807986,3.226444491067664,0.0,0.0,69.31771134390897,1.0,0.9366174386434188,0.7257695200281616,23.928242974101348,59.83010965863288,91.66667218561686,93.22219608742564,-8.333327814383145,0.1650735266068399,8.07453379357499,2.195243723785293,1.5281205999382144,0.6671231238470792,-10.870477191568495,-14.3297563185594,3.459279126990904,3.299680225551641,1.1627895694091173,1.1560811248108482,26.545455239035864,-1.1627827913926154,3.139508008956909,2
2022-01-13,3.5,3.539999961853028,3.4800000190734863,3.5,3.139508008956909,6108759,-26878165.900733937,220531381,-0.0276621823888527,205386.8982284541,0.0245548586706144,0.0223720637409402,135047.66807049612,3.3375948131021604,82.65105465213023,1009.0402688902366,3.275000011920929,3.481639735352437,3.068360288489421,12.619219705608788,1.044425786926802,1.0,0.0,3.351333316167196,3.416333349545797,3.2863332827885947,3.879055125017493,1.6435892883844818,1.0,0.0,3.109999895095825,3.539999961853028,3.3249999284744263,13.129772982962187,0.9069768473417156,0.0786736677484813,0.9120940735020672,0.0800229879922862,0.0553920359953459,0.0246309519969403,3.3324999809265137,3.232307690840501,3.352917698936558,3.272894710944272,1.212560396488912,0.68115952044468,0.531400876044232,0.2409947163380023,23.81599560562158,-0.08499995470047,60.23513782953642,40.33786288707636,19.897274942460054,3.3799999952316284,3.259999990463257,3.319999992847442,3.3100000619888306,99.99969985669446,33.32042019380629,38.58857736531625,11.792369227294902,191.07712832794655,3.212500035762787,3.240000009536743,100.0,4.0,96.0,3.3395936215972903,3.226444491067664,0.0,0.0,70.31995510189,1.0,1.0,0.8906627742347849,26.62148358222301,54.587334077624426,89.47369081492114,93.71345433351269,-10.526309185078862,0.2025735315154579,9.717866370499475,2.4450217639050966,1.7115008327315908,0.7335209311735058,-11.348874039984272,-13.733579862844374,2.384705822860102,3.328406058695516,0.5747120924395333,0.5730669228098284,27.27272727272727,-0.5747125997828562,3.094658136367798,3
2022-01-14,3.5,3.5,3.430000066757202,3.450000047683716,3.094658136367798,5879665,-29398022.32930537,214651716,-0.0709435237794955,134048.34567642852,-0.0535743786738647,0.0180161214569888,-48887.357510646914,3.3552743483900604,75.13936575280951,994.625421653173,3.2890000104904176,3.5030934028852525,3.074906618095582,13.018752916508006,0.8760042180479327,0.0,0.0,3.371166658401489,3.43766667842865,3.3046666383743286,3.9452229311435465,1.092732071734931,1.0,0.0,3.119999885559082,3.539999961853028,3.3299999237060547,12.769841135735364,0.7857145289985051,0.077806294297913,0.9887810251166608,0.0818398201208361,0.0606815928204439,0.0211582273003921,3.354166646798452,3.2469230798574595,3.36785344489766,3.2860136247768232,1.1463415428402095,0.7073171469230525,0.439024395917157,0.265292542570296,23.80201200736764,-0.0290000200271607,64.37626820717507,44.89216124508639,19.48410696208869,3.3899999856948853,3.274999976158142,3.3324999809265137,3.3100000619888306,99.99984992834725,33.81214735166132,36.22279253792532,15.448539834346285,129.8427749759453,3.212500035762787,3.25,96.0,12.0,84.0,3.3796748896484377,3.226444491067664,0.0,0.0,64.6355893541722,0.6498877511504255,0.8832959170501417,0.9399711185645202,27.152243913568054,54.402548008284704,76.31580433357271,85.8187224447036,-23.684195666427293,0.2296029462533839,8.150469774279644,2.490550237033617,1.867310713591996,0.6232395234416208,-11.89612469686166,-13.366088829647833,1.4699641327861723,3.33855095289623,-1.4285700661795464,-1.4388723630732958,25.454547188498758,1.428563725945466,3.130537986755371,4
2022-01-17,3.4600000381469727,3.509999990463257,3.4200000762939453,3.490000009536743,3.130537986755371,3571145,-27414052.88486092,218222861,0.0033860207133844,135305.10540431435,0.0,0.014350710543611,-42590.59453024237,3.3660668607481683,75.36104200874921,1006.157299442824,3.3070000052452087,3.525091701458093,3.088908309032324,13.189700385060227,0.9195483080495276,0.0,0.0,3.39449999332428,3.4660000085830687,3.32299997806549,4.212697917183856,1.1678321386842243,1.0,0.0,3.150000095367432,3.539999961853028,3.34500002861023,11.793161955458716,0.8717949501704988,0.0790256562850528,0.9599569529107986,0.0855214967212707,0.0656495736006093,0.0198719231206614,3.3733333150545755,3.2642307739991407,3.386645224072903,3.3011237273516323,1.1159421391558142,0.7198068233779197,0.3961353157778945,0.2883367324166085,23.846593407072618,-0.0470000147819518,70.30371713417979,49.51601345437349,20.7877036798063,3.3899999856948853,3.289999961853028,3.3399999737739563,3.3100000619888306,99.99992496417362,34.26875114109812,33.388512859532035,14.23975720204389,121.2397163970698,3.2062500715255737,3.25,92.0,8.0,84.0,3.411739904089356,3.226444491067664,0.0,0.0,66.93812111766987,0.7917056090335853,0.8138644533946703,0.8990534568149373,28.302057883614328,63.03130211595319,86.84211351865146,84.21053622238179,-13.157886481348548,0.2477647122214819,7.055215329641844,2.5906783200119987,2.011984234875997,0.5786940851360018,-14.982593752866457,-13.68938981429156,-1.293203938574898,3.3569500118855164,1.1594191681209676,1.1527494082291811,26.909091255881567,-1.1594124070093699,3.094658136367798,0
2022-01-18,3.509999990463257,3.5299999713897705,3.450000047683716,3.450000047683716,3.094658136367798,3900568,-31314620.88486092,214322293,0.0060762774445152,93686.86588867816,0.0512744858006462,0.0227317321574291,-3301.0680216133187,3.3795604520169147,79.86243913382269,1006.157299442824,3.319500005245209,3.5402690977397517,3.0987309127506664,13.301346115119795,0.79555777252138,0.0,0.0,3.409500002861023,3.4800000190734863,3.33899998664856,4.135504687098079,0.7872342943910774,0.0,0.0,3.150000095367432,3.539999961853028,3.34500002861023,11.748753302284957,0.7692309103068987,0.079123083027153,1.0026406192138089,0.0842405170812417,0.0693677622967358,0.0148727547845058,3.3891666531562805,3.277307702944829,3.396392120013028,3.3121516029317863,1.170616166224971,0.6587678935392192,0.5118482726857518,0.3064516099501287,23.97467100629933,-0.0794999957084656,72.2086322663714,53.81182860472812,18.39680366164328,3.3899999856948853,3.294999957084656,3.3424999713897705,3.3100000619888306,99.9999624820868,34.854310217967345,32.80397980841435,13.24749446562482,108.17829792984531,3.192500054836273,3.259999990463257,88.0,4.0,84.0,3.430000066757202,3.226444491067664,0.0,0.0,62.5521465778945,0.4734509531501767,0.6383481044447291,0.7785028249631804,27.92230519183181,55.10916048575941,71.87502095476223,78.34431293566215,-28.12497904523776,0.2541764841360203,5.828222631174283,2.5433774530934907,2.118262878519496,0.4251145745739948,-17.0940668761969,-14.370325226672628,-2.723741649524273,3.3605034489221666,-1.1461307089892236,-1.1527494082291811,25.454547188498758,1.1461241019713952,3.112597942352295,1
2022-01-19,3.5,3.5299999713897705,3.470000028610229,3.470000028610229,3.112597942352295,6258618,-37573238.88486092,220580911,-0.0300871037867638,98184.7765654859,0.009586762694118,0.0197672955068479,-8423.799297273057,3.398226224459545,79.99029782698858,1006.157299442824,3.3325000047683715,3.556542400528921,3.1084576090078224,13.445905202699098,0.8068616173628453,0.0,0.0,3.4231666723887124,3.491666666666667,3.354666678110758,4.002141924930267,0.8418493440413971,0.0,0.0,3.150000095367432,3.539999961853028,3.34500002861023,11.70292170825377,0.8205129302386976,0.0792107670950431,1.0284776348147726,0.0838723347353989,0.0722686767844684,0.0116036579509304,3.4083333214124045,3.2907692469083347,3.4077164136433664,3.3238440789079675,1.1428572401708532,0.7190477606931318,0.4238094794777214,0.3210494071635433,23.910841187079104,0.0174998998641968,74.70187018975389,58.26945877066857,16.43241141908532,3.409999966621399,3.294999957084656,3.352499961853028,3.3100000619888306,99.9999812410434,35.398043646488766,30.51411638775433,12.322760540979216,103.65194395198613,3.192500054836273,3.259999990463257,84.0,12.0,72.0,3.4200000762939453,3.226444491067664,0.0,0.0,63.82833776954591,0.5599589114097541,0.608371824531172,0.6868614607901904,27.984105679954595,48.237964998516354,78.12501629814824,78.94738359052066,-21.87498370185176,0.2439411857548883,7.098765999891815,2.523353464972242,2.199280995810045,0.3240724691621972,-15.664531555696676,-14.629166492477438,-1.0353650632192384,3.366349768057412,0.5797095840604616,0.5780357339155495,26.18181922219014,-0.5797023514058708,3.08568811416626,2
2022-01-20,3.440000057220459,3.4800000190734863,3.375,3.440000057220459,3.08568811416626,8422597,-35567851.36113033,212158314,-0.0120228099182454,48061.57005219318,-0.09038186656051,0.0106383538145889,-36535.96307793499,3.4050285178731525,71.57059825105542,1006.157299442824,3.3445000052452087,3.564543181877213,3.1244568286132046,13.158509570154491,0.7170029842255974,0.0,0.0,3.438666677474976,3.508666682243347,3.368666672706604,4.071345747286722,0.5095241403903875,0.0,0.0,3.150000095367432,3.539999961853028,3.34500002861023,11.66093185450607,0.7435899003409987,0.0817896922928874,1.125912244085275,0.0802349025902087,0.0738619219456164,0.0063729806445922,3.415833334128062,3.305384635925293,3.412683128039842,3.332448225449633,1.036363821581392,0.7909090554418623,0.2454547661395296,0.3301564411317375,23.986191992337176,-0.0045000910758972,78.8490943722921,62.81062906561056,16.038465306681545,3.419999957084656,3.314999938011169,3.3674999475479126,3.3100000619888306,99.9999906205217,34.14800540715818,27.77378777823087,19.34135176913481,58.19210130844402,3.1950000524520874,3.2725000381469727,80.0,8.0,72.0,3.4200000762939453,3.539999961853028,0.0,1.0,60.49787286247781,0.3341998550470375,0.455869906535656,0.567529945170519,27.056076161541597,46.34856085137197,68.75002328306917,72.91668684532655,-31.249976716930828,0.2192794238819795,2.686571795522542,2.4076863963695327,2.240962075921942,0.1667243204475901,-11.659136655602367,-14.035160525102423,2.376023869500056,3.3740136992077465,-0.8645524824904771,-0.8683114184629304,25.09091117165305,0.8645455881043773,3.058778047561645,3
2022-01-21,3.400000095367432,3.430000066757202,3.3299999237060547,3.4100000858306885,3.058778047561645,12986116,-27776169.376622744,199172198,0.0675828861039492,-14459.098307297412,-0.0365775896768751,0.0110706784778875,-186068.6731931955,3.406615905297417,63.47855951789077,1006.157299442824,3.35550000667572,3.5653070722856017,3.1456929410658385,12.505263906569716,0.6298814198572001,0.0,0.0,3.4478333473205565,3.524333357810974,3.3713333368301392,4.437570078604207,0.2527238150208666,0.0,0.0,3.1600000858306885,3.539999961853028,3.350000023841858,11.3246870888492,0.6578949514849396,0.0846107364150391,1.3088531472498497,0.0740775446152754,0.0739050464795482,0.0001724981357272,3.42166668176651,3.315769250576313,3.412270352315357,3.3381928077000818,1.0000000000000009,0.811965799774053,0.1880342002259476,0.3327070041887132,24.09827921079821,-0.0955000162124632,81.84905135101629,67.20983437725009,14.639216973766196,3.434999942779541,3.3249999284744263,3.379999935626984,3.3100000619888306,49.99999531026085,32.30631638941868,25.21866135049319,21.3255373994591,24.841764063870887,3.1950000524520874,3.28000009059906,76.0,4.0,72.0,3.4200000762939453,3.5366999626159674,0.0,0.0,57.2792272539213,0.1160205870981069,0.3367264511849661,0.4669893940839313,25.328217477213443,49.2443315800164,56.66670110491126,67.84724689537623,-43.33329889508874,0.1932352984652801,2.0958135766535384,2.219091253339341,2.2365879114054223,-0.0174966580660811,-3.319399437639789,-11.8920083076099,8.572608869970109,3.3758528618933163,-0.872092177056838,-0.8759171553446299,24.00000312111594,0.872092888489675,3.004957675933838,4
2022-01-24,3.400000095367432,3.400000095367432,3.319999933242798,3.3499999046325684,3.004957675933838,7760722,-29716367.223153047,191411476,0.0392043053072768,-78914.1880102888,-0.0206166606226929,0.0013649459250013,-249803.603941235,3.407434168453312,56.42764974246882,988.4535989264429,3.3620000004768373,3.56245948894151,3.1615405120121647,11.925014184190434,0.4700685262239812,0.0,0.0,3.4485000133514405,3.5250000238418577,3.372000002861023,4.436712204972303,-0.1437914719711723,0.0,1.0,3.1600000858306885,3.539999961853028,3.350000023841858,11.302792265569405,0.4999996862912403,0.0851496780323243,1.7392675418321937,0.0636228759682233,0.0718486123772833,-0.0082257364090599,3.4291666746139526,3.322692320897029,3.402690283441082,3.3390674074728586,0.9649123247310272,0.921052521505768,0.0438598032252589,0.3264908990746064,24.185431512877955,-0.0620000481605531,81.55555434248991,70.95627432653258,10.599280015957332,3.4299999475479126,3.3299999237060547,3.379999935626984,3.3100000619888306,24.999997655130425,30.449237455326912,23.327694896109577,20.559628660174774,-4.4915178062569385,3.1950000524520874,3.3100000619888306,72.0,16.0,56.0,3.4200000762939453,3.528431961059571,0.0,0.0,51.39036783147409,0.0,0.150073480715048,0.3142232794785567,22.002366451013238,47.63870034208568,36.66663752661342,54.027787304864624,-63.33336247338657,0.1623823523521421,2.760733571552012,1.9054085528742208,2.170352039699182,-0.2649434868249611,-2.6976439086960853,-10.053135427827137,7.355491519131052,3.3756213840933964,-1.7595360612286837,-1.7751999096630389,21.81817835027522,1.7595383120625883,2.9511377811431885,0
2022-01-25,3.3499999046325684,3.3499999046325684,3.2149999141693115,3.289999961853028,2.9511377811431885,15166525,-28031185.874242343,176244951,0.0716194230780884,-197639.3943180292,-0.0689842493449556,-0.0076804912040754,-408191.70461065904,3.3932853348059653,46.2065210633189,988.4535989264429,3.3669999957084658,3.554627317073398,3.1793726743435333,11.145074048356388,0.294805912872161,0.0,0.0,3.4353333393732703,3.5183333317438765,3.352333347002665,4.832136166777222,-0.3755023546948692,0.0,1.0,3.1600000858306885,3.539999961853028,3.350000023841858,11.28600761825608,0.3421050485150603,0.0901347092754175,2.3643426855736958,0.0499205290176845,0.0674629957053635,-0.017542466687679,3.428333342075348,3.3288461611821103,3.385353310889074,3.3354327818713894,0.8368201629865093,1.0000001995134278,-0.1631800365269184,0.3104745111082525,24.399415020131222,0.0029998898506162,77.22499997677123,73.47825840773179,3.746741569039443,3.377499938011169,3.34500002861023,3.3612499833106995,3.3100000619888306,12.499998827565213,29.165716685376204,20.807382264117408,26.741451343404144,-64.59772262885328,3.1950000524520874,3.3100000619888306,68.0,12.0,56.0,3.4200000762939453,3.5159260393905645,0.0,0.0,46.26771370524684,0.0,0.0386735290327022,0.1751578203109054,17.4809588554761,50.26095893977106,23.07693436300811,38.80342433151094,-76.9230656369919,0.1130146875100979,-0.3030300184167383,1.496673214013203,2.035616274561986,-0.538943060548783,5.15210014382265,-7.0120883134971805,12.164188457319831,3.3681138631295475,-1.7910431190332088,-1.807276418662851,19.636362249201,1.7910366998405038,2.906287670135498,1
2022-01-27,3.390000104904175,3.400000095367432,3.190000057220459,3.240000009536743,2.906287670135498,13432681,-35067359.37446942,162812270,0.0176594977273283,-265352.8250554339,0.0195421563601093,-0.0003977228765405,-475782.8982348882,3.387855965373667,44.12590187270055,973.431521909352,3.36949999332428,3.548773570359032,3.190226416289528,10.640960224955192,0.1388202156460759,0.0,0.0,3.414666676521301,3.5136666774749754,3.315666675567627,5.798516243730746,-0.3821548752625317,0.0,1.0,3.190000057220459,3.539999961853028,3.365000009536743,10.387295008932943,0.1428570455434104,0.1021212421625731,3.0027091141247264,0.0346275769027988,0.0608959119448506,-0.0262683350420517,3.4175000190734863,3.3303846212533803,3.362991264527177,3.3283636876243783,0.9003832600599836,0.9157087296622608,-0.0153254696022773,0.2850624331759683,24.773333922804664,0.070500063896179,70.35825660997814,74.60304938333643,-4.244792773358284,3.3600000143051147,3.34500002861023,3.352500021457672,3.3100000619888306,6.249999413782606,27.306246487054285,21.267480557586367,22.643262952125788,-78.36973351759998,3.2100000381469727,3.3100000619888306,64.0,8.0,56.0,3.4200000762939453,3.4918519493728644,0.0,0.0,42.46858074813667,0.0,0.0,0.0629156699159167,12.413481617446084,43.67351600019971,14.28570455434104,24.676425481320862,-85.71429544565895,0.0640735233531279,-3.857563217714232,1.040378400700384,1.836568699789666,-0.796190299089282,8.995448791208098,-3.810580892556125,12.806029683764224,3.344885379360081,-1.5197554071740171,-1.5314220434778925,17.818182164972484,1.5197565933474237,2.915257692337036,3
2022-01-28,3.299999952316284,3.309999942779541,3.180000066757202,3.25,2.915257692337036,20900372,-33459638.451392494,183712642,0.008389167510151,-197587.6328077262,-0.0310999397495541,-0.0032764660414005,-139636.6365471315,3.368242389718868,35.201179142731434,973.431521909352,3.368999993801117,3.549543658825206,3.188456328777028,10.717937984938262,0.1704398523613675,0.0,0.0,3.3886666774749754,3.4946666717529298,3.282666683197021,6.256147586456557,-0.1540881366057559,0.0,1.0,3.180000066757202,3.539999961853028,3.3600000143051147,10.685660307456727,0.1944443156689395,0.1049091055485496,3.535740102258313,0.0230490230388848,0.0533265341636574,-0.0302775111247725,3.4016666809717813,3.3319230813246508,3.3456079930614577,3.322558970022573,0.8840580912002827,0.9891305324335632,-0.1050724412332804,0.2545852765310105,25.12809558733485,0.1110000252723693,64.20948422732766,74.58451783002005,-10.375033602692383,3.3550000190734863,3.34500002861023,3.350000023841858,3.3100000619888306,3.124999706891303,25.70125453831856,19.296041250278776,21.257348866007653,-102.9923160679562,3.222500026226044,3.3100000619888306,60.0,4.0,56.0,3.4200000762939453,3.461666760157624,0.0,0.0,43.46837944737306,0.0358976432020008,0.0119658810673335,0.0168798033666785,8.61993891882359,47.09238393066816,19.44443156689396,18.935690161414374,-80.55556843310603,0.0216911680558147,-5.523257385465865,0.6937129858895569,1.6079975570096443,-0.9142845711200874,17.18828657390981,0.3891926007370614,16.79909397317275,3.325627496252032,0.308641680056243,0.3081663593968997,18.181818181818187,-0.30864192466948737,2.9421677589416504,4
2022-01-31,3.309999942779541,3.319999933242798,3.2699999809265137,3.2799999713897705,2.9421677589416504,11072609,-40103203.8513925,194785251,-0.0306424965071191,-121906.8348051774,0.022578194819583,-0.005799038027728,166715.8602665337,3.3625746064606994,37.61157921120844,982.4170350807924,3.3699999928474424,3.5483255817018557,3.1916744039930296,10.583121022723724,0.2476525325505891,0.0,0.0,3.371666669845581,3.475666666030884,3.2676666736602784,6.169055625541166,0.0592947027974749,0.0,0.0,3.180000066757202,3.539999961853028,3.3600000143051147,10.682489491391598,0.2777775938127708,0.1014181883179745,3.914539083869695,0.0161079996604853,0.045882827263023,-0.0297748276025376,3.385000010331472,3.335000001467191,3.335514451265813,3.319406451605328,0.9197080990624064,1.014598701471374,-0.0948906024089675,0.2233790872316177,25.23998820124687,0.1300000071525575,59.43189395425925,73.37653747669555,-13.944643522436294,3.3550000190734863,3.34500002861023,3.350000023841858,3.3100000619888306,1.5624998534456516,24.07174351776749,19.040457183371387,20.172980577616787,-69.09233796963755,3.2300000190734863,3.3100000619888306,56.00000000000001,8.0,48.00000000000001,3.4200000762939453,3.427866756949573,0.0,0.0,46.47363343174401,0.1438008994722234,0.0598995142247413,0.0239551317640249,6.29045372285135,47.22148033892584,27.77775938127708,20.5026318341707,-72.2222406187229,-0.0014853077776288,-5.747127775503971,0.485267468607083,1.3834515393291322,-0.8981840707220492,15.658334725294704,3.4430210256485902,12.215313699646114,3.320316276228517,0.9230760427621608,0.9188417331775112,19.272726232355296,-0.9230767720928839,2.9690778255462646,0
2022-02-01,3.3299999237060547,3.3350000381469727,3.259999990463257,3.309999942779541,2.9690778255462646,7567747,-37580637.55619552,202352998,-0.0150440140197335,-72058.40219229185,0.0024776781087745,-0.0089057864671187,171425.7337515509,3.355005244576472,36.36413339249771,991.4025482522328,3.3734999895095825,3.544060881284945,3.20293909773422,10.111806272758136,0.3138493353632486,0.0,0.0,3.3544999996821083,3.457000009218852,3.2519999901453653,6.111194487789949,0.2829265718916069,0.0,0.0,3.180000066757202,3.539999961853028,3.3600000143051147,10.67140643887063,0.3611108719566021,0.0987763742545486,4.174754337110595,0.0128794690941371,0.0392821556292458,-0.0264026865351086,3.369166672229767,3.339615381681002,3.3315891422679256,3.3187096731737884,0.8618182896385702,1.047272777084486,-0.1854544874459156,0.1944013613245024,25.29296342588025,0.0765000581741333,53.77268466696723,71.32809885453952,-17.55541418757229,3.3550000190734863,3.350000023841858,3.352500021457672,3.245000004768372,0.7812499267228258,22.36023350262313,19.09380294120561,19.05161285034943,-64.07153848983978,3.149999976158142,3.3100000619888306,52.0,4.0,48.0,3.4200000762939453,3.3981227541264887,0.0,0.0,49.37207505209325,0.2478690716038668,0.1425225380926969,0.0714626444615906,5.153717161386628,46.79692551640435,36.11108719566021,27.77775938127709,-63.88891280433979,-0.019352954976699,-5.428573063441685,0.3880866469955513,1.184378560862416,-0.7962919138668647,11.725805553158157,5.099577931150503,6.626227622007652,3.318937423820654,0.9146332820563874,0.9104758428402304,20.36363428289241,-0.9146339981066944,3.0498080253601074,1
2022-02-02,3.390000104904175,3.4600000381469727,3.3399999141693115,3.400000095367432,3.0498080253601074,8210714,-37580621.24298927,210563712,-0.0408994177939469,43802.1571002546,0.1498043669535781,-0.0015297272300734,292469.55742549663,3.349416043917244,36.07137603188334,991.4025482522328,3.375999999046326,3.546575548105157,3.2054244499874947,10.10518655847254,0.5703503416917879,0.0,0.0,3.346833332379658,3.453333361943563,3.240333302815755,6.364226657691412,0.749609146614702,0.0,0.0,3.180000066757202,3.539999961853028,3.3600000143051147,10.663504004665898,0.6111113686621209,0.1038987463658369,4.244014967230483,0.0173827183543608,0.0349022681742688,-0.0175195498199079,3.365000009536743,3.346538461171664,3.342113904283234,3.324731185928873,0.8556700693068925,0.9793812980196352,-0.1237112287127426,0.1731287573641053,25.381151088366032,0.1140000104904173,49.32658161476628,68.50862234620757,-19.18204073144129,3.330000042915344,3.350000023841858,3.340000033378601,3.245000004768372,0.3906249633614129,22.25026228181747,25.96262792021134,17.01451355389817,19.494056726366985,3.149999976158142,3.3100000619888306,48.0,4.0,44.0,3.180000066757202,3.3981227541264887,1.0,0.0,56.91042201569628,0.5185324459801167,0.3034008056854022,0.1686076193342801,6.48213876504031,46.573424800259616,61.11113686621208,41.66666114771646,-38.88886313378792,-0.0037941175348619,-1.44927396015119,0.5228307908900749,1.052069006867948,-0.529238215977873,8.94296512691784,5.868255370303972,3.074709756613869,3.320480041315923,2.719037889538889,2.682728756953656,23.636367104270263,-2.719032795948678,3.0318679809570312,2
2022-02-03,3.380000114440918,3.400000095367432,3.3299999237060547,3.380000114440918,3.0318679809570312,5893501,-35054823.62979187,204670211,-0.0086040460356258,20706.147858733675,-0.0415712777793774,-0.0062530226907871,188584.80575454712,3.34301037029658,31.309289718770444,985.5707742818267,3.378000009059906,3.547776381794476,3.208223636325336,10.051887050279708,0.5058904114535983,0.0,0.0,3.334833335876465,3.442333388328552,3.227333283424377,6.447101946330639,0.7100779373320957,0.0,0.0,3.180000066757202,3.539999961853028,3.3600000143051147,10.657190471589526,0.5555558498995654,0.100508888895391,4.3268059861078365,0.0191173713663319,0.0317452888126814,-0.0126279174463495,3.355833351612091,3.353846155680143,3.3479425519998007,3.3288251806334688,0.8361774849560341,1.0409554253321918,-0.2047779403761577,0.1563792357334487,25.4440425721621,0.0720000386238099,42.32373020685306,64.45024855004766,-22.1265183431946,3.3200000524520874,3.350000023841858,3.3350000381469727,3.245000004768372,0.1953124816807064,21.996699472949484,24.638624337233058,16.87535181568364,-8.126372947228408,3.159999966621399,3.3100000619888306,44.0,12.0,32.0,3.185600066184997,3.3981227541264887,0.0,0.0,54.95228633795229,0.5101732767060458,0.4255249314300097,0.290482758402703,6.971918091081193,49.22603923664355,57.14288633697682,51.45503679961638,-42.85711366302318,0.0031470453037933,-3.151859449720357,0.5742978477077598,0.9565147750359104,-0.3822169273281505,4.729563388148432,5.640516973872864,-0.9109535857244316,3.3227828173105856,-0.5882347166332291,-0.5899716318173542,22.909095070578832,0.5882352021471178,3.0408380031585693,3
2022-02-04,3.390000104904175,3.390000104904175,3.3299999237060547,3.390000104904175,3.0408380031585693,7310375,-27744448.62979187,211980586,0.0596877970531595,28191.50963360475,-0.0041037651267883,-0.0027194074374245,-13039.311863437775,3.339306787605286,32.83428707769272,985.5707742818267,3.384500014781952,3.545431727081466,3.223568302482437,9.50992534180162,0.5170882731676486,0.0,0.0,3.328666671117147,3.431666739781698,3.225666602452596,6.18866824715631,0.7977349169871795,0.0,0.0,3.180000066757202,3.539999961853028,3.3600000143051147,10.636723106027784,0.5833336092808425,0.0964580181256639,4.377432268048466,0.0210562882489471,0.0296074886999346,-0.0085512004509874,3.350833356380462,3.3615384652064395,3.35441294475432,3.333356656505373,0.8694158041815501,1.0206183675000997,-0.1512025633185496,0.1436518891710013,25.48227533359418,0.0855000138282773,36.58859892202312,59.42130939127066,-22.832710469247544,3.3200000524520874,3.3600000143051147,3.340000033378601,3.245000004768372,0.0976562408403532,21.761248293286357,23.530935340243104,16.11667952656888,-13.1726534042381,3.15625,3.3100000619888306,40.0,8.0,32.0,3.191088065624237,3.3981227541264887,0.0,0.0,55.77170501671604,0.543660570148795,0.5241220976116524,0.4176826115756881,7.609984455670777,51.86948622255189,60.00002724784503,59.41801681701131,-39.99997275215497,0.0201176341842201,-1.7391287521814438,0.631684227604439,0.8915486655496161,-0.2598644379451771,2.4505548725790205,5.002524553614096,-2.551969681035076,3.32413274818981,0.2958576959962933,0.2954208984356166,23.272731087424532,-0.2958579416346083,3.0408380031585693,4
2022-02-07,3.299999952316284,3.4100000858306885,3.299999952316284,3.390000104904175,3.0408380031585693,7850977,-22748366.16924143,219831563,0.0830780517434573,24164.15111451836,-0.007005499354418,-0.0032198002484544,21628.30704368872,3.3373773046056767,28.894091796811296,985.5707742818267,3.3890000224113463,3.545192256008044,3.232807788814649,9.217600033272548,0.5032014475681639,0.0,0.0,3.326333340009053,3.4303334077199303,3.222333272298177,6.253135634962774,0.8060900165570887,0.0,0.0,3.180000066757202,3.539999961853028,3.3600000143051147,10.622599371943291,0.5833336092808425,0.0978122296645379,4.419925340650841,0.0223354249718061,0.0281530759543089,-0.0058176509825027,3.3441666960716248,3.3665384696080136,3.3598878924696827,3.3375524674978765,0.8576271526157908,1.013559141764598,-0.1559319891488071,0.1338726654435527,25.58965737373046,0.0510000348091126,33.266318334694525,54.05583872373783,-20.789520389043304,3.3200000524520874,3.3600000143051147,3.340000033378601,3.245000004768372,0.0488281204201766,21.05472434739749,21.61256264388192,17.02617775463704,-20.701269649813344,3.15625,3.3100000619888306,36.0,4.0,32.0,3.196466305074692,3.3981227541264887,0.0,0.0,55.77170501671604,0.6228125280285458,0.5588821249611288,0.5028430513342635,8.129558372187939,60.41314094160727,60.00002724784503,59.0476469442223,-39.99997275215497,0.026529409604914,-2.3054732866412984,0.6692156959123637,0.8470820716221656,-0.1778663757098019,1.0712979548236965,4.216279233856016,-3.1449812790323204,3.324764936747856,0.0,0.0,23.272731087424532,0.0,3.013927698135376,0
2022-02-08,3.3499999046325684,3.4200000762939453,3.3399999141693115,3.359999895095825,3.013927698135376,11822554,-28659660.786184013,208009009,0.0238794845025026,-29956.313397633246,0.0169168366307597,-0.0056739180463034,-104625.10014599796,3.3365600831515447,32.980261976191784,985.5707742818267,3.3885000228881834,3.5449960748339597,3.2320039709424075,9.23689248273262,0.4089429815065456,0.0,0.0,3.3280000050862637,3.43200007279714,3.2239999373753867,6.2500040596112205,0.6538455248823618,0.0,0.0,3.180000066757202,3.539999961853028,3.3600000143051147,10.624166819068815,0.4999996688629874,0.0960310229105475,4.484167821677611,0.0206898837303963,0.0266604375095264,-0.00597055377913,3.337500015894572,3.370384619786189,3.359905123642936,3.339215239912539,0.8644068262351456,1.0203387901791652,-0.1559319639440195,0.1244481011182899,25.72060742834474,0.021500062942505,28.043460342035495,48.5912232087672,-20.5477628667317,3.3200000524520874,3.3600000143051147,3.340000033378601,3.245000004768372,0.0244140602100883,20.52606901310506,21.06562587253832,16.004269320710712,-15.397896461335732,3.1700000166893005,3.3100000619888306,32.0,68.0,-36.0,3.201736979736137,3.3981227541264887,0.0,0.0,52.452073783345895,0.4673973128628104,0.544623470346717,0.5425425643064994,7.66574901451728,59.109883499818366,51.42853639562781,57.1428636304393,-48.57146360437219,0.0378823483691497,-2.3255860695907784,0.6196031775100034,0.8015862927997333,-0.1819831152897298,3.4337840179289065,4.059780190670595,-0.6259961727416883,3.325006286658359,-0.8849619138639464,-0.8889009583910923,22.18181436712092,0.8849634539966047,3.022897720336914,1
2022-02-09,3.4200000762939453,3.4200000762939453,3.3350000381469727,3.369999885559082,3.022897720336914,20489792,-32275587.57059761,228498801,-0.0473737110273956,3594.2634583309555,-0.001037076541892,-0.0064327637060184,-43643.63258905549,3.335473174354962,39.25486674859714,985.5707742818267,3.3850000143051147,3.5398548312895493,3.23014519732068,9.149472161300642,0.4515671225534418,0.0,0.0,3.337000012397766,3.4360000848770142,3.237999939918518,5.933477501434751,0.6666659040488742,0.0,0.0,3.180000066757202,3.539999961853028,3.3600000143051147,10.63515195197799,0.5277774282442645,0.09492792443419,4.511214076325195,0.0199625799032219,0.0253208659882655,-0.0053582860850436,3.334166665871938,3.375384615017817,3.3614581639377272,3.3414955840345053,0.8614866290760295,1.033783568266766,-0.1722969391907365,0.1160131535006295,25.765206501379403,-0.0350001096725463,24.874533391358295,43.537476184476105,-18.662942793117807,3.3200000524520874,3.3600000143051147,3.340000033378601,3.245000004768372,0.0122070301050441,19.947661413001043,19.711883913437887,15.35379427584051,-11.702042786174648,3.1700000166893005,3.3100000619888306,28.000000000000004,64.0,-36.0,3.206902240904354,3.3981227541264887,0.0,0.0,53.44675934950462,0.6089079111783603,0.5663725840232388,0.5566260597770282,7.542692648111777,58.74149581178045,63.33328300051419,58.25394888132902,-36.66671699948581,0.0286029521156763,-1.1730263714014617,0.5974145229639718,0.760751938832581,-0.1633374158686091,11.758623349943734,5.599548822525224,6.159074527418511,3.327524132412201,0.2976187730794999,0.2971767651908541,22.545450383966624,-0.29761902407571483,2.9959876537323,2
2022-02-10,3.400000095367432,3.4100000858306885,3.319999933242798,3.3399999141693115,2.9959876537323,16147982,-41246707.693918094,212350819,-0.081715897270202,-66124.77389322048,-0.0069668531887782,-0.0004745484651805,-82768.98183577639,3.33266445957143,37.38323192869148,976.7971552803104,3.378000009059906,3.5276128951051904,3.2283871230146213,8.858074934518527,0.3730052741610354,0.0,0.0,3.345000004768372,3.4320000886917112,3.257999920845032,5.20179873239577,0.4712638748517429,0.0,0.0,3.180000066757202,3.539999961853028,3.3600000143051147,10.657190471589526,0.4444441501004333,0.0944351472495601,4.521298128962895,0.0167721010684651,0.0236111130043054,-0.0068390119358402,3.333333333333333,3.375,3.358156894742586,3.341384793674121,0.914675832348739,1.0068257641594494,-0.0921499318107104,0.1066098123888988,25.78059439880028,-0.088000047206878,20.80981498388825,38.71529071298284,-17.905475729094587,3.3600000143051147,3.3600000143051147,3.3600000143051147,3.245000004768372,0.006103515052522,19.14028580904056,18.366065515715132,15.443435969401362,-26.19185122539341,3.2049999833106995,3.3100000619888306,24.0,60.0,-36.0,3.2119641968492063,3.3981227541264887,0.0,0.0,50.06316364842061,0.5127786216028929,0.5296946152146879,0.5468968898615479,6.515192562453585,54.39891470854435,57.142808485999296,57.30154262738045,-42.857191514000704,0.0237500120611753,-0.2985071865055365,0.5019506014457823,0.7089916713552213,-0.207041069909439,14.24406642180316,7.328452342380811,6.91561407942235,3.3286180383369914,-0.8902068963955956,-0.8941929114742564,21.454542333429515,0.8902076449220715,2.915257692337036,3
2022-02-11,3.2699999809265137,3.3299999237060547,3.240000009536743,3.25,2.915257692337036,5528522,-45546669.24947365,206822297,-0.0932614809103207,-127759.3069774962,-0.1302336681652387,-0.0071642683572064,-292722.46085065923,3.325925246999191,39.30358641765099,950.4762982757616,3.365500009059906,3.5140227903993013,3.216977227720511,8.826194083468893,0.1111707307851564,0.0,0.0,3.3476666688919066,3.430666756629944,3.264666581153869,4.958682924397049,-0.0883528051208802,0.0,1.0,3.180000066757202,3.5299999713897705,3.3550000190734863,10.399640579122588,0.1999998637607748,0.0949916229878609,4.621698620829679,0.0069018227762356,0.0202692549586914,-0.0133674321824558,3.3300000031789145,3.371538464839642,3.341517372474496,3.33461554969826,0.8900345354429081,1.0274913661392733,-0.1374568306963651,0.0914680882879582,25.75486147981209,-0.1254999995231629,15.13426756849358,33.793332225675535,-18.65906465718196,3.350000023841858,3.3600000143051147,3.3550000190734863,3.245000004768372,0.003051757526261,18.41278658622036,16.978957230223696,20.31910979148808,-112.86324091720302,3.2250000834465027,3.3100000619888306,20.0,56.00000000000001,-36.00000000000001,3.216924913675161,3.3981227541264887,0.0,0.0,41.56230735356837,0.0,0.3738955109270843,0.4899875700550036,2.9264294151547245,47.9347965864075,24.99997871262469,48.492023399712735,-75.0000212873753,0.0063970635919008,-1.2158043257392197,0.2069750672415643,0.6085883505324899,-0.4016132832909256,8.605897905124378,7.583941454929523,1.0219564501948533,3.328290804046307,-2.694608277907551,-2.7315784949151656,18.181818181818187,2.694602606078604,2.9511377811431885,4
2022-02-14,3.259999990463257,3.319999933242798,3.240000009536743,3.289999961853028,2.9511377811431885,11062035,-42781160.49947353,217884332,-0.0651703785829029,-46296.40912115985,-0.0036159643054909,-0.0059499329059777,-12824.018221983975,3.321556511192332,45.57262395395318,950.4762982757616,3.3575000047683714,3.5041799843916808,3.210820025145062,8.73745223618718,0.2699071029028934,0.0,0.0,3.347000002861023,3.433000087738037,3.260999917984009,5.138935452853367,0.1686047398121233,0.0,0.0,3.180000066757202,3.5299999713897705,3.3550000190734863,10.424420078495706,0.3142855001955045,0.0934924530596803,4.560240881330834,0.0022809256549161,0.0166715890979364,-0.0143906634430203,3.334166665871938,3.3726923098930945,3.33359161699427,3.331310691339354,0.9031143227298436,1.020761216557891,-0.1176468938280472,0.0753247578214315,25.80482001701203,-0.1075000047683714,10.499337559941567,28.98518254711713,-18.485844987175568,3.350000023841858,3.3600000143051147,3.3550000190734863,3.245000004768372,0.0015258787631305,17.737251593601602,15.94166172420111,19.07775433088466,-89.83452635935276,3.227500081062317,3.3100000619888306,16.0,52.0,-36.0,3.2217864161645977,3.3981227541264887,0.0,0.0,45.954731104671325,0.2861865348153435,0.2663217188060787,0.389970614982617,1.1953503403867864,47.75023262071458,39.28568083412468,40.47615601091623,-60.71431916587533,-0.0106617675108067,1.5432084002812592,0.0684693163218307,0.5005645436903581,-0.4320952273685273,8.01668305112004,7.670489774167628,0.3461932769524125,3.328035089191829,1.2307680570162294,1.2232556840809927,19.636362249201,-1.2307690294571785,2.906287670135498,0
2022-02-15,3.240000009536743,3.2799999713897705,3.220000028610229,3.240000009536743,2.906287670135498,5987962,-44777147.8328068,211896370,-0.0835676316871896,-82453.75274266906,-0.0300602536685123,-0.0031696475005175,45145.61696143073,3.322248058237868,48.429769990774126,936.0313833388084,3.345000004768372,3.4869155287446345,3.203084480792109,8.485233110550618,0.1300616300116994,0.0,0.0,3.341500004132589,3.426000078519185,3.256999929745992,5.057613304329882,-0.100591155289832,0.0,1.0,3.180000066757202,3.5299999713897705,3.3550000190734863,10.463375310422594,0.1714284546520927,0.0911432010779921,4.450413260894674,-0.005354028977103,0.0122664654829285,-0.0176204944600315,3.333333333333333,3.370384619786189,3.3191929081546503,3.3245469371317533,0.9528987022087566,1.0072461940291026,-0.054347491820346,0.0561286794316873,25.767560349884302,-0.0650000333786011,5.647961224261689,24.132002503727733,-18.484041279466044,3.3200000524520874,3.3600000143051147,3.340000033378601,3.245000004768372,0.0007629393815652,17.401711991223834,15.073882319126897,19.59453953978926,-116.3413426264188,3.227500081062317,3.3100000619888306,12.0,48.0,-36.0,3.2217864161645977,3.4600000381469727,0.0,1.0,41.73216211897927,0.0110668162930799,0.0990844503694744,0.2464338933675458,-1.6256390927307924,43.13627425612672,21.428553182249736,28.57140424299972,-78.57144681775027,-0.0372500012902654,-0.3076920142540564,-0.1610453718461318,0.3682425605830601,-0.5292879324291919,3.629244100589652,6.8622406394520326,-3.2329965388623805,3.325232093411918,-1.5197554071740171,-1.5314220434778925,17.818182164972484,1.5197565933474237,2.9511377811431885,1
2022-02-16,3.2699999809265137,3.305000066757202,3.25,3.289999961853028,2.9511377811431885,6672829,-41744064.778915495,218569199,-0.0495354081118558,-23011.62637732761,0.0226666032000574,-0.0029464727262355,11973.281389878292,3.3245787412343555,55.480737403464445,936.0313833388084,3.337000000476837,3.4722183972004044,3.2017816037532696,8.104189194141174,0.3262069372117562,0.0,0.0,3.3296666701634727,3.4076667388280235,3.251666601498922,4.6851577885254985,0.2457264526199543,0.0,0.0,3.180000066757202,3.5299999713897705,3.3550000190734863,10.488459831661835,0.3142855001955045,0.0885288866922388,4.075799466950747,-0.0072862162792128,0.0083559291305002,-0.0156421454097131,3.334166665871938,3.3673076996436486,3.3147016856467086,3.321987901925921,0.9838056914637308,1.0202427891446433,-0.0364370976809125,0.0385437489934798,25.685844223736925,-0.0270000576972959,1.93224509219824,19.644059713210527,-17.711814621012287,3.3200000524520874,3.3600000143051147,3.340000033378601,3.245000004768372,0.0003814696907826,16.630298789943485,16.281266872579664,18.582978994226057,-67.45142398613841,3.227500081062317,3.3100000619888306,8.0,44.0,-36.0,3.2217864161645977,3.4552000379562378,0.0,0.0,46.978796369568336,0.3529090794040893,0.2167208101708375,0.1940423264487969,-2.388820666489441,42.75672230341211,39.28568083412468,33.33330495016637,-60.71431916587533,-0.0598235347691704,0.3048777606854728,-0.2193330166852415,0.2507274451293998,-0.4700604618146413,0.5224413063379069,5.594280772829208,-5.071839466491301,3.322753559292995,1.5432084002812596,1.5314220434778925,19.636362249201,-1.5432096233474226,2.924227714538574,2
2022-02-17,3.2799999713897705,3.289999961853028,3.240000009536743,3.259999990463257,2.924227714538574,5696323,-42883329.37891553,212872876,-0.0252882001770982,-44137.04075583713,-0.0109720215678967,-0.0015087642846885,51033.55158284518,3.334322701034844,62.095822091783226,927.496150802126,3.3264999985694885,3.45096289851962,3.2020370986193574,7.483114384707925,0.2328520863129639,0.0,0.0,3.3189999977747595,3.395000044504801,3.2429999510447183,4.57969549749901,0.1118422958272915,0.0,0.0,3.180000066757202,3.4800000190734863,3.330000042915344,9.018486470623618,0.2666664547390071,0.0846759932546434,3.765488127369884,-0.0111101645466686,0.0044627103950664,-0.0155728749417351,3.3300000031789145,3.360384620152987,3.30628604023387,3.3173962047805388,0.9826840094921498,0.9567098173074852,0.0259741921846646,0.020956726485623,25.61125232654012,0.0735000967979435,-1.8474458831052891,15.37338806819626,-17.22083395130155,3.3200000524520874,3.3600000143051147,3.340000033378601,3.245000004768372,0.0001907348453913,16.073732934663628,15.613540177254189,18.641093805610037,-81.38666451823009,3.262500047683716,3.3100000619888306,4.0,40.0,-36.0,3.2217864161645977,3.4504960377693177,0.0,0.0,44.39576677624287,0.1846128651661803,0.1828629202877831,0.1662227269426983,-3.823458766437482,43.59682467680438,16.666650109821706,25.793628042065382,-83.3333498901783,-0.0803382431759551,-1.5105726036447358,-0.3349061692015674,0.1336007222632063,-0.4685068914647738,-2.885656659690399,3.8982932863252873,-6.783949946015687,3.3179371457690765,-0.9118532443044168,-0.9160360729221216,18.54545419866389,0.9118539560084571,2.7448270320892334,3
2022-02-18,3.0999999046325684,3.164999961853028,2.900000095367432,3.059999942779541,2.7448270320892334,24571882,-37783518.16059426,188300994,-0.0097981030720165,-739885.688030523,-0.2507437467970115,-0.0210317601144453,-1559419.893215015,3.288053842853008,48.75898708760002,927.496150802126,3.3074999928474424,3.467734245985464,3.1472657397094213,9.68914609127934,-0.272306935692183,0.0,1.0,3.286166659990946,3.382666675249736,3.1896666447321573,5.873105368250267,-0.6718480904116026,0.0,1.0,2.900000095367432,3.4600000381469727,3.180000066757202,16.931215237809692,0.2857140424299959,0.1122083834387615,4.301116811055992,-0.0299339436079439,-0.0024166204055356,-0.0275173232024083,3.301666657129924,3.3442307710647583,3.268395871394743,3.298329815002687,0.7404847105286256,1.0069202405238142,-0.2664355299951886,-0.0076438417388336,25.92119181342585,0.0725001215934755,-10.29665764403716,10.53305740389274,-20.829715047929906,3.1600000858306885,3.22000002861023,3.190000057220459,3.22000002861023,9.536742269565744e-05,18.59891569103808,11.846382732536018,36.93055073288514,-299.4787452298298,3.2975000143051147,3.3100000619888306,8.0,100.0,-92.0,3.2217864161645977,3.445886117586136,0.0,0.0,31.830641363681224,0.0,0.1791739815234231,0.1929192373273479,-10.14202645651192,44.399899682052656,28.57140424299959,28.174578395648663,-71.42859575700041,-0.124073527841007,-10.000004207386583,-0.9075485256746408,-0.074629127324363,-0.8329193983502777,9.492241812400204,5.017082991540271,4.475158820859933,3.2681274764522965,-6.134970805791173,-6.331229518844195,11.272725191983302,6.134976477974092,2.807617425918579,4
2022-02-21,3.009999990463257,3.140000104904175,3.009999990463257,3.130000114440918,2.807617425918579,14349295,-25641802.95806703,202650289,0.0093820201548591,-490694.43070905725,0.0385036849775153,-0.0184584739095352,-1179225.1296162975,3.268942894101178,50.8700221032209,948.7134354379032,3.293499994277954,3.4640608443973995,3.1229391441585084,10.357422220481178,0.0206992703116357,0.0,0.0,3.258833328882853,3.357333342234293,3.1603333155314126,6.045108995200243,-0.1539756191822438,0.0,1.0,2.900000095367432,3.4600000381469727,3.180000066757202,17.00318638993383,0.4107143617406256,0.1139875565389771,4.57155293478298,-0.0387567318156376,-0.009684642687556,-0.0290720891280816,3.2808333237965903,3.330000006235563,3.2471042164787702,3.285860948294408,0.8300001637140125,1.033333126703997,-0.2033329629899841,-0.0382833482561333,26.181338125519904,0.0965001106262208,-17.152378742966523,5.511297505559183,-22.663676248525704,3.1600000858306885,3.215000033378601,3.1875000596046448,3.22000002861023,4.768371134782872e-05,20.943728250528643,10.830193377185504,33.762627376929544,-208.6113497290209,3.319999992847442,3.3100000619888306,4.0,96.0,-92.0,3.2217864161645977,3.424050676697388,0.0,0.0,38.40186870820624,0.2620129512176193,0.1488752721279331,0.1703040579797131,-12.703444899001266,50.912420495275626,41.07143617406257,28.769830175627963,-58.92856382593744,-0.160220572527717,-7.396449453711106,-1.1795000587518811,-0.2956033136098667,-0.8838967451420144,10.725079992487816,6.15868239172978,4.566397600758037,3.253497527305012,2.287587351972053,2.2618143849861827,13.81818597966975,-2.287590186750407,2.816587448120117,0
2022-02-22,3.059999942779541,3.1600000858306885,3.059999942779541,3.140000104904175,2.816587448120117,8062702,-20804174.068886213,210712991,0.0391233349276896,-409077.0915923232,0.0434097858128116,-0.0260580868481614,354012.06331912416,3.2539082060560784,50.58029521410112,951.7444657765192,3.2830000042915346,3.4638977645544657,3.1021022440286035,11.020271704322983,0.10474939219946,0.0,0.0,3.2335000038146973,3.334000015258789,3.1329999923706056,6.216175124510752,0.0348264265495303,0.0,0.0,2.900000095367432,3.4600000381469727,3.180000066757202,17.057567531145573,0.4285714893925004,0.1125888151901942,4.91941692640258,-0.0444297805247035,-0.0166336702549855,-0.027796110269718,3.259999990463257,3.3180769315132728,3.230626660851909,3.275056441376613,0.8241381090687141,1.120689558784454,-0.2965514497157397,-0.0683378856888323,26.304255775871702,0.1070001006126402,-23.26429174212373,0.162539157394513,-23.426830899518244,3.15500009059906,3.215000033378601,3.1850000619888306,3.22000002861023,2.384185567391436e-05,22.786980451385045,11.438572387223616,31.52260406158074,-156.6000822584875,3.3324999809265137,3.3100000619888306,8.0,92.0,-84.0,3.2217864161645977,3.4030886534441893,0.0,0.0,39.30202240594216,0.3120738974065524,0.1913622828747238,0.1731371788420267,-14.310888277107964,56.04000481826928,46.1538496807483,38.59889669927016,-53.846150319251706,-0.1821911601459276,-7.374631040227261,-1.3566111399908671,-0.5078048788860668,-0.8488062611048003,7.227190108957317,6.372383935175288,0.8548061737820296,3.243759348793088,0.3194885015217696,0.3189792214479459,14.181821996515453,-0.3194887636303747,2.807617425918579,1
2022-02-23,3.109999895095825,3.180000066757202,3.109999895095825,3.130000114440918,2.807617425918579,3855004,-22456299.88312453,206857987,0.0257517328966487,-356144.6503985366,0.0635538554989927,-0.0185491487568492,13482.335117920522,3.2463898529649726,54.06158680186747,948.7134354379032,3.275000011920929,3.4677174048415305,3.082282619000328,11.769001051548964,0.1238017355814109,0.0,0.0,3.2100000063578285,3.309000031153361,3.110999981562297,6.168225831741398,0.0959602430295482,0.0,0.0,2.900000095367432,3.4600000381469727,3.180000066757202,17.09923483179093,0.4107143617406256,0.1083299508373124,5.262387237648044,-0.0491658745585081,-0.02314011111569,-0.0260257634428181,3.2383333245913186,3.3042307817018948,3.215145653711757,3.264311528270265,0.8655173581788377,1.0655172266376227,-0.199999868458785,-0.0971972582705828,26.313056499998247,0.0849998831748961,-30.262350130937588,-5.512145855363913,-24.750204275573672,3.115000009536743,3.215000033378601,3.165000021457672,3.22000002861023,1.192092783695718e-05,24.16113607908972,12.25464970623307,30.02110144867065,-116.64481458036587,3.3399999737739563,3.3100000619888306,4.0,88.0,-84.0,3.2217864161645977,3.382965111121119,0.0,0.0,38.69309256362165,0.2866393615335685,0.2869087367192467,0.2090487639073012,-15.75431876463617,53.79106157968487,44.23077452112247,43.81868679197779,-55.76922547887754,-0.2023676402428571,-7.669616000516504,-1.5061636774772176,-0.707476638604297,-0.7986870388729206,1.111042061367586,5.320115560413747,-4.209073499046161,3.232565873980484,-0.318471023221889,-0.3189792214479459,13.81818597966975,0.31847128366366917,2.735857009887696,2
2022-02-24,3.049999952316284,3.109999895095825,3.039999961853028,3.049999952316284,2.735857009887696,6440887,-27056933.454553176,200417100,0.0382370066576982,-378877.1295168094,-0.0760764627393466,-0.0236900557291748,-176900.708187804,3.2325132446508973,51.837657555499085,948.7134354379032,3.265500009059906,3.4815069502625344,3.0494930678572776,13.229639602102708,0.0011733059506895,0.0,0.0,3.18100000222524,3.2780000050862625,3.083999999364217,6.098711272754935,-0.1752579693046332,0.0,1.0,2.900000095367432,3.4600000381469727,3.180000066757202,17.148979979355662,0.2678569147781211,0.1064969710123702,5.855881654732015,-0.0586979739902804,-0.0302516836906081,-0.0284462902996722,3.212499996026357,3.288846162649301,3.189738622727838,3.2484365967181184,0.8074324699846459,1.091216164513893,-0.283783694529247,-0.1285662721513028,26.295030256643475,0.104499876499176,-37.90227459182776,-11.405094984288503,-26.49717960753925,3.1100000143051147,3.215000033378601,3.162500023841858,3.22000002861023,5.96046391847859e-06,25.885233632008926,11.496428753600068,32.97589471202091,-147.73018306963053,3.3424999713897705,3.3100000619888306,4.0,100.0,-96.0,3.2217864161645977,3.3636465104909714,0.0,0.0,34.136434111266425,0.0963112074301224,0.2316748221234144,0.2366486139057949,-18.532084871775385,51.0314870538675,28.84612739438738,39.7435838654194,-71.15387260561262,-0.2341911799767437,-9.226189061255909,-1.8069607407324104,-0.9273734590299196,-0.8795872817024909,-1.968930053224095,3.862306437686179,-5.831236490910274,3.211250122725952,-2.555915629380845,-2.58914661293399,10.909089175137598,2.555918600890024,2.735857009887696,3
2022-02-25,3.059999942779541,3.125,2.970000028610229,3.049999952316284,2.735857009887696,15195997,-26566752.067069035,215613097,0.0338235286493001,-324751.8253001224,-0.0280500575873008,-0.025193238460095,-164623.6375037591,3.207802311752751,49.775651045526,948.7134354379032,3.25550000667572,3.4910822710593323,3.019917742292108,14.472877524222264,0.0638465083585236,0.0,0.0,3.158500003814697,3.262000012397766,3.054999995231628,6.5537444013339305,-0.0241547946893697,0.0,1.0,2.900000095367432,3.4600000381469727,3.180000066757202,17.201656938448966,0.2678569147781211,0.1113472710501103,6.352328655509052,-0.0654972202802413,-0.0373007910085347,-0.0281964292717065,3.1858333349227905,3.272692313561073,3.168240365741445,3.2337375860216864,0.7868852945977021,1.0918031566920707,-0.3049178620943686,-0.1600820427513415,26.2960602849193,0.0844999074935914,-44.13411114191065,-17.475478173383195,-26.658632968527456,3.102500081062317,3.190000057220459,3.146250069141388,3.22000002861023,2.980231959239295e-06,27.87161370151421,10.312973511285064,34.2302693981854,-134.49381385225172,3.352499961853028,3.3100000619888306,4.0,96.0,-92.0,3.2217864161645977,3.3451006538860297,0.0,0.0,34.13643411126644,0.1066700667112122,0.163206878558301,0.227263479133654,-20.68611950080504,49.269017132239945,28.84612739438738,33.974343103299084,-71.15387260561262,-0.223838241661296,-9.495547302955174,-2.025433992027146,-1.146985565629365,-0.8784484263977808,2.6571679028923474,3.621278730727413,-0.9641108278350656,3.197918559927931,0.0,0.0,10.909089175137598,-1.4210854715202004e-14,2.771737098693848,4
2022-02-28,3.039999961853028,3.1050000190734863,3.0199999809265137,3.0899999141693115,2.771737098693848,9847958,-20194566.69758211,225461055,0.0982826915758799,-222084.7153529313,0.0129468399059917,-0.0254768096547213,129153.4263897478,3.186376314931509,48.78923778258106,961.15556718225,3.246000003814697,3.4919593694513824,3.0000406381780125,15.154612775578164,0.1828742641257682,0.0,0.0,3.137333337465922,3.2413333574930823,3.0333333174387613,6.629835522110193,0.2724355087419754,0.0,0.0,2.900000095367432,3.4600000381469727,3.180000066757202,17.25200068149812,0.3392854253856203,0.1087125477597965,6.675717817077792,-0.0668869778777727,-0.0432180283823823,-0.0236689494953903,3.165000001589457,3.259230769597567,3.156203373191886,3.2230903510696587,0.7941176699748659,1.1111109725963637,-0.3169933026214976,-0.1877440245782463,26.211399202918336,0.0039999961853025,-50.63960308080424,-23.72965198505719,-26.90995109574705,3.102500081062317,3.180000066757202,3.1412500739097595,3.22000002861023,1.4901159796196476e-06,29.716109480340545,9.721937559715188,32.268534518898505,-102.08054763469656,3.3674999475479126,3.3100000619888306,28.000000000000004,92.0,-64.0,3.2217864161645977,3.327296631545286,0.0,0.0,38.34668108062672,0.3014435673056072,0.1681416138156472,0.1876744381657875,-21.1942199134873,52.33087405600383,36.53842803289072,31.41022760722184,-63.46157196710929,-0.2181764855104337,-7.4850301324686495,-2.0752436510374195,-1.332637182710976,-0.7426064683264435,2.000232856676894,3.297069555917309,-1.2968366992404152,3.188996248718255,1.3114741796192542,1.3029488147417112,12.363633242520413,-1.3114752955464155,2.798647165298462,0
2022-03-01,3.109999895095825,3.150000095367432,3.0999999046325684,3.119999885559082,2.798647165298462,7290803,-21652755.109682336,232751858,0.0787386055776134,-159112.05867273355,0.0428623832097643,-0.0223411339581744,199937.8559961974,3.1556429715438417,43.43999773786079,970.48716599051,3.2365000009536744,3.4864820340071474,2.9865179679002014,15.447676995508278,0.266983022796538,0.0,0.0,3.125,3.228000044822693,3.0219999551773067,6.59200286865236,0.4757276103640291,0.0,0.0,2.900000095367432,3.4600000381469727,3.180000066757202,17.302639969551358,0.3928568083412446,0.1038413111036289,6.88247484630677,-0.0648204144273352,-0.0475385055913729,-0.0172819088359622,3.154166658719381,3.248076915740967,3.1506336058637623,3.215454020291097,0.8405314593587568,1.0764117780315976,-0.2358803186728407,-0.2095545036791904,26.063018388636426,0.0534999608993533,-55.12995242090505,-30.06989615317978,-25.06005626772527,3.09500002861023,3.180000066757202,3.137500047683716,3.22000002861023,7.450579898098238e-07,30.636272740579244,12.447114946955583,30.92141098110926,-63.11611002922587,3.379999935626984,3.3100000619888306,24.0,88.0,-64.0,3.2217864161645977,3.310204770098172,0.0,0.0,41.37360475636147,0.5234033582214626,0.3105056640794272,0.2139513854844585,-20.698232395319263,55.34909883775512,43.137214569712846,36.173923332330325,-56.862785430287154,-0.2069411950952866,-4.000003521259014,-2.0159023894693098,-1.4692902240626426,-0.5466121654066671,-0.5643768424367247,2.5247802762465024,-3.089157118683227,3.186139683298488,0.9708728874782356,0.9661902008876844,13.45454129305752,-0.9708737028953749,2.789677143096924,1
2022-03-02,3.0899999141693115,3.130000114440918,3.0799999237060547,3.109999895095825,2.789677143096924,9081901,-19836426.876538467,223669957,0.0873412933886629,-149355.89648923487,-0.0110109421036336,-0.0226299974520927,41675.79924764799,3.1280254051460736,46.14058693590496,970.48716599051,3.221999990940094,3.46593443883485,2.978065543045337,15.14180313970657,0.2704299314613608,0.0,0.0,3.107499996821086,3.210000054041545,3.004999939600627,6.596946569609957,0.5121946189228093,0.0,0.0,2.900000095367432,3.4200000762939453,3.1600000858306885,16.13904352540954,0.4038457835214237,0.0984571990667523,7.0146668648193895,-0.0632603378643485,-0.050682872045968,-0.0125774658183805,3.1391666531562805,3.2388461461434,3.1443822657456177,3.2076426036099663,0.8327644923444066,1.0853240326800937,-0.252559540335687,-0.226726745229266,25.764826144424376,0.0180000185966493,-62.19680334775157,-36.77538031591825,-25.42142303183332,3.040000081062317,3.180000066757202,3.1100000739097595,3.22000002861023,3.725289949049119e-07,31.62765862147013,11.997617752200556,31.24925519073185,-64.56576741456882,3.379999935626984,3.3100000619888306,20.0,84.0,-64.0,3.2217864161645977,3.293796583108942,0.0,0.0,40.65705823772968,0.5826727327927523,0.4691732194399406,0.3159401657783384,-20.498577675463228,51.91706369595689,48.83718222394717,42.837608275516914,-51.16281777605284,-0.2037647170179033,-5.471126712591847,-1.972175384912076,-1.569867256232529,-0.4023081286795469,-1.1699029725915102,1.7858436264789002,-2.9557465990704106,3.1797220753317688,-0.3205125266042996,-0.3210272681712478,13.090905276211815,0.320512793208124,2.879377603530884,2
2022-03-03,3.220000028610229,3.2699999809265137,3.1600000858306885,3.2100000381469727,2.879377603530884,8658462,-20623559.785629377,232328419,0.0700804514514736,-4326.848618926437,0.1397475675714912,-0.0033456234708977,249298.9155605033,3.1275523460958543,51.5956400573354,1001.69258679499,3.2134999871253966,3.446418441908337,2.9805815323424567,14.496247438376043,0.4924867503914929,0.0,0.0,3.102500001589457,3.211000053087871,2.993999950091044,6.994362703808357,0.9953916384043706,0.0,0.0,2.900000095367432,3.4200000762939453,3.1600000858306885,16.181732783875745,0.5961537579812911,0.1046114877431459,6.945331146573774,-0.0533399207369669,-0.0512142817841678,-0.002125638952799,3.1366666555404663,3.2357692260008597,3.154477307653518,3.2078172283904856,0.918032674115432,0.9508193543253094,-0.0327866802098775,-0.2337161902076825,25.360461707602585,0.0764999747276311,-65.84235660676423,-42.947124645110144,-22.895231961654083,3.120000004768372,3.180000066757202,3.150000035762787,3.22000002861023,50.0000001862645,30.47189105289813,20.35387215054204,27.79072621059927,1.5872013397953677,3.3612499833106995,3.3100000619888306,16.0,80.0,-64.0,3.2217864161645977,3.278044723599282,0.0,0.0,49.98538368361338,1.0,0.7020253636714049,0.4939014157302576,-17.345016285519353,52.02221709596965,73.80953867690124,55.26131182352043,-26.190461323098766,-0.1670882267110487,-0.9259250401687472,-1.6628104701504485,-1.5884558990161133,-0.0743545711343351,-1.9884337345851684,1.0309881542660864,-3.0194218888512547,3.1801526954877075,3.215438791777392,3.1648256565820265,16.727274114435374,-3.2154423552533444,2.9421677589416504,3
2022-03-04,3.240000009536743,3.3299999237060547,3.220000028610229,3.2799999713897705,2.9421677589416504,14863907,-19272295.51290205,247192326,0.0396863474737647,144930.2008590853,0.0444027765479495,8.428659006230148e-05,602542.2765617962,3.1310605334289807,52.95750250097898,1001.69258679499,3.2079999804496766,3.4288709779821467,2.9871289829172065,13.770012398909667,0.6629910484954215,0.0,0.0,3.125999999046326,3.219000053405762,3.03299994468689,5.9500994489960535,1.3279563566073302,1.0,0.0,2.900000095367432,3.4200000762939453,3.1600000858306885,16.209475813451316,0.7307690191550993,0.1061503275247395,6.891775531685954,-0.0393756115524195,-0.0488465477378181,0.0094709361853986,3.1358333230018616,3.2373076860721293,3.173788486689865,3.2131640982422844,0.9520765181581172,0.9009582289332156,0.0511182892249014,-0.2289432929162119,25.06639488711352,0.0520000100135802,-61.614113402578894,-47.88731738506708,-13.726796017511816,3.149999976158142,3.180000066757202,3.165000021457672,3.22000002861023,75.00000009313226,28.698161569437246,22.78652969289742,25.51031643610712,45.11196788319641,3.352500021457672,3.3100000619888306,12.0,76.0,-64.0,2.900000095367432,3.278044723599282,1.0,0.0,55.284183047046525,1.0,0.8608909109309174,0.6773631646807544,-12.869576867578726,54.05682693683104,88.37209947048875,70.33960679044573,-11.627900529511251,-0.1159999973633709,-0.303951081434815,-1.2254466422664,-1.5158540476661708,0.2904074053997707,2.3707257230191363,1.2989356680166964,1.07179005500244,3.19456518811361,2.1806832526770403,2.157246464770468,19.272726232355296,-2.1806849971247004,3.103627920150757,4
2022-03-07,3.390000104904175,3.5199999809265137,3.359999895095825,3.4600000381469727,3.103627920150757,46283665,-7701327.536903338,293475991,0.0597316940029989,1314377.713560356,0.0570395798572665,0.006305703270475,2864092.9204097986,3.207994451814697,67.66527584691815,1001.69258679499,3.211499977111816,3.445617457023176,2.9773824972004563,14.57994591810072,1.0307165896567014,1.0,0.0,3.1613333225250244,3.2573333740234376,3.0653332710266112,6.073390035425678,2.055554976066263,1.0,0.0,2.900000095367432,3.5199999809265137,3.2100000381469727,19.305617000709532,0.9032258808799032,0.1195352957259399,6.776043032369175,-0.0136272088710467,-0.0418026799644639,0.0281754710934171,3.152499993642172,3.245384610616244,3.2178210330678816,3.2314482419389283,1.0086453145412866,0.7723341414826006,0.2363111730586859,-0.2052661182949604,25.062441925773506,-0.1515000343322752,-54.6163514458998,-51.37087957437553,-3.2454718715242734,3.245000004768372,3.2100000381469727,3.227500021457672,3.22000002861023,87.50000004656613,27.94042631847334,31.25441351604876,21.678855070961013,146.16314663685358,3.350000023841858,3.3100000619888306,100.0,72.0,28.0,2.9086000919342045,3.278044723599282,0.0,0.0,65.42733832339155,1.0,1.0,0.8543054248674408,-4.709587930177,61.21448314388908,90.32258808799033,84.16807541179344,-9.677411912009692,-0.0397647128385654,6.1349708057911725,-0.421705930306659,-1.2970244241942686,0.8753184938876095,24.04170334508305,5.847489203429968,18.194214141653084,3.245822608540148,5.487806961197439,5.342518642134819,25.818183205344457,-5.48779588513969,3.139508008956909,0
2022-03-08,3.559999942779541,3.559999942779541,3.490000009536743,3.5,3.139508008956909,28361628,-27959633.251189053,321837619,0.0026076690070902,1288675.7599216986,0.0209790389886058,0.0061851629696571,2867837.965947114,3.2487864494326337,71.48998510311918,1013.2728367425356,3.218499982357025,3.4770555887927763,2.959944375921274,16.066839077401614,1.044370361028944,1.0,0.0,3.200999983151754,3.294000013669332,3.1079999526341755,5.8106860985365545,2.107526444799023,1.0,0.0,2.900000095367432,3.559999942779541,3.2300000190734863,20.506442474135635,0.9090909747709736,0.1175817566166027,6.72064769211507,0.0098922170684021,-0.0314637005578906,0.0413559176262928,3.189166665077209,3.253846150178176,3.261233181826669,3.251340964758267,1.053672176737872,0.75706207003011,0.2966101067077621,-0.1670216506460311,25.04901622200268,-0.088499867916107,-45.85833922920302,-53.103767251960576,7.245428022757558,3.2649999856948853,3.2300000190734863,3.247500002384186,3.2300000190734863,93.75000002328306,27.52033893193146,31.806600000755616,20.310076568104677,173.95304484556263,3.350000023841858,3.3100000619888306,100.0,68.0,32.0,2.933056087493897,3.278044723599282,0.0,0.0,67.20749447345486,1.0,1.0,0.9536303036436392,2.267680255006201,60.63053756069792,90.90909747709736,89.86792834519214,-9.090902522902644,0.0392058716100804,14.379087106151587,0.3042503747107811,-0.9767694644132586,1.2810198391240395,27.527197868076364,10.183430936359247,17.343766931717116,3.2976631040715016,1.1560682489023757,1.149436840059859,27.27272727272727,-1.1560692753533885,3.1933281421661377,1
2022-03-09,3.549999952316284,3.5899999141693115,3.5199999809265137,3.559999942779541,3.1933281421661377,20164833,-25078942.822617624,342002452,0.0268406754371494,1277420.4836698847,0.0104141501919196,0.0077127466667868,673562.2979395211,3.277010744540321,76.23355217154119,1030.6432116638543,3.227999985218048,3.519931487220814,2.936068483215282,18.08745373851334,1.0686264676539556,1.0,0.0,3.2426666418711343,3.3356666485468542,3.149666635195414,5.736020192446045,2.2060928931699437,1.0,0.0,2.900000095367432,3.5899999141693115,3.245000004768372,21.375459168574647,0.9565217691768924,0.1148235723718736,6.629934463489016,0.0329927061364991,-0.0185724192190127,0.0515651253555119,3.224999984105428,3.2634615347935605,3.307197298896342,3.2742045927598427,1.0635357620493875,0.7265192362230671,0.3370165258263203,-0.1166475121472576,24.95524041668328,-0.0879998803138732,-34.72637833367986,-52.75088988994415,18.024511556264287,3.2799999713897705,3.245000004768372,3.262499988079071,3.245000004768372,96.87500001164152,27.339953043562865,31.894642335873407,19.138852668474467,177.8375867254343,3.352500021457672,3.245000004768372,100.0,64.0,36.0,2.970672718811036,3.278044723599282,0.0,0.0,69.72561522238382,1.0,1.0,1.0,8.801983120672494,60.04044382502273,95.65217691768925,92.29462082759233,-4.347823082310756,0.1275882117888507,13.73801318264264,1.0076556061724131,-0.5798844502961242,1.5875400564685374,25.967664937586637,13.340277736604726,12.627387200981907,3.360388897153831,1.7142840794154512,1.699756029540822,29.45454337380149,-1.7142855841004803,3.238178253173828,2
2022-03-10,3.490000009536743,3.630000114440918,3.4800000190734863,3.609999895095825,3.238178253173828,36374235,1595395.9642776288,378376687,0.1485763146865078,1354747.5596515178,4.915953504259529e-08,0.0256230178065401,856556.1298422249,3.349384394486641,87.69786607339276,1030.6432116638543,3.2414999842643737,3.5749231258980885,2.908076842630659,20.57215136525024,1.0526009817822883,1.0,0.0,3.293333315849304,3.394333338737488,3.192333292961121,6.133604661399848,2.0676559776481453,1.0,0.0,2.900000095367432,3.630000114440918,3.265000104904175,22.520438766534568,0.9726024399691428,0.1183412246714294,6.067385584973871,0.0547039948374576,-0.0039171364077186,0.0586211312451763,3.264166633288065,3.2715384501677294,3.353782313696262,3.2990783188588044,1.2249996647240529,0.6468748556450791,0.5781248090789738,-0.0570330342066543,25.026946313330416,-0.1114998698234557,-20.053749361032903,-50.075294136513286,30.021544775480383,3.325000047683716,3.265000104904175,3.2950000762939453,3.265000104904175,98.43750000582077,27.44734548853239,31.40428582144225,17.34368931596317,166.419161804806,3.340000033378601,3.245000004768372,100.0,60.0,40.0,3.0202188944396977,3.278044723599282,0.0,0.0,71.67742766862361,1.0,1.0,1.0,14.740870520385355,64.70554286435326,96.96966412967656,94.51031284148772,-3.030335870323427,0.1918382167816164,14.96814568437709,1.658159932874238,-0.1322755736620517,1.7904355065362898,30.64016284066154,16.80025475741609,13.839908083245447,3.464524239227952,1.4044930651669008,1.3947214494684612,31.272723458030004,-1.4044942771608504,3.31890869140625,3
2022-03-11,3.7699999809265137,3.819999933242798,3.690000057220459,3.700000047683716,3.31890869140625,18249111,-13846159.497260831,396625798,0.1052923251815305,1395844.018928923,0.1424725067766427,0.0330493622207635,965838.378808565,3.395539416039403,88.06842866731057,1056.337962081834,3.2639999866485594,3.652813569905819,2.8751864033913,23.82436181664874,1.0606800788472912,1.0,0.0,3.3621666510899866,3.460666664441427,3.263666637738546,5.859317730101662,2.214890105589965,1.0,0.0,2.900000095367432,3.819999933242798,3.3600000143051147,28.18626965804653,0.8695653187980902,0.1275071060189837,5.684075992410197,0.0782703557658761,0.0125203620270003,0.0657499937388758,3.3116666277249656,3.283846139907837,3.407046580463563,3.328776224697686,1.2261901551905547,0.5595237250501464,0.6666664301404084,0.0117099037315429,25.18427341424331,-0.2140000343322752,0.2099923097853978,-44.42533909311444,44.63533140289984,3.4499999284744263,3.3600000143051147,3.4049999713897705,3.3600000143051147,99.21875000291038,28.60374831361788,38.723030648274914,15.194880031295998,199.46958835538376,3.3350000381469727,3.245000004768372,100.0,56.00000000000001,43.99999999999999,3.08119701643982,3.278044723599282,0.0,0.0,74.82380747877545,1.0,1.0,1.0,20.87823251145587,60.63664544555469,85.88236482085787,92.8347352894079,-14.117635179142123,0.2768088088316074,18.21085982115408,2.351325246351894,0.3644445903407374,1.9868806560111567,26.74075836639988,18.78835547921285,7.952402887187031,3.56361278122147,2.493079091502337,2.462508925220863,34.54545627940784,-2.493081971423152,3.408608675003052,4
2022-03-14,3.7899999618530273,3.839999914169312,3.744999885559082,3.799999952316284,3.408608675003052,21230296,-10493985.06315355,417856094,0.1037373365642837,1499727.3841278192,0.0167802277131459,0.0311472509279303,1028755.999904622,3.439062448454153,88.85026474225779,1056.337962081834,3.2894999861717222,3.7432609315159184,2.835739040827526,27.588444885344256,1.0625208288444996,1.0,0.0,3.434499979019165,3.5339999914169318,3.3349999666213987,5.794148377091084,2.336683054048164,1.0,0.0,2.900000095367432,3.839999914169312,3.370000004768372,28.575766005575808,0.9574468408898082,0.128756382065645,5.33142232058088,0.1038192593612139,0.030780141493843,0.0730391178673708,3.3741666277249656,3.299615364808303,3.4675009453639816,3.363681686002768,1.197674171998162,0.5436045967643006,0.6540695752338614,0.0895086674366706,25.251024577947877,-0.239500033855438,21.15633110694431,-35.949085367797835,57.10541647474214,3.459999918937683,3.370000004768372,3.414999961853028,3.370000004768372,99.6093750014552,29.770248391156283,36.72687402126712,13.953689713134482,177.73702994011848,3.340000033378601,3.245000004768372,100.0,52.0,48.0,3.169853366456177,3.278044723599282,0.0,0.0,77.77778280497569,1.0,1.0,1.0,27.128063990586927,61.329217259528384,95.40230263049716,92.75144386034384,-4.597697369502853,0.3345882163328282,24.590164318868982,3.086476933689513,0.9088510590104928,2.1776258746790207,24.525540169995125,19.935792417369303,4.589747752625819,3.6635384273812055,2.702700090373522,2.666822164632432,38.18181644786487,-2.702695130753824,3.309938669204712,0
2022-03-15,3.740000009536743,3.785000085830689,3.680000066757202,3.690000057220459,3.309938669204712,23879392,-29824926.60808752,393976702,0.0454293768362379,910233.3842592612,-0.0263825084796222,0.0247232249294578,-117453.67816701496,3.468475869765002,80.15060011422244,1056.337962081834,3.3119999885559084,3.797246324899771,2.8267536522120453,29.3023150978596,0.8894929650707204,0.0,0.0,3.4939999898274743,3.598999985059103,3.3889999945958458,6.010303121770368,1.433333696637849,1.0,0.0,2.900000095367432,3.839999914169312,3.370000004768372,28.381637139187816,0.8404256533367823,0.1278807324149887,4.982063338064213,0.1138781607532077,0.047399745345716,0.0664784154074917,3.427499969800313,3.311153824512775,3.501731577957286,3.387853417204078,1.1186440746457502,0.590395315466131,0.5282487591796192,0.1631093359192014,25.323901045371272,-0.2220000743865968,39.05551292924646,-24.698828003686952,63.75434093293342,3.5,3.370000004768372,3.435000002384186,3.370000004768372,99.8046875007276,30.08136297769889,34.15178412933019,16.773199334490485,125.20738638263728,3.340000033378601,3.245000004768372,96.0,48.0,48.0,3.263673883136016,3.278044723599282,0.0,0.0,68.28642093253806,0.7825144694988364,0.9275048231662788,0.9758349410554262,28.964724375180637,57.12548251338004,82.75863486436444,88.01443410523983,-17.241365135635558,0.3628529373337241,20.983610324916064,3.3613662319306883,1.399354093594532,1.9620121383361564,23.488118209992468,20.64625757589394,2.841860634098527,3.6698466118554185,-2.8947341177932078,-2.9374580624658586,34.181820262562134,2.894729645028903,3.327878713607788,1
2022-03-16,3.7300000190734863,3.75,3.690000057220459,3.7100000381469727,3.327878713607788,15912082,-35128953.94142085,409888784,0.019549912051531,825663.0917223841,-0.0047134130264317,0.0298205856232374,-605000.6440485133,3.4922136218249595,76.86803479885211,1062.063365541449,3.3329999923706053,3.848057284284995,2.817942700456216,30.90652823842665,0.8659787480875336,0.0,0.0,3.554999995231628,3.660999965667725,3.449000024795532,5.963430130985968,1.2311324818188902,1.0,0.0,2.900000095367432,3.839999914169312,3.370000004768372,28.202814910098528,0.861702232891878,0.1210926534514439,4.246947260429796,0.1220567496584155,0.0623311462082559,0.0597256034501596,3.479166646798452,3.3246153684762807,3.53377287952493,3.411716129866514,1.1781610227006003,0.5747125035060556,0.6034485191945447,0.2314115198126152,25.31934979770154,-0.2130001068115232,58.004068464846185,-10.938114106841349,68.94218257168754,3.5299999713897705,3.370000004768372,3.449999988079071,3.370000004768372,99.9023437503638,30.370255093774176,32.909325056203656,16.162981911600426,106.61596306957946,3.340000033378601,3.245000004768372,92.0,44.0,48.0,3.3443595274806777,3.278044723599282,0.0,0.0,69.0265118662302,0.7994729493773194,0.8606624729587186,0.9293890987083324,30.623116105483984,53.74990391799353,85.05748354911584,87.73947368132582,-14.942516450884158,0.3833529549486494,20.064729488652315,3.577576357831126,1.834998546441851,1.7425778113892751,19.406668928818743,20.398339846478905,-0.991670917660162,3.680091372281912,0.5420048947527345,0.5405413342211229,34.90909229625354,-0.5420053419716879,3.309938669204712,2
2022-03-17,3.7699999809265137,3.7699999809265137,3.660000085830689,3.690000057220459,3.309938669204712,11485800,-40349772.1232391,398402984,0.0073615714595765,674894.6813440792,-0.0047885123453196,0.0314821245690932,24326.2636841941,3.5261072865669307,77.16880559741236,1056.337962081834,3.3544999957084656,3.8910249462792086,2.8179750451377226,31.9883709200858,0.8126602603989769,0.0,0.0,3.604333329200745,3.710333299636841,3.4983333587646483,5.88180729997032,0.904088452417823,0.0,0.0,2.900000095367432,3.839999914169312,3.370000004768372,28.02205455371757,0.8404256533367823,0.119983377615882,3.492092306608776,0.125478075824672,0.0749605321315391,0.0505175436931329,3.526666661103566,3.336923067386334,3.5578078299396267,3.4323297541149547,1.2064897680447364,0.5604718859472996,0.6460178820974368,0.2913673412970392,25.33519636118239,-0.2445001006126403,75.83464484449966,4.333970142834048,71.50067470166562,3.5999999046325684,3.370000004768372,3.48499995470047,3.370000004768372,99.9511718751819,30.2707460588668,30.703918705285844,16.907497423075174,91.0702312411233,3.340000033378601,3.245000004768372,88.0,40.0,48.0,3.4137491816170864,3.278044723599282,0.0,0.0,67.33427672534398,0.7351454658142922,0.7723776282301493,0.8535149747850488,31.38959265141497,52.09597375440038,81.7073330292042,83.17448381422817,-18.2926669707958,0.4015294180196873,18.2692369413096,3.655769836049081,2.199152804363297,1.4566170316857834,14.160716021193023,19.15081508142173,-4.990099060228706,3.6821436231591655,-0.5390830382983824,-0.5405413342211229,34.181820262562134,0.5390834807085554,3.390668630599976,3
2022-03-18,3.7699999809265137,3.799999952316284,3.740000009536743,3.7799999713897705,3.390668630599976,20279292,-33590008.1232391,418682276,0.0123386705761004,839214.6610684115,0.0162727264134886,0.0317196878910573,432698.3990625256,3.5597420364802623,78.22074590581853,1056.337962081834,3.390499997138977,3.939625676559346,2.8413743177186084,32.39201768964696,0.8546546709142538,0.0,0.0,3.653999996185303,3.7549999713897706,3.553000020980835,5.528186935408304,1.1237624066213334,1.0,0.0,2.970000028610229,3.839999914169312,3.4049999713897705,25.659928809710053,0.9310345394574576,0.1189850293638763,2.6988094727315,0.1339081327738531,0.0867500522600019,0.0471580805138512,3.5825000007947287,3.3538461465101976,3.591991236316572,3.458083103542718,1.1918605827782482,0.5087208536716888,0.6831397291065594,0.347733887144292,25.28313168985564,-0.1804999589920042,95.77104465875438,21.043680821128955,74.72736383762542,3.659999966621399,3.370000004768372,3.5149999856948853,3.370000004768372,99.97558593759096,30.379740137910403,30.472959228799173,15.769424298830597,96.8013423086489,3.3600000143051147,3.245000004768372,84.0,36.0,48.0,3.473424284174398,3.278044723599282,0.0,0.0,70.80307534707643,0.8121074537415283,0.7822419563110466,0.8050940191666381,33.17564187300627,53.70275283704945,92.10527058783664,86.29002905538557,-7.894729412163354,0.3905588262221395,21.543411539996253,3.87232257769247,2.533786759029132,1.3385358186633385,13.510262030804853,18.022704471298358,-4.512442440493501,3.7029102021963576,2.4390220263873053,2.4097528503317367,37.45454441417346,-2.4390168357609383,3.3816988468170166,4
2022-03-21,3.839999914169312,3.849999904632568,3.75,3.7699999809265137,3.3816988468170166,7014428,-37798664.92323909,411667848,-0.0365584303564566,709306.2504721811,0.0427689082838514,0.0317130111106349,476059.7284012969,3.5767620275197163,78.30312690618138,1053.543419852536,3.422499990463257,3.9816735084965,2.863326472430014,32.67631962550014,0.8107264375515346,0.0,0.0,3.688333328564962,3.7833332856496176,3.5933333714803064,5.151375899185212,0.929824680282632,0.0,0.0,2.970000028610229,3.849999904632568,3.4099999666213985,25.712195134388452,0.9090909829809756,0.1170865168907454,2.056470427394888,0.1381891396027939,0.0970378697285603,0.0411512698742335,3.629166662693024,3.373846145776602,3.6193771970257935,3.481188057423,1.1534092579314503,0.5227271896009382,0.6306820683305123,0.3977544110734963,25.27127787413895,-0.1425000190734864,110.26705322899188,38.39094664981727,71.8761065791746,3.6649999618530273,3.375,3.5199999809265137,3.375,99.98779296879547,30.80498811324393,31.68022521839882,14.794474235755889,91.62954269345936,3.3550000190734863,3.245000004768372,80.0,32.0,48.0,3.524744872373686,3.278044723599282,0.0,0.0,69.91469801327028,0.7881753418508564,0.7784760871355588,0.7776985572255849,34.31274444118982,47.43039442067853,89.61039926133593,87.80766762612559,-10.389600738664074,0.377279426771052,17.44548087615633,3.969597083620079,2.820948823947321,1.1486482596727576,7.070924971194459,15.832348571277574,-8.761423600083116,3.712643931733096,-0.2645500142578139,-0.2649005662013426,37.09090839732776,0.2645432143385875,3.426548719406128,0
2022-03-22,3.849999904632568,3.880000114440918,3.799999952316284,3.819999933242798,3.426548719406128,7451357,-41524354.526603766,419119205,-0.0624250291050173,661200.7139320996,0.0429453718293709,0.0355670335344209,80267.59937484414,3.598821188430981,81.10852297509969,1053.543419852536,3.456499981880188,4.025438493002468,2.887561470757908,32.91991980933278,0.8194545142018734,0.0,0.0,3.719999996821086,3.815999976793925,3.624000016848247,5.161289250262112,1.020833110850674,1.0,0.0,2.970000028610229,3.880000114440918,3.4250000715255737,26.327212226273115,0.934065741166003,0.1163778785531113,1.446023146358412,0.1439569999572199,0.1064216957742922,0.0375353041829276,3.674166659514109,3.394230760060824,3.650242233366871,3.5062852334096517,1.1703298207628852,0.494505301605488,0.6758245191573972,0.4433209413353163,25.289249474785397,0.0035000562667848,124.64181663938648,56.09852386904687,68.54329277033962,3.680000066757202,3.390000104904175,3.5350000858306885,3.390000104904175,99.99389648439774,31.387260785813165,31.379461935495424,13.78487789800547,93.75327454890864,3.3550000190734863,3.245000004768372,100.0,28.000000000000004,72.0,3.576785677535107,3.278044723599282,0.0,0.0,71.81867396909638,0.7855849432120847,0.7952892462681564,0.7853357632382539,35.845879024636524,47.489408103475725,91.666641831399,91.12743722685718,-8.333358168601002,0.38583824003444,16.463413614733163,4.105684232005004,3.0778959055588584,1.0277883264461454,1.7512247194993569,13.016123800921932,-11.264899081422575,3.728611644632159,1.3262586888394656,1.3175408742137185,38.90908848155628,-1.3262527096795083,3.408608675003052,1
2022-03-23,3.829999923706055,3.8550000190734863,3.799999952316284,3.799999952316284,3.408608675003052,6967842,-48492196.526603766,412151363,-0.0777112361123722,546835.3680705196,-0.0098668060652434,0.0248802925603685,62343.45563472857,3.6162967545142815,78.44417010666041,1048.0274908811923,3.489999973773956,4.056992076770863,2.9230078707770497,32.49238437006533,0.7733723952271866,0.0,0.0,3.746166666348776,3.840666659673056,3.651666673024496,5.045156915903308,0.7848322210075608,0.0,0.0,2.970000028610229,3.880000114440918,3.4250000715255737,26.07450122260742,0.9120877422208088,0.1102400973735204,1.2993172741030168,0.1452400031814247,0.1141853572557187,0.0310546459257059,3.702499985694885,3.4157692193984985,3.673281882436012,3.528041879254587,1.1632654820248325,0.5539357915617594,0.6093296904630731,0.4816574768832017,25.29343538436892,0.0100000262260437,137.4990559731213,73.60439112839734,63.89466484472396,3.7700001001358032,3.390000104904175,3.580000102519989,3.390000104904175,99.99694824219888,31.92794255319889,30.267278824347738,13.296300100881028,82.99171000156846,3.340000033378601,3.245000004768372,96.0,24.0,72.0,3.631364276178153,3.278044723599282,0.0,0.0,69.91273900924266,0.650343036224758,0.7413677737625664,0.7717110357220939,36.54063835836389,41.3594121308102,87.87876489077361,89.71860199450286,-12.121235109226392,0.393735290976132,9.82658700638052,4.116731267717019,3.2856629779904907,0.8310682897265282,-3.039621657640937,9.80497470920936,-12.844596366850295,3.736040195363002,-0.5235597192677299,-0.5249350958782539,38.18181644786487,0.5235601729948485,3.408608675003052,2
2022-03-24,3.839999914169312,3.900000095367432,3.799999952316284,3.799999952316284,3.408608675003052,10744846,-59237042.526603766,422896209,-0.0948320692623343,468716.0297747312,0.0209403376591304,0.02320440406831,-36480.81401421936,3.643192844605356,78.28211684401907,1048.0274908811923,3.5274999737739563,4.071884983140997,2.983114964406916,30.865202744969604,0.7502824047810989,0.0,0.0,3.772166665395101,3.861666663487752,3.682666667302449,4.74528333616336,0.6554932263371133,0.0,0.0,2.970000028610229,3.900000095367432,3.4350000619888306,26.3642827405106,0.8924729721796298,0.1092161019412832,1.3043028740806122,0.1445900484062985,0.1202662954858347,0.0243237529204637,3.7274999817212415,3.435384603647085,3.6927769701099,3.5481869217036013,1.1356933916828338,0.5634217446785527,0.5722716470042811,0.5123617518884832,25.378242498743383,0.0324999690055847,148.34071319339597,90.06336011546517,58.2773530779308,3.780000090599061,3.400000095367432,3.5900000929832463,3.400000095367432,99.99847412109943,32.72166838979964,31.223363725524734,12.433432927176844,81.50307373884172,3.340000033378601,3.245000004768372,92.0,20.0,72.0,3.6761187270654503,3.278044723599282,0.0,0.0,69.91273900924266,0.363177268035926,0.5997017491575894,0.7121195897294373,37.10415502493023,39.78875873185655,81.48146185856037,87.00895619357766,-18.518538141439628,0.4063235240824081,8.57142720903669,4.075040340233149,3.4435384504390227,0.631501889794126,-4.8947503100103,6.865029705365428,-11.759780015375728,3.7413765197388513,0.0,0.0,38.18181644786487,0.0,3.4624288082122803,3
2022-03-25,3.869999885559082,3.920000076293945,3.819999933242798,3.859999895095825,3.4624288082122803,11202695,-61477602.89401815,434098904,-0.1041044281075222,497779.6053750053,0.0178528555287056,0.0204053523305556,176884.49142398947,3.691661700775671,75.42548776765321,1048.0274908811923,3.567999970912933,4.084046504461914,3.051953437363953,28.92637543474761,0.7829201488620954,0.0,0.0,3.7851666609446206,3.871666685740153,3.698666636149088,4.570473775331493,0.9325619231213774,0.0,0.0,3.0199999809265137,3.920000076293945,3.470000028610229,25.224218125123777,0.933333139066364,0.1102945041449209,1.3043028740806122,0.147219394961974,0.1256569153810626,0.0215624795809113,3.752499977747599,3.4584615230560303,3.718503573953888,3.571284178991914,1.1079367208252828,0.6380952366535538,0.469841484171729,0.5389526992091543,25.113591872284893,0.0419999241828916,156.05437910165682,105.05203211487768,51.002346986779145,3.790000081062317,3.4100000858306885,3.6000000834465027,3.4100000858306885,99.99923706054972,33.58491987737201,30.097028468990857,11.471388999752175,85.74772300772023,3.340000033378601,3.245000004768372,100.0,16.0,84.0,3.720895000725847,3.278044723599282,0.0,0.0,72.45598603540265,0.4965324877937976,0.5033509306848272,0.6148068178683276,38.31986920534959,40.38519692164403,86.36359695561197,85.24127456831532,-13.636403044388029,0.4111764704479888,8.426965088152592,4.122309723432046,3.579292705037628,0.5430170183944183,-6.096578283654795,4.272708107561384,-10.369286391216178,3.749721499935082,1.5789458824326583,1.5666102115498015,40.36363254893909,-1.5789472579799764,3.543159246444702,4
2022-03-28,4.019999980926514,4.059999942779541,3.950000047683716,3.950000047683716,3.543159246444702,15085983,-76563585.89401814,449184887,-0.1655076511476434,620631.2005983366,0.0984356457838755,0.0259379671016463,528630.8149571454,3.733306955225416,74.27243631663822,1048.0274908811923,3.6109999775886537,4.103337284089661,3.1186626710876464,27.26875156780141,0.8442762366560258,0.0,0.0,3.80433333714803,3.8923333485921225,3.716333325703939,4.626303935294069,1.3276516567741024,1.0,0.0,3.0799999237060547,4.059999942779541,3.569999933242798,27.139297290384057,0.887755211270484,0.1192650584988004,1.3043028740806122,0.1547812097637511,0.1314817742576003,0.0232994355061507,3.7808333237965903,3.492692296321576,3.754118416066169,3.599337206302418,1.0656717233706725,0.599999943064219,0.4656717803064535,0.5655922534337637,24.91376256691781,0.0890000700950621,161.36020095144954,118.64144189512248,42.71875905632707,3.8600000143051143,3.5149999856948853,3.6875,3.4800000190734863,99.99961853027486,35.133744690998505,34.9629335906949,10.072525579923704,114.30127889512382,3.190000057220459,3.22000002861023,100.0,12.0,88.0,3.7607160158394666,3.278044723599282,0.0,0.0,75.76518375295325,0.8072870320870811,0.5556655959722682,0.5529060919382283,40.41347435019929,42.37364133330716,81.03449835080092,82.95985238832442,-18.96550164919908,0.4337941260898814,9.418287048976923,4.300269768909957,3.723488117812094,0.5767816510978632,-4.7223328618370175,2.4736999136817035,-7.196032775518721,3.7629180144015217,2.331610234037496,2.304843468536544,43.63636537031695,-2.33161294294176,3.588009119033813,0
2022-03-29,4.0,4.039999961853027,3.900000095367432,4.0,3.588009119033813,9626461,-72437959.75116102,458811348,-0.1480971329953457,600729.9706520842,-0.0509012673919949,0.021558294417081,473600.1425620487,3.760854978122188,68.48475304152564,1061.2936488400871,3.6549999833107,4.120510463075767,3.1894895035456328,25.472529788818623,0.8705609558601285,0.0,0.0,3.830499998728434,3.9219999949137367,3.7390000025431314,4.777444000296403,1.42622955376031,1.0,0.0,3.0799999237060547,4.059999942779541,3.569999933242798,26.81258614359287,0.9387755697839004,0.1213385392974799,1.3043028740806122,0.162930420294491,0.1377715034649784,0.0251589168295125,3.805833319822947,3.5261538303815403,3.791946352055989,3.629015931761498,1.0289856194197962,0.6521738108855439,0.3768118085342522,0.5926102899775011,24.861430586811103,0.1449999690055845,169.08333012334694,130.98358207940032,38.09974804394662,3.8600000143051143,3.5149999856948853,3.6875,3.4800000190734863,99.99980926513744,35.81836711723659,32.01948872670619,12.231243382459724,108.8697639211551,3.1875000596046448,3.22000002861023,100.0,8.0,92.0,3.819999933242798,3.278044723599282,0.0,0.0,77.39035893581104,0.962902892361,0.7555741374139595,0.6048635546903517,42.68229568069095,42.685216220111776,89.65518091861868,85.68442540834387,-10.344819081381315,0.4423676553894493,8.108106714865881,4.489658446205987,3.876722183490873,0.612936262715114,-6.803557108282039,0.6182485092889551,-7.421805617570994,3.8269758688500097,1.2658215623466695,1.257877013503328,45.45454545454546,-1.2658158854732307,3.390668630599976,1
2022-03-30,3.819999933242798,3.839999914169312,3.75,3.7799999713897705,3.390668630599976,18655881,-78656586.75116108,440155467,-0.1668693960947226,-71416.36140521872,-0.0844237343544649,0.015528024166081,-904219.7694083664,3.7980906836844666,56.585859003399136,1061.2936488400871,3.6884999871253967,4.083380964030936,3.293619010219857,21.411466898948632,0.6158576756234347,0.0,0.0,3.837833325068156,3.9323333183924354,3.743333331743876,4.92465333014959,0.1940033980747067,0.0,0.0,3.1600000858306885,4.059999942779541,3.6100000143051143,24.40015887461776,0.6888888712282506,0.1342046853677319,1.965177049284852,0.1499085126411836,0.1401989053002195,0.0097096073409641,3.8041666547457376,3.550769209861756,3.7901084473381097,3.640199934696926,0.9452056566218192,0.7150684738230749,0.2301371827987443,0.6046807519927819,24.86539993861507,0.0015000700950622,169.28905088186735,141.36740497244116,27.92164590942619,3.899999976158142,3.5149999856948853,3.7074999809265137,3.4800000190734863,49.99990463256872,34.593360479737484,27.557885003568977,18.887359424480398,39.11118977520741,3.1850000619888306,3.22000002861023,96.0,4.0,92.0,3.819999933242798,4.059999942779541,0.0,1.0,58.72875149477225,0.0,0.5900633081493604,0.6337676805118627,38.285300081365634,37.2754223140833,29.99998211860009,66.89655379600657,-70.0000178813999,0.4232205923865821,-0.5263152941442201,4.118139534378753,3.925005653668449,0.1931338807103038,-3.057902408774979,-0.1169816743238317,-2.940920734451147,3.826137205665374,-5.500000715255737,-5.657035905723795,37.45454441417346,5.49999963453206,3.3996386528015137,2
2022-03-31,3.7899999618530273,3.859999895095825,3.7799999713897705,3.7899999618530273,3.3996386528015137,9929721,-86103877.50116108,450085188,-0.185096331432911,-47028.72187550161,0.0201415144021119,0.0067900961393288,-999804.5101159984,3.804631110967634,54.75746806865894,1064.1013013394108,3.7174999833107,4.047401477012008,3.387598489609392,17.748567326556216,0.6098812523231086,0.0,0.0,3.8481666485468544,3.939666644732157,3.756666652361552,4.755511106560583,0.1821492397877824,0.0,0.0,3.220000028610229,4.059999942779541,3.639999985694885,22.595828323884263,0.6785714184345834,0.1287842092015642,2.4146783533820235,0.138795524258696,0.1399182290919148,-0.0011227048332188,3.812499980131785,3.576153819377606,3.7900917572634816,3.6512962330047856,0.8820061316487152,0.7699115417681303,0.1120945898805849,0.6056156056627366,24.88826334747181,-0.0074999451637269,167.61885012803234,149.3504944690276,18.26835565900473,3.9049999713897705,3.5149999856948853,3.709999978542328,3.4800000190734863,24.99995231628436,33.60222664336924,27.440686298928167,18.021967096230547,43.00383131856076,3.165000021457672,3.22000002861023,92.0,4.0,88.0,3.819999933242798,4.05379994392395,0.0,0.0,59.21022788901916,0.0252756366665749,0.3293928430091915,0.5583434295241705,35.07689435774976,34.59072225985757,32.49998062848344,50.71838122190075,-67.50001937151656,0.4014852811308467,2.710024473763683,3.8012671501177016,3.9002579529583,-0.0989908028405985,-5.174730823564318,-1.128531504171929,-4.0461993193923895,3.8251548655884737,0.2645500142578028,0.2642006966518062,37.818180431019165,-0.26455024594811505,3.444488763809204,3
2022-04-01,3.799999952316284,3.839999914169312,3.799999952316284,3.839999914169312,3.444488763809204,4049530,-82054347.50116108,454134718,-0.1830652304254307,-11385.146335663652,2.19328557305956e-16,0.0055915084455327,79692.9065379682,3.806335878711104,50.26804182532876,1078.1395638360293,3.7454999804496767,4.010865748236581,3.480134212662772,14.169844836311832,0.6780559989100051,0.0,0.0,3.8534999767939246,3.942999974886576,3.7639999787012735,4.645127734871018,0.424580654121146,0.0,0.0,3.359999895095825,4.059999942779541,3.709999918937683,18.68909494960604,0.6857142662515465,0.1209057835130362,2.64074419800591,0.1324956517875772,0.1384337136310473,-0.00593806184347,3.8233333031336474,3.6065384332950297,3.7977699352489935,3.665274283461417,0.8753896584553122,0.8037382552837956,0.0716514031715166,0.6007073082967742,24.716636497897618,-0.0554999232292177,163.3912646729486,155.25318462946726,8.138080043481352,3.9049999713897705,3.5149999856948853,3.709999978542328,3.4800000190734863,12.49997615814218,32.6818880810273,26.619748147983547,17.482807099166546,45.93172857202986,3.162500023841858,3.22000002861023,88.0,4.0,84.0,3.819999933242798,4.047723945045472,0.0,0.0,61.62110224649068,0.1549893684591101,0.0600883350418949,0.3265148287334822,33.21944381312559,37.38296310938828,44.99997317790031,35.83331197499462,-55.0000268220997,0.3756029150065254,3.504039748939467,3.614890497702421,3.843184461907125,-0.228293964204703,-10.616368919946412,-3.026098987326826,-7.590269932619586,3.825402025396013,1.319259968853359,1.3106335218722842,39.6363605152477,-1.3192611211997871,3.4624288082122803,4
2022-04-04,3.859999895095825,3.900000095367432,3.849999904632568,3.859999895095825,3.4624288082122803,6175940,-85759923.2807868,460310658,-0.2577540846737779,7886.82916990117,0.0445278585655035,0.0106565346630416,85590.15242612099,3.822473808592332,59.83337830304502,1078.1395638360293,3.765499973297119,4.000316911649888,3.5306830349443503,12.47201912192075,0.7012204112310194,0.0,0.0,3.8614999771118166,3.946000003814697,3.776999950408936,4.376539023888952,0.4911237778582854,0.0,0.0,3.4800000190734863,4.059999942779541,3.7699999809265137,15.402999012590604,0.6551722862207198,0.1148152232815446,2.692581761800741,0.1276453723836863,0.1362760453815751,-0.0086306729978887,3.837499956289927,3.637692277248089,3.80734377522543,3.679698402841744,0.9482201166630664,0.7378639548162095,0.210356161846857,0.592010414117227,24.55205229360101,0.0144999980926514,157.97429286034975,158.95679309846318,-0.9825002381134312,3.9049999713897705,3.539999961853028,3.722499966621399,3.4800000190734863,27.99624858690108,32.28371794880825,29.35116587899523,16.83204823566711,70.35392644019964,3.146250069141388,3.22000002861023,84.0,8.0,76.0,3.819999933242798,4.0417694661445625,0.0,0.0,62.57398948079941,0.2060507380286594,0.1287719143847814,0.1727510308119559,32.0202171024674,40.16382329613776,49.9999701976669,42.4999746680169,-50.0000298023331,0.331220563019023,4.607041605398262,3.4689085465566647,3.768329278837033,-0.2994207322803683,-13.806758584681624,-5.182230906797786,-8.624527677883837,3.826283224493084,0.5208328482694702,0.519481205159833,40.36363254893909,-0.5208332972826071,3.4803690910339355,0
2022-04-05,3.920000076293945,3.9600000381469727,3.880000114440918,3.880000114440918,3.4803690910339355,4541582,-90301505.2807868,464852240,-0.2234305067949443,19736.23017044745,0.0792675915635182,0.0166551778480381,55698.095878404754,3.8368999031041846,67.5700299496412,1083.7258406099586,3.784499979019165,3.989972612155193,3.579027345883137,10.858640997497409,0.7323913748614138,0.0,0.0,3.86883331934611,3.9533333222071336,3.784333316485088,4.368242097093226,0.5660757083829532,0.0,0.0,3.4800000190734863,4.059999942779541,3.7699999809265137,15.325668567089654,0.6896554275585606,0.1133337152585049,2.737184772788632,0.1239861069023695,0.133818057685734,-0.0098319507833644,3.8458333015441895,3.6680769003354583,3.8185216735662735,3.694535566663905,0.9495268708221296,0.6719240586566764,0.2776028121654532,0.5810641929182188,24.50693581935461,-0.0144999980926514,153.7431068677486,160.76168764231068,-7.018580774562082,3.9049999713897705,3.569999933242798,3.737499952316284,3.4800000190734863,49.8835491347583,32.32981663726066,31.27057038609132,15.777924613443084,94.9562105585526,3.1412500739097595,3.22000002861023,80.0,4.0,76.0,3.819999933242798,4.035934076821671,0.0,0.0,63.54864806500595,0.2582787461081329,0.2064396175319674,0.1317666223195479,31.326955462671524,37.84252246463077,55.0000268220997,49.99999006588897,-44.99997317790031,0.302323512470021,2.645506449947961,3.3559321507446374,3.685849853218554,-0.3299177024739168,-17.668956846668518,-7.6795760947719325,-9.989380751896586,3.827211007654371,0.5181404116229027,0.5168026830771666,41.09091325239702,-0.5181415652245107,3.498309135437012,1
2022-04-06,3.859999895095825,3.900000095367432,3.839999914169312,3.900000095367432,3.498309135437012,3550738,-86750767.2807868,468402978,-0.2350233592595358,27061.72475681908,-0.0844898539811544,0.0109622248740499,41834.52687014196,3.849088806535036,71.30704004053625,1089.3120507910098,3.80149998664856,3.98494208664534,3.618057886651779,9.651037781983788,0.768477379839746,0.0,0.0,3.8749999920527136,3.960000006357829,3.7899999777475992,4.387097521519598,0.6470594065136172,0.0,0.0,3.4800000190734863,4.059999942779541,3.7699999809265137,15.257133387954802,0.7241381578298324,0.1080003618524664,2.7092570039952704,0.121301653999152,0.1313147769484176,-0.0100131229492655,3.856666644414266,3.6980769084050102,3.831056815381837,3.709755161382685,0.9413680002621836,0.7133548060119979,0.2280131942501856,0.5690018873286127,24.506413587589257,0.0184999465942383,150.4913116862275,161.00064303040304,-10.509331344175536,3.9049999713897705,3.569999933242798,3.737499952316284,3.4800000190734863,67.89678157542562,31.85771107826014,30.05438697113342,17.757108376894085,66.50702045126934,3.137500047683716,3.22000002861023,76.0,4.0,72.0,3.819999933242798,4.0302153952852375,0.0,0.0,64.54304531670454,0.3115644694757676,0.2586313178708532,0.1979476165958673,31.035142391378223,40.461414667140254,50.00003725291089,51.6666780908925,-49.99996274708911,0.2995294037987204,3.448278915082902,3.269802149259386,3.602640312426721,-0.3328381631673349,-21.741142327066683,-10.491889341230884,-11.2492529858358,3.829466378554186,0.515463410737449,0.5141394458524573,41.81818528608845,-0.5154638469032875,3.435518741607666,2
2022-04-07,3.869999885559082,3.900000095367432,3.799999952316284,3.829999923706055,3.435518741607666,6794891,-89468733.4009424,461608087,-0.3911221201631242,-44753.3125542044,-0.0294338931069184,0.0076974663368779,-103657.12294996336,3.861381578029053,62.67868450308509,1089.3120507910098,3.812499988079071,3.973729626157368,3.6512703500007735,8.457948253504545,0.5542702192833983,0.0,0.0,3.87599999109904,3.9610000054041543,3.7909999767939246,4.385965660490794,0.229411413815395,0.0,0.0,3.660000085830689,4.059999942779541,3.8600000143051143,10.49179955933304,0.4249997466801696,0.1072003399723346,2.934359721051119,0.1122320358484403,0.1274982287284221,-0.0152661928799818,3.8574999769528713,3.725769217197712,3.830894216662486,3.7186621808140456,0.8950819667005255,0.7639341514812352,0.1311478152192903,0.5516741639231812,24.510656942618382,-0.0125000357627866,145.9518569830352,159.87814057277842,-13.926283589743235,3.9049999713897705,3.6100000143051143,3.757499992847442,3.4800000190734863,33.94839078771281,30.92382036029141,28.09329190044448,19.20848511392437,21.90610943875223,3.1100000739097595,3.22000002861023,72.0,4.0,68.0,3.819999933242798,4.024611087379533,0.0,0.0,58.52517024728378,0.0,0.1899477385279668,0.2183395579769291,29.00086225063996,34.76789855607801,25.806431765359303,43.60216528012331,-74.19356823464071,0.2814853044117198,0.2617798596338793,3.0180755979256984,3.4857273695265167,-0.4676517716008184,-22.353436625267992,-12.864198798038306,-9.489237827229688,3.829471106012388,-1.794876152555125,-1.8111794316323813,39.272724498402,1.7948783654736218,3.4893391132354736,3
2022-04-08,3.930000066757202,3.9600000381469727,3.849999904632568,3.890000104904175,3.4893391132354736,6403212,-91215046.2827606,468011299,-0.3501140257533851,16524.857846392544,0.0944838555018262,0.0113913911381619,-21648.158071962345,3.8675540409837454,62.5503055138098,1106.3770434099947,3.821999990940094,3.9778974004157175,3.6661025814644703,8.157896904509288,0.7180925077357155,0.0,0.0,3.879333329200745,3.965333342552185,3.793333315849304,4.433752196754846,0.5620161281826799,0.0,0.0,3.660000085830689,4.059999942779541,3.8600000143051143,10.465721033412784,0.5750002533198304,0.1094803174191929,3.017635730953135,0.1086335513433343,0.1237252932514046,-0.0150917419080703,3.864999989668529,3.751923065919143,3.8399874302381294,3.731353878894796,0.9099678372781244,0.7491959319530829,0.1607719053250416,0.5338074671449206,24.53666504217094,-0.0220000386238097,140.49231867251,157.5594869862296,-17.067168313719577,3.8949999809265137,3.639999985694885,3.7674999833107,3.4800000190734863,16.974195393856405,30.53140705785621,29.60505144092476,17.600630431310563,78.21068265885023,3.150000035762787,3.22000002861023,68.0,4.0,64.0,3.819999933242798,4.019118865631943,0.0,0.0,61.811871500200695,0.1742204282809903,0.1619282992522526,0.2035024518836908,28.210781765612293,41.96702399196699,45.16133249861179,40.32260050562734,-54.83866750138821,0.2740735495791719,2.368425097822203,2.9113709090361297,3.3708560774284395,-0.4594851683923098,-23.052992021401003,-14.901957442710843,-8.151034578690158,3.830007423645083,1.5665843966926607,1.5544401325544577,41.454549269242726,-1.5665864655601354,3.5700693130493164,4
2022-04-11,3.890000104904175,3.9800000190734863,3.890000104904175,3.9800000190734863,3.5700693130493164,4267654,-86947392.28276059,472278953,-0.3747361014459529,69033.94868323918,0.0632667404383531,0.0128429174673749,199049.1193969804,3.8726968993886346,61.59094109936191,1131.974430623497,3.830999994277954,4.000929401618252,3.661070586937656,8.871282046155434,0.9384174202913196,0.0,0.0,3.875666666030884,3.959666681289673,3.791666650772095,4.334738897698579,1.1210317505370082,1.0,0.0,3.660000085830689,4.059999942779541,3.8600000143051143,10.441134365604244,0.800000119209332,0.1075322770942047,3.020593073143489,0.1117557170198679,0.1213313780050972,-0.0095756609852293,3.879999995231629,3.778846144676209,3.861527828520493,3.749772111500625,0.9218242195872812,0.7719868411651604,0.1498373784221208,0.5201822312225707,24.45543256622667,0.0289999008178711,136.21826526213815,153.90781311276194,-17.689547850623768,3.865000009536743,3.709999918937683,3.787499964237213,3.4800000190734863,33.48945221575988,30.31903978110169,29.17137241232289,16.56674164936572,117.64708382285112,3.165000021457672,3.22000002861023,64.0,4.0,60.0,3.819999933242798,4.013736488319304,0.0,0.0,66.14562880567743,0.4039428751130374,0.1927211011313425,0.1815323796371873,28.85422246412532,50.35695546356584,74.19356823464084,48.387110832870654,-25.80643176535916,0.2618088546921227,4.736843921471193,2.980333569528425,3.292751575848437,-0.3124180063200117,-25.4829014597386,-17.018146246116398,-8.464755213622201,3.831336427803386,2.313622409825844,2.2872639490670643,44.72727342085405,-2.3136243624938544,3.55212926864624,0
2022-04-12,3.9800000190734863,4.010000228881836,3.920000076293945,3.9600000381469727,3.55212926864624,5707418,-87581563.27784385,466571535,-0.3107745993549681,42865.06299425633,0.0473070788150778,0.0169267663873978,70056.93434481253,3.880373137622442,67.12646386611814,1131.974430623497,3.84449999332428,4.010328246030566,3.6786717406179936,8.6267786705286,0.8482520105523443,0.0,0.0,3.874000008900961,3.953000052769979,3.794999965031942,4.078474119127862,1.0443036803156698,1.0,0.0,3.660000085830689,4.059999942779541,3.8600000143051143,10.40447022092406,0.750000149011665,0.1057790646435734,3.029163468945635,0.1113328487207936,0.1193316721482365,-0.0079988234274429,3.8883333404858913,3.7980769139069777,3.8766773992322583,3.765344550511465,0.9426752462885322,0.7420379249334222,0.2006373213551099,0.5077659504804195,24.45742213525036,0.1055000543594362,130.41627569189518,149.5886158694317,-19.172340177536512,3.8950001001358032,3.7699999809265137,3.8325000405311584,3.4800000190734863,55.28829957473033,30.349886494889283,29.419005258754733,15.58107758515458,116.97607279680328,3.227500021457672,3.22000002861023,60.0,4.0,56.0,3.75,4.013736488319304,1.0,0.0,64.39670053781398,0.3112362344989921,0.2964665126310066,0.2170386376715339,28.85536710360364,47.776455322814975,67.74196029330105,62.36562034218457,-32.258039706698945,0.2466912178432241,2.590677351525289,2.9567771880443385,3.2255566982876176,-0.268779510243279,-26.00002836611073,-18.814522670115267,-7.18550569599546,3.8327832839304135,-0.5025120811725348,-0.503778918921638,44.00000138716265,0.502512495695882,3.5610992908477783,1
2022-04-13,3.950000047683716,4.0,3.920000076293945,3.9700000286102295,3.5610992908477783,5832971,-86123320.52784382,472404506,-0.2901227548627525,45074.29033399881,-0.0068577192273882,0.0149411908955036,-13950.754414793988,3.8892203804600873,60.44499208918734,1131.974430623497,3.8574999928474423,4.019842265925117,3.695157719769768,8.41696815962093,0.846490269077851,0.0,0.0,3.891333349545797,3.9693333943684896,3.813333304723104,4.008910972985495,1.0042732939657613,1.0,0.0,3.660000085830689,4.059999942779541,3.8600000143051143,10.36940655062942,0.7750001341104985,0.1032011505498216,3.032561654652992,0.1105305112730512,0.1175714399731995,-0.0070409287001482,3.8900000055631008,3.8161538380842943,3.891034726828869,3.780504215555818,0.9419355642534728,0.7741933995306091,0.1677421647228638,0.4961683161463653,24.49388304118807,0.1425000071525572,129.99991782334047,145.40873450224373,-15.408816678903264,3.90500009059906,3.7699999809265137,3.837500035762787,3.4800000190734863,72.61165216535733,30.37852987197776,27.83376604663805,14.74149327773926,106.04025694407424,3.247500002384186,3.2300000190734863,56.00000000000001,4.0,52.00000000000001,3.755200004577637,4.013736488319304,0.0,0.0,64.89647750122666,0.3377282548897877,0.3509691215006056,0.2800522450876516,28.99867075840532,50.59243064931943,70.96776426397095,70.96776426397095,-29.03223573602905,0.2386618095285753,0.5063286249386676,2.923697606743729,3.16518487997884,-0.2414872732351112,-26.12959134129249,-20.277536404350712,-5.8520549369417765,3.851948742561831,0.2525250092658027,0.2522067006242912,44.36363740400835,-0.2525252186263174,3.588009119033813,2
2022-04-14,4.010000228881836,4.059999942779541,3.9800000190734863,4.0,3.588009119033813,3225765,-87736203.02784382,475630271,-0.2828902043265541,52459.79995915942,0.1488016282875828,0.0242946746639949,39105.745070242105,3.895508643134448,57.47538113284267,1140.5283853559722,3.87299998998642,4.02741507572444,3.7185849042484,7.973926472360328,0.9112292830930008,0.0,0.0,3.9116666873296095,3.989666732152304,3.8336666425069175,3.988072147115453,1.0662388583954396,1.0,0.0,3.740000009536743,4.059999942779541,3.899999976158142,8.262327241677063,0.8125001396984154,0.1018810269117705,3.032561654652992,0.1110354524573598,0.1162642424700315,-0.0052287900126717,3.8900000055631008,3.833076917208158,3.9077986150090434,3.796763162551684,0.9736842435482712,0.7499998431457197,0.2236844004025515,0.4861939544450637,24.41982665012946,-0.093000018596649,130.3283404703922,141.73507625751523,-11.40673578712304,3.9299999475479126,3.7699999809265137,3.849999964237213,3.4800000190734863,84.48529291624169,30.863872458746027,30.21355597748196,13.838092895387364,142.5200470151373,3.262499988079071,3.245000004768372,52.0,12.0,40.0,3.7602960090637207,4.013736488319304,0.0,0.0,66.41940863383391,0.4184553103012937,0.3558065998966911,0.3344140780094344,29.548256579127308,51.29452822114143,80.64517617598064,73.11830024441754,-19.35482382401937,0.2440588607507594,0.0,2.9244766582368653,3.117043235630445,-0.1925665773935798,-28.857107921143204,-21.99345070770921,-6.863657213433992,3.8743233131099553,0.7556667801907446,0.7528259214184541,45.45454545454546,-0.7556607100283372,3.722559690475464,3
2022-04-19,4.150000095367432,4.170000076293945,4.050000190734863,4.150000095367432,3.722559690475464,8836919,-81844923.69451049,484467190,-0.3091958972344414,234328.2132156036,0.1222146317154971,0.0259931736591107,355760.7077005871,3.902046239710699,54.82841680802447,1140.5283853559722,3.891499996185303,4.081476386219612,3.701523606150993,9.763658754749413,1.1803479609635812,1.0,0.0,3.941333373387655,4.027333410580953,3.8553333361943567,4.364007255716069,1.7131780914859775,1.0,0.0,3.75,4.170000076293945,3.9600000381469727,10.792755408085732,0.9523810064441124,0.108692931849988,3.032561654652992,0.1221315199392503,0.1174376979638753,0.0046938219753749,3.920833349227905,3.853846155680143,3.9450603812180254,3.822928861278776,0.9597315951717869,0.7516775301763421,0.2080540649954447,0.4847298265654701,24.3871134678318,-0.1015000343322753,131.60534100403103,138.80519271792426,-7.199851713893224,3.9850000143051143,3.915000081062317,3.950000047683716,3.5350000858306885,92.02809551946932,32.00909733255266,34.036799687775805,12.30423504176028,212.1532222585996,3.2950000762939453,3.265000104904175,100.0,8.0,92.0,3.7722841664123536,4.013736488319304,0.0,0.0,72.77852293520799,0.7555372449888239,0.503906936726635,0.4035608860413105,32.11932912067838,55.2008874279584,95.23810064441123,82.28368036145429,-4.761899355588757,0.25425006571938,9.788363142278683,3.194710766822826,3.1325767418689217,0.0621340249539041,-24.81594956562177,-22.557950479291726,-2.2579990863300488,3.929029180263993,3.750002384185791,3.681399610282021,50.90909437699751,-3.750006395688402,3.614919424057007,1
2022-04-20,4.059999942779541,4.070000171661377,4.010000228881836,4.03000020980835,3.614919424057007,7956889,-84497220.02784382,476510301,-0.2974273117519347,64449.07284104332,-0.05278434811821,0.0258586678929525,101306.1798236699,3.9053897752972633,55.73490559197448,1107.549283530799,3.9045000076293945,4.0950230736172974,3.713976941641492,9.759153060090703,0.8293569771413494,0.0,0.0,3.958000063896179,4.045000076293945,3.871000051498413,4.396160232100905,0.913793883057074,0.0,0.0,3.75,4.170000076293945,3.9600000381469727,10.756820987918172,0.6666670451087869,0.1118236253135488,3.129481492688612,0.1198605674666253,0.1179222718644253,0.0019382956021999,3.9408333698908486,3.8665384696080136,3.9581280471549993,3.838267479688374,0.9127517895388696,0.7516775301763422,0.1610742593625272,0.4814914233912158,24.32653952180457,-0.0645000934600825,129.54058526860769,136.11602365135303,-6.575438382745347,3.9850000143051143,3.915000081062317,3.950000047683716,3.5350000858306885,96.01404775973468,32.47291181041767,30.99032105325193,13.76023730949399,114.5458347865096,3.4049999713897705,3.3600000143051147,96.0,4.0,92.0,3.796147121005249,4.013736488319304,0.0,0.0,62.570292670965806,0.2838014684860181,0.4859313412587118,0.4485482926273459,30.96150394746413,50.92522187623084,66.6667045108787,80.8499937770902,-33.333295489121305,0.2483383227797113,6.332460431951563,3.122777870508303,3.130616967596798,-0.0078390970884951,-22.283691874712936,-22.50309875837597,0.2194068836630336,3.9347494165758063,-2.891563440999334,-2.934192920249523,46.54546217484907,2.891565894668261,3.659769296646118,2
2022-04-21,4.090000152587891,4.110000133514404,4.059999942779541,4.079999923706055,3.659769296646118,4728589,-85442955.86591053,481238890,-0.2846579468164034,89017.5048837279,0.0475829148358259,0.0352877142636875,-171411.47479640966,3.941902630937431,70.57038864381039,1121.2905104343038,3.917500007152557,4.118385622161041,3.7166143921440735,10.25580674622629,0.9044588173887784,0.0,0.0,3.9756667216618857,4.059666760762533,3.891666682561238,4.225708289025507,1.1210306754688464,1.0,0.0,3.75,4.170000076293945,3.9600000381469727,10.721125093225544,0.7857139613353255,0.1086412551527994,2.799314752120042,0.1207039799717457,0.1184786134858894,0.0022253664858563,3.9608333706855774,3.8773076992768503,3.976877566624392,3.856173586652647,1.0606059839793616,0.6363635542636009,0.4242424297157606,0.478850614937534,24.214411162615928,-0.057500112056732,126.2178132069092,133.41896826476216,-7.201155057852944,3.9850000143051143,3.915000081062317,3.950000047683716,3.5350000858306885,98.00702387986732,33.15825629550444,31.98271780333653,13.04188668271127,134.27799616477088,3.414999961853028,3.370000004768372,92.0,8.0,84.0,3.818578298322571,4.013736488319304,0.0,0.0,64.78658352644536,0.4392940675962082,0.49287759369035,0.4942386238918989,30.748969442933188,54.14625219799135,76.92304400533324,79.60928305354108,-23.07695599466676,0.2435147699187778,6.250000388051069,3.1301490262144265,3.130523379320324,-0.0003743531058972,-23.520100866808438,-22.706499180062465,-0.8136016867459688,3.944474772985232,1.2406876251771504,1.2330541696358166,48.363633589311085,-1.2406880300191148,3.4893391132354736,3
2022-04-22,3.890000104904175,3.920000076293945,3.839999914169312,3.890000104904175,3.4893391132354736,11814170,-82489386.95923628,469424720,-0.2136416397121275,-244369.30428460537,-0.1388166639618715,0.0239335586662601,-491502.148409253,3.949267479132189,57.43672686961434,1121.2905104343038,3.922000014781952,4.116072234303724,3.7279277952601793,9.896594532907567,0.4175566962736085,0.0,0.0,3.976000054677328,4.062000091870626,3.8900000174840295,4.325957545806807,5.082564391711674e-07,0.0,0.0,3.75,4.170000076293945,3.9600000381469727,10.708823934496994,0.3333335225543934,0.1217771305911937,2.944665252210023,0.104832548611542,0.1157494005110199,-0.0109168518994779,3.963333388169607,3.8850000088031473,3.96351180328282,3.8586792546712783,0.9662160986614432,0.7094595117060263,0.2567565869554168,0.4656761802976751,24.19990086490309,-0.0419999003410338,121.83240386225806,130.73902902912022,-8.906625166862156,4.004999995231628,3.915000081062317,3.9600000381469727,3.5350000858306885,49.00351193993367,31.200789942777337,27.366955765860023,24.38905596012185,-36.48422251847268,3.435000002384186,3.370000004768372,88.0,4.0,84.0,3.8396636050008537,4.013736488319304,0.0,0.0,52.14987552507397,0.0,0.241031845360742,0.4066135934366013,25.906285540094288,44.923989257911934,24.324357413816543,55.97136864334284,-75.67564258618346,0.2079559389282677,0.7772075291106931,2.716798720303917,3.047778447517042,-0.3309797272131258,-16.701813543877638,-21.505562052825503,4.803748508947866,3.944191290522602,-4.656858391048546,-4.768778511856486,41.454549269242726,4.656855927143553,3.3996386528015137,4
2022-04-26,3.7300000190734863,3.819999933242798,3.7200000286102295,3.7899999618530273,3.3996386528015137,9957199,-78506507.35923629,459467521,-0.1216935249859756,-351705.307156625,-0.1104727437916288,0.0160426483954295,-806138.6522056261,3.935656928496453,49.45853417765811,1092.4655211228735,3.921500015258789,4.116874082469196,3.7261259480483817,9.96425176336581,0.1634659469310653,0.0,0.0,3.969333386421204,4.055333399772644,3.883333373069763,4.3332219785639765,-0.5426360274813382,0.0,1.0,3.7200000286102295,4.170000076293945,3.945000052452088,11.475201987319622,0.1555553907229751,0.1265994251614688,3.5921062528550998,0.0832257741843789,0.1092446752456917,-0.0260189010613128,3.955833375453949,3.888076928945688,3.936817673832083,3.853591899647704,0.8687498779967919,0.7437500456347885,0.1249998323620034,0.4399459251905988,24.20910407160527,-0.0214999198913568,115.97727105725453,128.01513484964738,-12.03786379239287,3.945000052452088,3.915000081062317,3.930000066757202,3.5350000858306885,24.501755969966837,29.547313817443296,24.65290094177584,28.97074337646613,-122.27804428325368,3.449999988079071,3.370000004768372,84.0,8.0,76.0,3.8396636050008537,4.170000076293945,0.0,1.0,46.95836265152378,0.0,0.1464313558654026,0.2934469316388315,20.04742655033595,43.75106542285626,15.555539072297512,38.93431349714911,-84.4444609277025,0.1433971152586095,-2.319591493127032,2.159693510669551,2.8701614601475445,-0.7104679494779935,-13.174131937169587,-19.83927602969432,6.6651440925247325,3.94283206276324,-2.5706976954853022,-2.6043175568838173,37.818180431019165,2.5707005688760773,3.41757869720459,1
2022-04-27,3.7300000190734863,3.849999904632568,3.7100000381469727,3.809999942779541,3.41757869720459,10987590,-73797540.21637909,470455111,-0.0779106254865743,-270068.6075016282,0.0127416233197011,0.0137722030207293,-197987.5346631921,3.923026326001671,51.87463088041835,1092.4655211228735,3.919000017642975,4.118689843279095,3.719310192006854,10.190856072321282,0.2270765435439457,0.0,0.0,3.9583333810170496,4.047333367665608,3.86933339436849,4.496841376493234,-0.3333340476962283,0.0,1.0,3.7100000381469727,4.170000076293945,3.940000057220459,11.737689106305057,0.2173910789994713,0.1279394692938815,4.10153907949768,0.0669443878645354,0.1007846177694605,-0.033840229904925,3.9483333627382913,3.892692309159499,3.9173072536701534,3.850362865805618,0.8452379871117768,0.7678572644992537,0.077380722612523,0.4072577228248768,24.38750025004684,-0.0890000939369195,107.02189808574762,124.77109405227066,-17.749195966523033,3.940000057220459,3.940000057220459,3.940000057220459,3.5350000858306885,12.250877984983417,27.74988639847808,24.39223504088025,26.62864872053384,-103.4182940593953,3.48499995470047,3.370000004768372,80.0,4.0,76.0,3.8396636050008537,4.161000075340271,0.0,0.0,48.07177938481062,0.0431219915389297,0.0143739971796431,0.1339457328019293,15.945702154241689,46.17772199473863,21.739107899947133,20.539668128687072,-78.26089210005287,0.0673970818519591,-2.307696163771808,1.7386513998214712,2.64385944808233,-0.9052080482608588,-9.310225007951226,-17.733465825345704,8.423240817394477,3.9407139938555344,0.5277039875413392,0.5263165090945598,38.54545246471057,-0.5277044484799092,3.4713988304138184,2
2022-04-28,3.910000085830689,3.910000085830689,3.849999904632568,3.869999885559082,3.4713988304138184,6386086,-75926252.46701185,476841197,0.0042651195443431,-176749.5500606488,0.0939545685781229,0.0148212728074868,158550.13963025407,3.920727119200122,52.76729453872478,1109.6696864090743,3.915000009536743,4.115249924441911,3.714750094631575,10.229880685433931,0.3876400921344421,0.0,0.0,3.951000038782756,4.037000052134196,3.865000025431315,4.353328904442915,0.0290689497182691,0.0,0.0,3.7100000381469727,4.170000076293945,3.940000057220459,11.749681660956211,0.3478257263991541,0.1251455366696081,4.408098466016005,0.0582117371762507,0.0922700416508185,-0.0340583044745678,3.95166669289271,3.896153844319857,3.910029197037681,3.8518174598614303,0.89880935486215,0.7559525161102814,0.1428568387518686,0.3737506257701019,24.453382873408383,-0.0249999046325681,97.85051945363152,121.15267669246356,-23.30215723883205,3.940000057220459,3.940000057220459,3.940000057220459,3.5350000858306885,6.125438992491708,25.962765188340978,26.47695255188988,25.06963310506765,-30.30306612849517,3.5149999856948853,3.370000004768372,76.0,28.000000000000004,48.0,3.8396636050008537,4.14296007385254,0.0,0.0,51.36979608730895,0.1708522870236696,0.0713247595208663,0.0773767041886374,13.698184392751816,48.35519599205386,34.782572639915415,24.02573987072003,-65.21742736008459,0.0249558638123903,1.044385447776234,1.5112797473622983,2.417343507938324,-0.9060637605760258,-10.562540709848854,-16.299280802246333,5.736740092397479,3.93906228695527,1.5748016714081323,1.562530335027712,40.72726856578479,-1.5748030397442108,3.4624288082122803,3
2022-04-29,3.910000085830689,3.910000085830689,3.839999914169312,3.859999895095825,3.4624288082122803,7222223,-79021504.95197459,469618974,-0.0447784161450289,-161817.06592677243,-0.0048461605868445,0.0205101080499375,81906.1313758404,3.9185122957544154,50.86103517896,1109.6696864090743,3.908000004291535,4.105646231090194,3.710353777492875,10.1149553010039,0.3785706411572261,0.0,0.0,3.941666690508524,4.025666705767313,3.8576666752497353,4.262157196652867,0.0138882108467581,0.0,0.0,3.7100000381469727,4.170000076293945,3.940000057220459,11.770727677631212,0.326086618499207,0.119631000168785,4.740556001050262,0.0499088151792292,0.0837977963565007,-0.0338889811772714,3.9491666754086814,3.899615379480215,3.9023323813543183,3.852423566175089,0.9171597157317456,0.7218936639215623,0.1952660518101832,0.3399267382992914,24.49634479398216,0.0720000147819517,88.56083592719237,116.54833425955826,-27.987498332365888,3.940000057220459,3.940000057220459,3.940000057220459,3.5350000858306885,3.062719496245854,24.214625796864308,25.357783250346365,24.613799476766644,-32.39851468550093,3.5199999809265137,3.375,72.0,24.0,48.0,3.8396636050008537,4.125641672424317,0.0,0.0,50.79081019319919,0.1484284953915307,0.1208009246513766,0.0688332271172953,11.75211175044911,42.645572400967446,32.6086618499207,29.71011412992776,-67.3913381500793,-0.0264559100655947,-0.7712135989540964,1.295517336604336,2.1929782736715264,-0.8974609370671904,-10.668748654280828,-15.173174372653232,4.504425718372405,3.93737957788051,-0.2583976940302213,-0.2587321170901546,40.36363254893909,0.25839791506955123,3.453458786010742,4
2022-05-02,3.7699999809265137,3.869999885559082,3.75,3.849999904632568,3.453458786010742,5306078,-75484119.61864129,464312896,0.0237326591855696,-146280.44642256197,-0.1470012206339393,0.0121124417980074,-32408.36101597509,3.9185711560166334,51.62798195807687,1106.7948971388582,3.911500000953674,4.102316749926941,3.720683251980408,9.75670453415535,0.338850371751899,0.0,0.0,3.927666680018107,4.015666691462199,3.839666668574015,4.4810325627574015,0.0587115608792718,0.0,0.0,3.7100000381469727,4.170000076293945,3.940000057220459,11.760195271246802,0.3043475105992589,0.1196678887078147,4.991528296447595,0.0420371953989762,0.0754456761649958,-0.0334084807660196,3.938333332538604,3.900769224533668,3.8942812310894337,3.8522440356904575,0.8888888579053201,0.7485382571183986,0.1403506007869215,0.3061988643657198,24.659564428272283,0.0485000371932984,79.50402207273386,110.90118777092954,-31.39716569819568,3.940000057220459,3.940000057220459,3.940000057220459,3.5350000858306885,1.531359748122927,23.138681487089887,23.522207628308426,28.26110888289543,-74.9112852501441,3.5350000858306885,3.390000104904175,68.0,20.0,48.0,3.8396636050008537,4.109016007053223,0.0,0.0,50.18170786085782,0.1248383113783719,0.1480396979311907,0.1133884607011445,10.008205951042187,49.13564202440419,30.43475105992589,32.60866184992068,-69.56524894007411,-0.0479559169096104,-3.266334518038054,1.0912391585140495,1.9726304506400312,-0.8813912921259817,-12.606336968232135,-14.659806891769014,2.0534699235368787,3.935081787856317,-0.2590671174878101,-0.2594032770560917,39.99999653209338,0.25906733967389073,3.4803690910339355,0
2022-05-03,3.809999942779541,3.890000104904175,3.809999942779541,3.880000114440918,3.4803690910339355,3039695,-73204346.10389662,467352591,0.1017432445080527,-112355.88439742562,0.105274146583254,0.0128831768752523,9939.797975634794,3.9179505639471337,49.91225694783218,1115.419333489889,3.916000008583069,4.099237635952122,3.732762381214016,9.35840791457781,0.4017671897987287,0.0,0.0,3.912333353360494,4.000333388646444,3.824333318074544,4.498595970119096,0.3162884888937182,0.0,0.0,3.7100000381469727,4.170000076293945,3.940000057220459,11.74668123439088,0.3695653526003172,0.1157011160494966,5.2343700829953965,0.0377840946966059,0.0679133598713178,-0.0301292651747119,3.9316666722297664,3.9038461538461537,3.892084136220431,3.854300041523825,0.903614411109732,0.7771085141999082,0.1265058969098238,0.2749624690928492,24.74249265914132,0.0540000200271606,70.60388468018162,104.12324817939071,-33.51936349920909,3.910000085830689,3.940000057220459,3.9250000715255737,3.5350000858306885,0.7656798740614635,21.94875938822406,23.595225860524152,26.86492889124387,-46.26329260704818,3.580000102519989,3.390000104904175,64.0,16.0,48.0,3.8396636050008537,4.093055368296973,0.0,0.0,52.03991636469508,0.1968056610547976,0.1566908226082334,0.1418438150636002,9.084487967791215,51.259378766892816,36.95653526003172,33.33331605662611,-63.04346473996828,-0.0347500268150779,-2.020200074126503,0.9803101546206484,1.7741663914361547,-0.7938562368155063,-16.62202750193224,-15.05225101380166,-1.5697764881305822,3.933633330073884,0.7792262480903478,0.7762059601332583,41.09091325239702,-0.7792276291873321,3.55212926864624,1
2022-05-04,3.930000066757202,4.045000076293945,3.930000066757202,3.9600000381469727,3.55212926864624,6736110,-76425967.57311471,474088701,0.0434718869226287,-19321.00290128024,0.2347424076348213,0.0251314388178571,162574.83072999236,3.920712745485641,51.211665297793004,1115.419333489889,3.922000014781952,4.102731930713915,3.741268098849989,9.21631388326302,0.6051281484210181,0.0,0.0,3.8978333473205566,3.9853333950042726,3.8103332996368406,4.489676180941146,0.8552380397044367,0.0,0.0,3.7100000381469727,4.170000076293945,3.940000057220459,11.728710770352889,0.5434782157998943,0.1206310006298497,5.373824035491655,0.0404030656135043,0.0624113010197551,-0.0220082354062507,3.9308333396911617,3.910000003301181,3.9025327365168216,3.862129670903317,0.9250719859153044,0.7262248598964591,0.1988471260188452,0.250316020189611,24.83319979086555,0.0779999852180481,60.12263619140317,96.410142726368,-36.28750653496483,3.910000085830689,3.940000057220459,3.9250000715255737,3.5350000858306885,0.3828399370307317,21.208299753925456,30.55091597958241,24.20850243955994,51.8763849191947,3.5900000929832463,3.400000095367432,60.0,12.0,48.0,3.8396636050008537,4.077733155090973,0.0,0.0,56.680175755487525,0.376520246084877,0.2327214061726821,0.1791506422373687,9.646932242820569,55.06530979866137,54.34782157998943,40.57970263331568,-45.65217842001057,0.0010146940455717,-0.2518889267302477,1.0461343625485902,1.628559985658642,-0.5824256231100517,-15.68867273914931,-15.179535358871188,-0.5091373802781209,3.935092846259749,2.061853642949752,2.04088517691996,44.00000138716265,-2.061855387613093,3.534189224243164,2
2022-05-05,3.9700000286102295,4.010000228881836,3.930000066757202,3.940000057220459,3.534189224243164,14340747,-87181538.50778219,459747954,-0.0103287642336701,-57534.383411377086,-0.0097623696565673,0.0210550496413111,66460.78404702911,3.923722550858841,41.59936591207392,1115.419333489889,3.926000022888184,4.104594598713927,3.74740544706244,9.09804252595799,0.5391950154912198,0.0,0.0,3.8901666720708215,3.979666741689047,3.800666602452596,4.601348845065432,0.7783985831642865,0.0,0.0,3.7100000381469727,4.170000076293945,3.940000057220459,11.716760964473227,0.5,0.1165679167793281,5.534939897386603,0.040399092034447,0.0580088592226935,-0.0176097671882465,3.925833344459533,3.913076932613666,3.9082969397019967,3.8678978476675496,0.9072463347465692,0.7623189487469204,0.1449273859996488,0.2295970489602251,24.844459498548574,0.2240000724792481,50.9274067867886,88.04454201302126,-37.11713522623266,3.877500057220459,3.940000057220459,3.908750057220459,3.5350000858306885,0.1914199685153658,20.520730093505325,29.05100669360102,23.019976451237174,31.718054358960067,3.6000000834465027,3.4100000858306885,56.00000000000001,8.0,48.00000000000001,3.8396636050008537,4.063023830413213,0.0,0.0,55.241210831057,0.3207899598038966,0.2980386223145236,0.2291502836984797,9.701421560057469,54.13613720679937,50.0,47.10145228000706,-50.0,0.0120294283418096,-1.4999985694885254,1.0444715353278735,1.5117422955924882,-0.4672707602646146,-6.715525611975025,-13.486733409491958,6.771207797516933,3.935217832153656,-0.5050500185316276,-0.5063297066661754,43.27272935347124,0.5050504372526063,3.444488763809204,3
2022-05-06,3.900000095367432,3.900000095367432,3.819999933242798,3.839999914169312,3.444488763809204,4740915,-89552003.0722817,455007039,0.0054376431063928,-117042.63980879876,-0.1856187785455706,0.0082864025471552,-192755.90764201453,3.9183581546243658,42.08841705150167,1087.1091580352993,3.924000012874603,4.105482870959492,3.742517154789714,9.249890799665916,0.2685729120873778,0.0,0.0,3.867166670163472,3.959666736920674,3.774666603406271,4.783867603683689,0.3531527762814004,0.0,0.0,3.7100000381469727,4.170000076293945,3.940000057220459,11.722732839901054,0.2826084026993137,0.1169111374991614,5.88056422888567,0.0319583709295727,0.0527987615640693,-0.0208403906344966,3.899999996026357,3.908846158247728,3.897789705004661,3.865831334075088,0.858356832980592,0.8016998093192063,0.0566570236613857,0.2068232455252983,24.754794796051492,0.1060001969337465,39.42660971336935,78.88834266314473,-39.46173294977538,3.877500057220459,3.940000057220459,3.908750057220459,3.5700000524520874,0.0957099842576829,19.204085024173672,26.9163299783272,28.064157125335697,-58.271825947705466,3.6875,3.4800000190734863,52.0,4.0,48.0,3.8396636050008537,4.048902878722563,0.0,0.0,48.59779674358141,0.0634943421746918,0.2536015160211551,0.2614538481694536,7.746445426751307,48.0606535815863,28.26084026993137,44.20288728330694,-71.73915973006864,0.0049117845647477,-7.469883712633335,0.8266881860022718,1.3747314736744451,-0.5480432876721734,-9.54987786631845,-12.699362300857256,3.149484434538806,3.92678440956266,-2.5380746598692605,-2.570839358490784,39.6363605152477,2.538077469611693,3.444488763809204,4
2022-05-09,3.839999914169312,3.880000114440918,3.819999933242798,3.839999914169312,3.444488763809204,5027201,-91227750.05644274,460034240,-0.0321363014511806,-100322.26269325608,-0.0119350954890185,-0.0031947920083163,-120327.96226094096,3.9121312906818377,38.35582052937493,1087.1091580352993,3.921000003814697,4.105921694456037,3.736078313173358,9.43237390774962,0.2809881324238829,0.0,0.0,3.8634999990463257,3.9540000677108766,3.772999930381775,4.684874786431484,0.3701653754312634,0.0,0.0,3.7100000381469727,4.170000076293945,3.940000057220459,11.731702058134246,0.2826084026993137,0.1112200418690572,6.21020854136248,0.0249810723895196,0.0472352237291594,-0.0222541513396398,3.884166638056438,3.902692308792701,3.888898967953068,3.863917895563549,0.8270892880700065,0.8501441504331386,-0.0230548623631321,0.183274553017741,24.652615107827405,0.1589999198913574,29.82136237743058,69.31546392094208,-39.4941015435115,3.877500057220459,3.940000057220459,3.908750057220459,3.5700000524520874,0.0478549921288414,17.981486031222847,25.8918815770603,26.99602187349777,-61.3694400813925,3.6875,3.4800000190734863,48.0,4.0,44.0,3.8396636050008537,4.03534676509954,0.0,0.0,48.59779674358141,0.0634943421746918,0.1492595480510933,0.2336332287955907,6.175561143737319,46.39711614744671,28.26084026993137,35.507226846620924,-71.73915973006864,0.0089412128224091,-4.714647289015235,0.6465218222727315,1.2290895433941025,-0.5825677211213708,-11.540820122141003,-12.467653865114007,0.9268337429730024,3.925213665997239,0.0,0.0,39.6363605152477,0.0,3.3727288246154785,0
2022-05-10,3.740000009536743,3.7899999618530273,3.619999885559082,3.759999990463257,3.3727288246154785,13198099,-82687797.1117979,446836141,0.0465354399022842,-236825.78417492844,-0.1867695346558338,-0.0252650896062685,-274960.1397565054,3.873024246200002,28.784803172251245,1087.1091580352993,3.917500007152557,4.111600573115123,3.723399441189992,9.90940985874549,0.0942824383117046,0.0,0.0,3.858166662851969,3.9556667486826576,3.7606665770212806,5.054218459221048,-0.0034183895959912,0.0,1.0,3.619999885559082,4.170000076293945,3.8949999809265137,14.03957089293363,0.254545557006296,0.1220980405431745,6.55443383418981,0.0128480830680315,0.0403577955969338,-0.0275097125289023,3.857499976952871,3.901923078757066,3.8690683560315584,3.856220272963527,0.7142856761234893,0.9663868644093264,-0.2521011882858373,0.155804570196972,24.759490292989227,-0.0274999022483823,21.33376460836476,59.79456020123288,-38.46079559286812,3.8324999809265137,3.8949999809265137,3.8637499809265137,3.5700000524520874,0.0239274960644207,18.282014722256257,22.509010088616584,35.346505466743864,-149.71332948486494,3.7074999809265137,3.4800000190734863,44.0,100.0,-56.0,3.8396636050008537,4.022332896021437,0.0,0.0,43.71956645173864,0.0,0.0423295614497944,0.1483968751740143,3.3298090633868704,49.48119923061732,28.57143552240404,28.3643720207556,-71.42856447759597,-0.0181470408159145,-7.843135765358715,0.3331781422889961,1.049907263173081,-0.7167291208840849,-4.413060576259276,-10.85673520734306,6.443674631083785,3.923266008195403,-2.083331393077936,-2.1053389382458265,36.727272380482056,2.083326267389751,3.435518741607666,1
2022-05-11,3.759999990463257,3.8450000286102295,3.7100000381469727,3.829999923706055,3.435518741607666,7422216,-76914974.09678102,454258357,0.0974553964643358,-128771.44007656309,0.131867815681716,-0.0120756493348452,-136780.7179928322,3.856062283319509,35.637118635005635,1107.3478731105963,3.9144999980926514,4.112032358695782,3.716967637489521,10.09234184183821,0.2861108070379199,0.0,0.0,3.858666666348776,3.95566676457723,3.76166656812032,5.02764849186832,0.3522334349847572,0.0,0.0,3.619999885559082,4.170000076293945,3.8949999809265137,14.050330591463842,0.3818181187653571,0.1233882355351827,6.711572937858715,0.0087798031111003,0.0340421970997671,-0.0252623939886667,3.8524999618530273,3.903461538828336,3.863057827981481,3.8542780248703807,0.8314606320179424,0.9241576058712024,-0.0926969738532601,0.1301771837711511,24.996433492912782,-0.124500036239624,12.851443183788502,50.35021839347253,-37.49877520968403,3.8324999809265137,3.8949999809265137,3.8637499809265137,3.5700000524520874,0.0119637480322103,18.060843867393334,23.95805052202436,32.53720723972216,-84.52799614664444,3.709999978542328,3.4800000190734863,40.0,96.0,-56.0,3.8396636050008537,3.998192915393696,0.0,0.0,48.583022528333046,0.230856416897935,0.0981169196908755,0.0965686763972544,2.3173640599653065,52.03038215095417,42.85712895519202,33.22980158250915,-57.14287104480798,-0.0594852861236123,-1.5424210688960305,0.2277937153066597,0.8854845535997967,-0.657690838293137,-4.710849236439754,-9.6275580131624,4.916708776722646,3.922498813881565,1.8617003569240345,1.844582840702902,39.272724498402,-1.861694795440485,3.3547887802124023,2
2022-05-12,3.839999914169312,3.869999885559082,3.7200000286102295,3.740000009536743,3.3547887802124023,9925938,-84193995.29678102,444332419,0.0180677608178331,-237994.60121561296,0.026445722837721,-0.0135854487632812,-95066.94529773612,3.840018535264053,29.85330131714544,1107.3478731105963,3.902499997615814,4.111485719834279,3.6935142753973498,10.71035092100662,0.1112174880798777,0.0,0.0,3.848666667938232,3.95466673374176,3.7426666021347046,5.50840459562652,-0.0125782591630838,0.0,1.0,3.619999885559082,4.170000076293945,3.8949999809265137,14.093534684711834,0.2181819679322787,0.1260493976765497,6.859050506665075,-0.0016871307844588,0.0268963315229219,-0.0285834623073807,3.848333299160004,3.8996153886501608,3.84412585591306,3.845812986697519,0.8324323906351796,0.9513515429220958,-0.1189191522869161,0.1020630534004214,25.314408300113143,-0.0925000548362731,4.288652380978767,40.986642443893246,-36.69799006291448,3.8324999809265137,3.8949999809265137,3.8637499809265137,3.5700000524520874,0.0059818740161051,17.63093737902961,23.324832930587263,29.711556053837462,-88.96110382136729,3.709999978542328,3.4800000190734863,36.0,100.0,-64.0,3.8396636050008537,3.975501333603619,0.0,0.0,43.39121560180591,0.0,0.0769521389659782,0.0724662067022161,-0.194710410759625,45.81291300757437,28.2353106171953,33.22129169826379,-71.7646893828047,-0.0931617926148806,-1.3192599688533488,-0.0438692882439816,0.6996137852310411,-0.7434830734750227,-2.429737454453708,-8.187993901420661,5.7582564469669535,3.9133196493204383,-2.349867257496563,-2.3779169296092477,36.00000034679065,2.3498623488074912,3.453458786010742,3
2022-05-13,3.7899999618530273,3.8550000190734863,3.759999990463257,3.849999904632568,3.453458786010742,5724814,-79071806.90798825,450057233,0.0558345543026112,-114034.09540722416,0.0207431173760795,-0.0021883215248562,-64869.64571452604,3.8344121137715215,36.73812951586169,1139.916897058764,3.896999990940094,4.1054323128526855,3.688567669027503,10.697065557976057,0.387253363882699,0.0,0.0,3.8438333352406815,3.9523333867390953,3.735333283742269,5.645408738390026,0.5284173569815124,0.0,0.0,3.619999885559082,4.170000076293945,3.8949999809265137,14.113425507147198,0.4181817078393727,0.1249444588625691,6.692837999188338,-0.0010935730507202,0.0212983506081935,-0.0223919236589137,3.851666629314423,3.899230773632343,3.845029555716061,3.8461231287667816,0.8898550788736751,0.9275362579243052,-0.03768117905063,0.0788884358441932,25.531086258811523,-0.027000105381012,-1.71146712684081,31.962699199496058,-33.67416632633687,3.8324999809265137,3.8949999809265137,3.8637499809265137,3.595000028610229,0.0029909370080525,17.231738496977577,21.76429411090501,27.723716022864465,-52.12821769293224,3.722499966621399,3.4800000190734863,32.0,96.0,-64.0,3.8396636050008537,3.954171246720947,0.0,0.0,50.37187896423871,0.5252979376643594,0.2520514515207647,0.1423735033925395,-0.1288305038176664,51.53990083468377,54.11762725936554,41.73668894391763,-45.88237274063446,-0.1030735597890966,1.0498677809387418,-0.0284331264004764,0.5540044029047376,-0.5824375293052141,-4.744211355995662,-7.499237392335662,2.7550260363399994,3.912966110708685,2.941173658163976,2.898750955255913,39.99999653209338,-2.9411689457269716,3.525219202041626,4
2022-05-16,3.920000076293945,3.9600000381469727,3.880000114440918,3.930000066757202,3.525219202041626,5511395,-77693958.15798825,455568628,0.055424011160226,-34756.011272920936,0.1632979878773267,0.017366730737212,282899.44977665914,3.844500894092875,43.51250625069086,1163.603530521685,3.894999992847443,4.101349290760497,3.6886506949343887,10.5955993988181,0.5848078337647324,0.0,0.0,3.853833349545797,3.9583334048589074,3.749333294232687,5.423174581507343,0.8644338607438488,0.0,0.0,3.619999885559082,4.170000076293945,3.8949999809265137,14.120672445310715,0.5636364976236178,0.1234500263277526,6.281722893469394,0.0057657067454925,0.0181918218356533,-0.0124261150901607,3.856666644414266,3.901153848721431,3.8581019420300833,3.852336235284591,1.0300299891788074,0.8558559087474381,0.1741740804313692,0.0639097385102347,25.69097810820183,-0.0350000977516176,-3.010871996114933,23.783281791018663,-26.7941537871336,3.8324999809265137,3.8949999809265137,3.8637499809265137,3.625,0.0014954685040262,16.079780594815727,26.51546774769955,25.93622904347155,24.5981879576447,3.737499952316284,3.4800000190734863,28.000000000000004,92.0,-64.0,3.619999885559082,3.954171246720947,1.0,0.0,54.74289972912907,0.8542191410046673,0.4598390262230088,0.2629475389032506,1.3737579207147708,55.721552670895576,72.94118637031718,51.764708082292685,-27.05881362968282,-0.0911323743707992,1.550392324868303,0.1496677961981336,0.4731370815634168,-0.3234692853652832,-6.831205617181607,-7.365631037304851,0.5344254201232443,3.913288178668199,2.077926340423364,2.056631933880415,42.90909333662554,-2.077928838229383,3.50727915763855,0
2022-05-17,3.910000085830689,3.9700000286102295,3.849999904632568,3.910000085830689,3.50727915763855,7513233,-77693943.23055078,448055395,0.0642186332309172,-51257.22633342505,-0.0159720109904192,0.0153157568579177,76287.48310052096,3.8551864973174186,34.288382887676505,1163.603530521685,3.890499997138977,4.09134579162121,3.689654202656744,10.324934822255877,0.5485449265740963,0.0,0.0,3.858833344777425,3.967333396275838,3.750333293279012,5.623463974947648,0.7357913215092453,0.0,0.0,3.619999885559082,4.170000076293945,3.8949999809265137,14.137005298530427,0.5272729085496014,0.1231050360927435,5.897416274160486,0.0094786402242226,0.0164491855133671,-0.0069705452891445,3.860833326975504,3.901538463739248,3.866086271845561,3.8566076316213382,1.0182369093780907,0.866261456767127,0.1519754526109638,0.053911406519791,25.79447385849614,-0.0405000925064089,-4.134118324399716,16.6436424003739,-20.77776072477361,3.815000057220459,3.8949999809265137,3.8550000190734863,3.625,0.0007477342520131,15.103988110143508,24.648426905675656,25.870316585588416,19.95027529468752,3.737499952316284,3.4800000190734863,24.0,88.0,-64.0,3.62679988861084,3.954171246720947,0.0,0.0,53.47487360407264,0.7587996265812508,0.7127722350834258,0.4748875709423998,2.177534867552481,57.77522120511664,68.2353106171954,65.09804141562604,-31.764689382804598,-0.0513088352539958,1.2953417640863034,0.2457766288306013,0.4276649910168537,-0.1818883621862523,-6.341807596828622,-7.160866349209606,0.8190587523809834,3.913260161794859,-0.5089053584422909,-0.5102046918878056,42.18182130293415,0.5089057835803885,3.41757869720459,1
2022-05-18,3.920000076293945,3.920000076293945,3.7899999618530273,3.809999942779541,3.41757869720459,7641142,-82983968.92709187,440414253,-0.0073401393070985,-153094.09301066922,-0.0935723937007465,0.0019209738379984,-233661.14719641465,3.852736408771397,27.676055143313874,1163.603530521685,3.8734999895095834,4.037850297321464,3.709149681697701,8.485881412520136,0.3068149443239106,0.0,0.0,3.845000004768372,3.955000066757202,3.734999942779541,5.721719732245211,0.3409088987950555,0.0,0.0,3.619999885559082,4.110000133514404,3.865000009536743,12.650064522585952,0.3877550226010967,0.1237945439275609,5.70550732112555,0.0043023956097543,0.0140198275326446,-0.0097174319228903,3.8574999968210864,3.900769233703613,3.857457605835404,3.85315521022565,0.9223880333580856,0.9582090176832476,-0.035820984325162,0.0425031627726745,25.85219140501837,0.0065001249313354,-8.811430334223546,10.00599383137255,-18.81742416559609,3.794999957084656,3.8949999809265137,3.8449999690055847,3.665000081062317,0.0003738671260065,14.684487595503228,22.77729901612564,27.41008703975252,-30.78556102060604,3.757499992847442,3.4800000190734863,20.0,84.0,-64.0,3.6405278942108152,3.954171246720947,0.0,0.0,47.54481132358289,0.3125598747939849,0.6418595474599676,0.6048236029221341,0.9763407808687812,54.27645442614804,44.70587575312188,61.960790913544834,-55.29412424687812,-0.0313970741103677,-1.038960073866401,0.1116590268239508,0.3644637981782732,-0.2528047713543223,-5.751762743570765,-6.879045628081838,1.1272828845110725,3.909157544205921,-2.5575483594881487,-2.590822182874075,38.54545246471057,2.5575512071401647,3.426548719406128,2
2022-05-19,3.7200000286102295,3.839999914169312,3.690000057220459,3.819999933242798,3.426548719406128,6607784,-78138260.66042523,447022037,0.0413372474200594,-121783.8258686792,-0.2043043799885421,-0.0123260418335513,-178082.65305465326,3.8470588898058686,27.882668726739936,1166.657605162888,3.862999975681305,4.012144234470175,3.713855716892435,7.721680545057004,0.3558441243810185,0.0,0.0,3.827333323160807,3.94433335463206,3.710333291689556,6.113919096789169,0.4686607352759064,0.0,0.0,3.619999885559082,4.110000133514404,3.865000009536743,12.684448641988473,0.408163156076508,0.1264150752296901,5.473354942216945,0.0009956231925278,0.0114149866646212,-0.0104193634720933,3.852499981721243,3.898076919408945,3.8516948869750034,3.850699263782476,0.8746439005755454,1.0056981341952442,-0.1310542336196988,0.0310670292137479,25.944193741968864,0.0970000624656677,-11.902672818049895,4.302740216770412,-16.205413034820307,3.794999957084656,3.8949999809265137,3.8449999690055847,3.695000052452088,0.0001869335630032,15.01689038313122,20.8139373742805,30.79393262104623,-81.58665126886393,3.7674999833107,3.4800000190734863,16.0,80.0,-64.0,3.653706779586792,3.954171246720947,0.0,0.0,48.16386139527762,0.3591436604728987,0.4768343872827114,0.6104887232753683,0.2105890762403581,57.32758426194851,47.05881362968282,53.33333333333337,-52.94118637031718,-0.0313676553613997,-1.546396377020874,0.0258556465806654,0.2967421678587517,-0.2708865212780862,-6.3203697003145365,-6.767310442528378,0.4469407422138411,3.906458265966922,0.262466945234685,0.2621231022660097,38.90908848155628,-0.2624671732907018,3.3547887802124023,3
2022-05-20,3.75,3.809999942779541,3.7300000190734863,3.740000009536743,3.3547887802124023,7178039,-83521789.91042523,439843998,0.0122930488224365,-186420.7896530229,0.0055725419862011,-0.0014279159321127,-132982.03453680774,3.842288457753009,27.417703456165924,1166.657605162888,3.8459999799728393,3.967227094757832,3.724772865187847,6.30406216413181,0.0628042017493488,0.0,0.0,3.8179999907811486,3.934999998410543,3.700999983151753,6.12886369365638,0.1666667685549432,0.0,0.0,3.619999885559082,4.045000076293945,3.8324999809265137,11.050447034528188,0.282353106171953,0.1227735591236522,5.331935589232829,-0.0079882593467233,0.0075343374623523,-0.0155225968090756,3.834166646003724,3.888846149811378,3.834511059676809,3.8424993190235326,0.9420289234112718,0.994202906162489,-0.0521739827512172,0.0159956413773014,25.95198006185665,0.0940000772476197,-15.972017728478868,-0.7854131283306377,-15.18660460014823,3.794999957084656,3.8949999809265137,3.8449999690055847,3.764999985694885,9.34667815016435e-05,15.325550114500071,19.71581977466162,29.169282812383223,-102.74749529602514,3.787499964237213,3.4800000190734863,12.0,76.0,-64.0,3.666358509547729,3.954171246720947,0.0,0.0,43.71877710678032,0.0246491449433433,0.2321175600700755,0.4502704982709182,-1.830726775454168,50.55026108377623,28.2353106171953,40.00000000000001,-71.7646893828047,-0.0381323667133557,-5.555556224519015,-0.207892277486553,0.1958152787896907,-0.4037075562762438,-6.098552900286233,-6.633558934079949,0.5350060337937164,3.902271071793994,-2.094238877070942,-2.1164791166404573,36.00000034679065,2.0942337339993458,3.22920823097229,4
2022-05-23,3.9700000286102295,4.019999980926514,3.549999952316284,3.5999999046325684,3.22920823097229,25294772,-103434700.98760337,414549226,-0.1233809884202747,-665685.0673493315,0.0278713471137399,-0.0069566873227923,-1097189.113428776,3.8181459076565,20.32853133225421,1166.657605162888,3.831499969959259,3.9914093737234126,3.6715905661951056,8.347091479468489,-0.2238475658008348,0.0,1.0,3.805666653315226,3.963666645685832,3.647666660944621,8.3034068279715,-0.1508441728283275,0.0,1.0,3.549999952316284,4.045000076293945,3.7975000143051143,12.91922557376203,0.1010099793804104,0.15749620607231,5.595469251224223,-0.026103978999783,0.0008066741699252,-0.0269106531697082,3.805833299954733,3.874999990830055,3.7984324204392337,3.8245363994390167,0.8392434636406109,0.905437464173812,-0.0661940005332011,-0.0079757846426188,26.431418260273635,0.0084999442100528,-21.944808635933946,-5.594143488808271,-16.35066514712567,3.784999966621399,3.8600000143051143,3.822499990463257,3.825000047683716,4.673339075082175e-05,14.66809869663444,25.42828759455556,22.49480476162188,-129.548756553413,3.8325000405311584,3.4800000190734863,8.0,100.0,-92.0,3.666358509547729,3.9700000286102295,0.0,1.0,37.24128576711127,0.0,0.1279309351387473,0.2789609608305114,-5.841286940321544,40.633017359578346,10.100997938041049,28.465040728306395,-89.89900206195895,-0.0641029778648825,-8.629445371829501,-0.6825396930099015,0.0201442844297723,-0.7026839774396738,10.84737883552633,-3.1373713801586933,13.984750215685024,3.8834103609720607,-3.743318303400645,-3.8151795005261,30.9090874411843,3.743322082773915,3.1843581199646,0
2022-05-24,3.549999952316284,3.609999895095825,3.509999990463257,3.549999952316284,3.1843581199646,17897536,-107014208.18760335,396651690,-0.1604245473470579,-698426.6215249955,-0.1257155226647478,-0.0327036823441901,-1195440.4884919887,3.7764221300944096,13.749749850850648,1150.4540423370918,3.819499969482422,4.0207436506713385,3.6182562882935057,10.537697750849144,-0.1695862835890638,0.0,1.0,3.78899998664856,3.9399999618530273,3.638000011444092,7.970439468807176,-0.2913909721132321,0.0,1.0,3.509999990463257,4.045000076293945,3.777500033378601,14.007071347173907,0.074766271842592,0.1517465759283358,6.067176337674357,-0.0439883255908042,-0.0081523257822206,-0.0358359998085836,3.78166663646698,3.858846141741826,3.7602120407280095,3.804200366318815,0.7804877112693456,1.1634147348466122,-0.3829270235772666,-0.0394004328886012,26.69971111445013,0.02049994468689,-27.59923127914873,-10.088662873579077,-17.510568405569654,3.764999985694885,3.840000033378601,3.802500009536743,3.825000047683716,2.3366695375410875e-05,13.739799213364993,24.161505449382087,23.36687562731796,-260.72439704771693,3.837500035762787,3.4800000190734863,4.0,100.0,-96.0,3.666358509547729,4.019999980926514,0.0,0.0,35.23348616242973,0.0,0.008216381647781,0.1227549589522013,-9.756995168531208,37.107351942099896,7.84312992176598,15.393146159000786,-92.15687007823402,-0.1264559240902172,-7.552082508724796,-1.1563093779250675,-0.2151464480411957,-0.941162929883872,15.73232366114934,0.6365676281029131,15.095756033046426,3.865291456863097,-1.388887601134181,-1.398622891581902,29.090907356955785,1.388888786344566,3.22920823097229,1
2022-05-25,3.559999942779541,3.650000095367432,3.5,3.5999999046325684,3.22920823097229,14974480,-102022746.58930986,411626170,-0.1553494354727044,-491690.92045554606,0.0150256781280401,-0.0309331075024324,-37668.68770322361,3.736582617269895,24.18952269656184,1166.657605162888,3.8089999675750734,4.031881157114693,3.5861187780354538,11.702871695297636,0.0311401931804726,0.0,0.0,3.767833320299784,3.920333305994669,3.6153333346049,8.094837150744846,-0.0502735456087502,0.0,1.0,3.5,4.045000076293945,3.7725000381469727,14.308219504682986,0.1834860378599901,0.1515719278722454,6.325975552852569,-0.0535103864036572,-0.0172239379065079,-0.0362864484971492,3.7616666356722512,3.843461522689232,3.7355640197902495,3.789074406193908,0.7830187745602017,1.1226415964325385,-0.3396228218723367,-0.071889012797657,26.820152316124915,-0.0489999771118165,-32.976923740512056,-14.229282442633613,-18.747641297878445,3.759999990463257,3.8350000381469727,3.7975000143051143,3.825000047683716,1.1683347687705436e-05,13.181230257194942,24.34810155706472,21.626482573866504,-190.5649473044992,3.849999964237213,3.4800000190734863,8.0,96.0,-88.0,3.666358509547729,4.019999980926514,0.0,0.0,38.78751070176251,0.1821697267927699,0.0607232422642565,0.0656235196835949,-11.85499438712568,38.374775285945546,19.23075159625829,12.391626485355118,-80.7692484037417,-0.1736323903588688,-6.250000388051093,-1.4122284407026982,-0.4545628465734962,-0.957665594129202,16.89311305078641,3.887876712639613,13.005236338146798,3.848144248584624,1.408449379940424,1.398622891581902,30.9090874411843,-1.40845059877212,3.27405858039856,2
2022-05-26,3.609999895095825,3.670000076293945,3.6050000190734863,3.650000095367432,3.27405858039856,11588619,-97565572.3564592,423214789,-0.1157857559816156,-338673.1946256587,0.0350559766981607,-0.015170624985023,371861.63062691526,3.7252191167923776,30.907207829288595,1182.8612452533666,3.7979999780654903,4.029309336819844,3.5666906193111374,12.180587682476522,0.1800823721636962,0.0,0.0,3.754333329200745,3.8983333349227904,3.6103333234786983,7.671135889934516,0.1377318413629081,0.0,0.0,3.5,4.045000076293945,3.7725000381469727,14.349659806252571,0.2752294942552075,0.1434147522511585,6.297468037769527,-0.0563722662821297,-0.0250536035816323,-0.0313186627004974,3.752499977747599,3.824230753458463,3.722400339109817,3.778772605391947,0.8695651372674538,1.0797101107079752,-0.2101449734405214,-0.1010628119639193,26.861241668841743,0.0319999456405644,-36.22443282517112,-18.064056409114755,-18.16037641605636,3.759999990463257,3.805000066757202,3.7825000286102295,3.8350000381469727,5.841673843852719e-06,12.81532789668937,24.500480219921776,20.84617585831932,-122.45411970296794,3.950000047683716,3.5350000858306885,4.0,92.0,-88.0,3.666358509547729,3.988799982070923,0.0,0.0,42.20306700219881,0.357241944558778,0.1798038904505159,0.0829145047875178,-12.533450811452584,39.44756960735583,28.84617324411596,18.640018254046755,-71.15382675588404,-0.1908235535902132,-2.9255291323091743,-1.4918141991844638,-0.6620131170956898,-0.829801082088774,15.259213341270042,6.1621440383657,9.097069302904345,3.844089145615184,1.388894223872672,1.379337475135256,32.72727619517934,-1.388896169534604,3.139508008956909,3
2022-05-27,3.650000095367432,3.660000085830689,3.4749999046325684,3.5,3.139508008956909,15208724,-108663818.75633444,408006065,-0.1521073914453253,-616192.7454529866,-0.0851486448666833,-0.0204001642262848,-464062.7759209472,3.703692280675512,29.053847266408155,1182.8612452533666,3.7799999833107,4.043058949410913,3.516941017210487,13.918463876278311,-0.0322000376220462,0.0,1.0,3.7266666650772096,3.879666686058045,3.5736666440963747,8.211092363833137,-0.2407406339689402,0.0,1.0,3.4749999046325684,4.045000076293945,3.759999990463257,15.07936968724916,0.0438598032252586,0.1475732951458547,6.650081714377908,-0.0699378804466297,-0.0340304589546318,-0.0359074214919979,3.724999984105428,3.803846130004296,3.688184902323691,3.7581227827703207,0.817767535737526,1.070615007941672,-0.2528474722041458,-0.1342086357297009,27.00698979801995,-0.0399999737739564,-42.95285026313899,-22.50205399433965,-20.45079626879934,3.747499942779541,3.7925000190734863,3.7699999809265137,3.822499990463257,2.9208369219263597e-06,12.383979907308042,22.21878566204981,25.44897018481793,-164.45620701497103,3.950000047683716,3.5350000858306885,32.0,100.0,-68.0,3.666358509547729,3.959471983146668,0.0,0.0,35.757097787424684,0.0268389217956151,0.188750197715721,0.1430924434768311,-15.296424110968829,37.93066143571048,4.587172819760829,17.554699220045038,-95.41282718023918,-0.2224264916251686,-8.616186169182335,-1.8609791241326776,-0.9018063185030876,-0.9591728056295904,16.178272559233832,8.165369742539326,8.012902816694506,3.801159526297386,-4.10959154652658,-4.196422522709531,27.27272727272727,4.109595724621144,3.121567964553833,4
2022-05-30,3.539999961853028,3.549999952316284,3.450000047683716,3.4800000190734863,3.121567964553833,14675598,-114534057.95633446,393330467,-0.1911897234225175,-570095.4504004432,-0.0459946714666188,-0.0103448168556266,-708876.9158628968,3.682400121382911,28.947126666529016,1176.1020445837153,3.761499989032745,4.052791970391704,3.4702080076737865,15.488075619208672,0.0168078972754715,0.0,0.0,3.6836666584014894,3.838666677474976,3.528666639328003,8.41552906096818,-0.1569890782769626,0.0,1.0,3.450000047683716,4.045000076293945,3.747500061988831,15.818158456601015,0.0504201175583855,0.1428159560945261,7.013897941191619,-0.0813646378238188,-0.0434972947284692,-0.0378673430953496,3.70333331823349,3.780769210595351,3.656156458746736,3.737521096570555,0.8867469392229186,1.108433674028648,-0.2216867348057294,-0.1694189955980367,27.06266174030361,0.0884999155998227,-52.53923867431942,-27.880400699886284,-24.658837974433137,3.7350000143051143,3.747500061988831,3.7412500381469727,3.810000061988831,1.4604184609631797e-06,12.167532500226423,21.07620357784004,25.425876146113463,-163.4520063906738,3.950000047683716,3.5350000858306885,28.000000000000004,100.0,-72.0,3.666358509547729,3.92071421686554,0.0,0.0,34.989723135505585,0.0,0.1280269554514643,0.1655270145392337,-17.72252802934743,32.72034870637216,5.263153491807811,12.898833185228211,-94.7368465081922,-0.2691323666011587,-6.951871385034083,-2.176967988180101,-1.1568386524384904,-1.0201293357416108,16.267215769111413,9.785738947853744,6.481476821257669,3.730533392785659,-0.5714280264718208,-0.5730669228098284,26.545455239035864,0.5714285280334934,3.1574480533599854,0
2022-05-31,3.5199999809265137,3.559999942779541,3.5,3.5199999809265137,3.1574480533599854,13559461,-119053878.2896678,406889928,-0.2134851721756445,-411170.6828078639,0.0132748386294565,-0.0188157437879308,71995.24404890937,3.6643512852373705,31.28063647748461,1189.620445923018,3.743499982357025,4.047491778761855,3.4395081859521954,16.241047032858646,0.1323913933307698,0.0,0.0,3.645333321889242,3.794333322842916,3.496333320935568,8.174835483985484,0.0794183216089526,0.0,0.0,3.450000047683716,4.045000076293945,3.747500061988831,15.894217481352808,0.1176469409695661,0.136534352855679,7.36797899134512,-0.0861991130248074,-0.0520376583877368,-0.0341614546370705,3.675833324591319,3.76653843659621,3.635209308312856,3.7214084213376633,0.8539602560992953,1.1237623627986797,-0.2698021066993842,-0.2022257668341616,26.97210031501121,0.1865000844001771,-60.55164811495976,-33.629313786634754,-26.922334328325,3.7350000143051143,3.747500061988831,3.7412500381469727,3.810000061988831,7.302092304815898e-07,11.874618555741677,20.712363990106116,24.347200691314413,-122.84287184691269,3.9600000381469727,3.5350000858306885,24.0,96.0,-72.0,3.666358509547729,3.8736427999473575,0.0,0.0,37.86194207637437,0.1454054200981508,0.0574147806312552,0.1247306445994801,-18.83360657314971,33.6912591290149,12.280691480884892,7.377005930817854,-87.7193085191151,-0.2641029491144069,-8.571426802088412,-2.316303486888523,-1.3887316193284969,-0.927571867560026,15.409733623837008,10.9105378830504,4.499195740786609,3.6960241740687,1.1494241848790887,1.1428684924131849,27.99999930641868,-1.1494251995657123,3.211268186569214,1
2022-06-01,3.569999933242798,3.5999999046325684,3.5199999809265137,3.5799999237060547,3.211268186569214,8119850,-114993953.2896678,415009778,-0.1784311138553596,-282833.365924104,0.0295571398777743,-0.0185934997136413,294262.126919369,3.652536585430809,36.64248586562588,1209.898047931972,3.7244999766349793,4.019354195556887,3.429645757713072,15.83322436684794,0.2549635656269928,0.0,0.0,3.6179999828338634,3.7619999647140494,3.4740000009536742,7.9601980410954845,0.3680553336478032,0.0,0.0,3.450000047683716,4.019999980926514,3.7350000143051143,15.304065963715829,0.2280699846450051,0.1308809099407165,7.599199517483532,-0.08421816097451,-0.0584737589050914,-0.0257444020694185,3.646666646003723,3.758461512052096,3.626715556834886,3.710933717809396,0.8538460090080638,1.1205127490342823,-0.2666667400262185,-0.2286420095196573,26.73624423384532,0.1855001091957095,-65.9583719269945,-39.63550257651749,-26.322869350477013,3.7350000143051143,3.747500061988831,3.7412500381469727,3.810000061988831,3.651046152407949e-07,11.230176106489282,21.991986468022585,23.28343353481108,-89.81521503289612,3.930000066757202,3.5350000858306885,20.0,92.0,-72.0,3.666358509547729,3.8312785247209935,0.0,0.0,42.00127106176704,0.3549579933652212,0.1667878044877906,0.1174098468568367,-18.50374120279408,43.89976250969609,22.80699846450052,13.450281145731084,-77.19300153549949,-0.2560735548243804,-8.905855906001202,-2.2694601245592967,-1.5648773203746569,-0.7045828041846398,11.106878353525715,10.949805977145465,0.1570723763802526,3.687084122351101,1.7045438382004896,1.6901794910049173,30.18181540749289,-1.7045453258353973,3.22920823097229,2
2022-06-02,3.5199999809265137,3.630000114440918,3.5199999809265137,3.5999999046325684,3.22920823097229,13110429,-109034708.71302064,428120207,-0.1016803708056374,-204970.2665151732,0.0125855038167652,-0.0191761863964494,211648.9546691316,3.6414310038216353,39.22850086266338,1209.898047931972,3.707499969005585,3.9896258381096095,3.4253740999015587,15.219197381662925,0.3094820855768837,0.0,0.0,3.597999986012777,3.73799999554952,3.457999976476034,7.782101727681659,0.5071425660127065,0.0,0.0,3.450000047683716,4.019999980926514,3.7350000143051143,15.374239730490991,0.2631576745903906,0.1287928322980853,7.888791220207908,-0.0801109418187486,-0.0628011954878229,-0.0173097463309257,3.6208332975705466,3.750384587507981,3.622605456496068,3.702716398314816,0.8431875368276949,1.1079690259395678,-0.2647814891118729,-0.2482256258855919,26.60096536242421,0.1024999737739564,-69.17314839882036,-45.54673931766654,-23.626409081153817,3.7350000143051143,3.747500061988831,3.7412500381469727,3.810000061988831,1.8255230762039746e-07,10.499849320794722,22.312884862962704,21.86859540836885,-71.57350494615852,3.940000057220459,3.5350000858306885,16.0,88.0,-72.0,3.666358509547729,3.7931506770172656,0.0,0.0,43.35580870398385,0.4235311484624156,0.3079648539752626,0.1773891463647695,-17.83491659281006,46.44733141577154,26.31576745903905,20.467819134808163,-73.68423254096095,-0.2571029635036694,-7.928393206985321,-2.1635721778532333,-1.6846162918703722,-0.4789558859828611,10.85168504422741,10.930181790561852,-0.0784967463344425,3.680957875563076,0.5586586970037999,0.557103986966001,30.9090874411843,-0.5586591763998001,3.309938669204712,3
2022-06-03,3.680000066757202,3.700000047683716,3.640000104904175,3.690000057220459,3.309938669204712,9905276,-102431191.37968732,438025483,-0.0585192601221987,-48335.03538083835,0.057545052562579,-0.02672996749036,320874.87822335144,3.6344787243217342,40.65623568479438,1240.1455512137206,3.699999976158142,3.97553583359901,3.4244641187172737,14.89383022791087,0.4818536886077904,0.0,0.0,3.5896666606267296,3.727666672070821,3.4516666491826378,7.688736837754067,0.8635267691060217,0.0,0.0,3.450000047683716,4.019999980926514,3.7350000143051143,15.405403700425198,0.4210526976228828,0.1259135633733915,8.028285148850744,-0.0688005905151287,-0.0640010744932841,-0.0047995160218446,3.61083330710729,3.7434615171872654,3.6329738566075127,3.7017744471226415,0.8372091848427424,1.1059429668382623,-0.2687337819955199,-0.2573297865893909,26.45101215138141,0.1199999570846559,-69.47672130359084,-50.8280629474062,-18.64865835618464,3.575000047683716,3.747500061988831,3.661250054836273,3.810000061988831,50.00000009127616,10.43076580811102,24.99053634565465,20.640660321819368,-15.597296144039184,3.940000057220459,3.5350000858306885,12.0,84.0,-72.0,3.666358509547729,3.758835614083911,0.0,0.0,49.114990765126976,0.7641413389434185,0.5142101602570184,0.3296542729066905,-15.482012965840651,48.03256334751359,42.10526976228828,30.409345228609293,-57.89473023771172,-0.2280735366484698,-3.14960334281626,-1.8585840790112669,-1.7194098492985512,-0.1391742297127156,8.411362183680836,10.426417869185652,-2.015055685504816,3.681066199881958,2.5000043047800125,2.469265458822445,34.181820262562134,-2.5000071986102483,3.309938430786133,4
2022-06-06,3.559999942779541,3.619999885559082,3.559999942779541,3.5899999141693115,3.309938430786133,8250583,-102431191.37968732,429774900,-0.0501703563029038,-159295.67036291363,-0.0581777693749887,-0.0297446645178292,24038.974784826423,3.62047378443338,40.6405637702941,1206.5372231371537,3.687499976158142,3.959152355007578,3.4158475973087064,14.733688439638147,0.320542594911583,0.0,0.0,3.576333324114482,3.673333326975505,3.4793333212534585,5.4245504582569,0.5704463384109929,0.0,0.0,3.450000047683716,4.019999980926514,3.7350000143051143,15.457625408221908,0.2456138296176978,0.1263222184801442,8.181008524951524,-0.0671323712412719,-0.0646273338428816,-0.0025050373983902,3.5916666388511658,3.733076902536245,3.626362480847789,3.693494852089061,0.7969152197195294,1.1156810379308555,-0.3187658182113263,-0.2636325964105044,26.19849899116509,0.0525000333786009,-72.14245629569164,-55.77731017146652,-16.365146124225127,3.575000047683716,3.747500061988831,3.661250054836273,3.810000061988831,49.99998249052888,9.754737970658583,23.169187557500003,23.62136022069672,-58.72097463114214,3.940000057220459,3.5350000858306885,8.0,80.0,-72.0,3.666358509547729,3.727952057443891,0.0,0.0,43.7877741622261,0.6228590676944459,0.60351051836676,0.475228510866347,-15.0671625774454,43.55791410254053,24.561382961769784,30.994140061032383,-75.43861703823022,-0.1974264930276308,-6.020943012903127,-1.817583993742444,-1.7390446781873297,-0.0785393155551139,5.231082512673924,9.387350797883308,-4.156268285209383,3.6805665222406,-2.7100309349716856,-2.7474294967417823,30.5454514243386,7.203111692888342e-06,3.2361793518066406,0
2022-06-07,3.509999990463257,3.559999942779541,3.490000009536743,3.509999990463257,3.2361793518066406,10562985,-106958184.95111588,419211915,-0.109983558012291,-257258.8594693831,-0.0430748630388839,-0.0261376980419819,-458979.98512849485,3.604994949887727,40.14105388958162,1206.5372231371537,3.674999976158142,3.9550357122777418,3.3949642400385422,15.240040159801586,0.2053947685726515,0.0,0.0,3.572666660944621,3.666666666666667,3.4786666552225745,5.262176107814796,0.1666666666666682,0.0,0.0,3.450000047683716,4.019999980926514,3.7350000143051143,15.51020236573383,0.1052630698361562,0.1236899870953866,8.402859803246757,-0.0714420808666109,-0.0659902832476275,-0.0054517976189834,3.5724999705950418,3.719999982760503,3.608460559250169,3.67990264011678,0.7728460066386185,1.107049432819067,-0.3342034261804485,-0.2714142274278144,25.973431643108796,-0.0750000715255736,-74.95099527578444,-60.44109589760789,-14.509899378176549,3.575000047683716,3.747500061988831,3.661250054836273,3.810000061988831,37.49996491260064,9.71299765450353,21.849991481963546,26.26204494189105,-88.91960858165761,3.940000057220459,3.5350000858306885,4.0,76.0,-72.0,3.666358509547729,3.7001568564678737,0.0,0.0,40.04567302749887,0.3579365732788458,0.5816456599722367,0.5664554461986717,-15.895015880088216,46.30224223255463,10.526306983615624,25.73098656922457,-89.47369301638437,-0.1812206050928901,-6.149733114625724,-1.9414122560683773,-1.7795181937635394,-0.1618940623048381,4.274140370599536,8.364708712426554,-4.090568341827018,3.67882622682494,-2.228410184365304,-2.253614383116376,27.636363289572973,2.2284124167824473,3.3007185459136963,1
2022-06-08,3.539999961853028,3.595000028610229,3.5299999713897705,3.5799999237060547,3.3007185459136963,9857615,-101650266.22610386,429069530,-0.1108667634629705,-121931.5378404423,0.0247271139671138,-0.0097783056165779,-38796.207926644856,3.5964491414883315,44.9388164936592,1230.599196158243,3.6624999761581423,3.9359867560018023,3.389013196314482,14.934431761036638,0.3491699443401816,0.0,0.0,3.571166658401489,3.656666660308838,3.4856666564941405,4.788351263652299,0.5516565210965586,0.0,0.0,3.450000047683716,4.019999980926514,3.7350000143051143,15.56313821033008,0.2280699846450051,0.1198209922005451,8.427488785500955,-0.068420438965481,-0.0664763143911982,-0.0019441245742827,3.5708333055178323,3.708461513886085,3.6040819999356897,3.6725024389011702,0.8297297339094556,1.0378375362009546,-0.208107802291499,-0.2757687201204706,25.700606560249064,-0.112500023841858,-75.50134199281253,-64.8051969162347,-10.69614507657782,3.575000047683716,3.747500061988831,3.661250054836273,3.810000061988831,24.999951734859224,9.341255060441018,22.807388706442243,24.961078455887613,-56.699831210771976,3.9250000715255737,3.5350000858306885,4.0,72.0,-68.0,3.666358509547729,3.675141175589458,0.0,0.0,44.513941533004285,0.6742681729814407,0.5516879379849108,0.5789480387746359,-15.1739171698755,49.90506173267789,22.80699846450052,19.298229469961985,-77.19300153549949,-0.1666764701113985,-0.5555550404536735,-1.8630467944890652,-1.7962239139086449,-0.0668228805804207,2.965208293772875,7.284808628695818,-4.319600334922943,3.67815804408657,1.994300097805968,1.974674434069712,30.18181540749289,-1.9943021412279194,3.245399236679077,2
2022-06-09,3.5799999237060547,3.5899999141693115,3.484999895095825,3.5199999809265137,3.245399236679077,10343336,-105098029.2353545,418726194,-0.0935196116180029,-193169.8278846029,-0.0253787606862938,-0.0119891129503276,23238.58721335645,3.58639160452549,44.286852728056175,1230.599196158243,3.6514999747276304,3.9292966941410095,3.3737032553142514,15.21548521626925,0.2633161506032105,0.0,0.0,3.5601666450500487,3.6496666431427,3.470666646957397,5.02785442457249,0.2756052235780261,0.0,0.0,3.450000047683716,4.019999980926514,3.7350000143051143,15.610021557930173,0.1228069148088489,0.1183388948878392,8.386539504896477,-0.0700596558291688,-0.0671929826787923,-0.0028666731503764,3.568333307902018,3.691538434762221,3.591146304703509,3.6612059605326777,0.7908847167850087,1.029490389049163,-0.2386056722641539,-0.2802230663725916,25.532656102386643,-0.051500070095062,-77.91012112418726,-68.68933812301786,-9.220783001169394,3.575000047683716,3.7350000143051143,3.6550000309944153,3.810000061988831,15.624942951599865,9.376836501764918,21.39728461444267,26.067535904801517,-70.93102366957817,3.9250000715255737,3.5350000858306885,28.000000000000004,68.0,-40.0,3.666358509547729,3.652627062798884,0.0,0.0,41.64871952684725,0.4714244406511222,0.5012097289704696,0.5448477756425391,-15.464044013284427,48.4228406177284,12.280691480884892,15.204665643000356,-87.7193085191151,-0.1580735536182627,-0.8450696279642564,-1.9135677310810368,-1.8196926773431232,-0.0938750537379133,2.252733296090797,6.278393562174814,-4.025660266084017,3.673148941702086,-1.675976091011433,-1.6901794910049173,27.99999930641868,1.6759777746910487,3.134760856628418,3
2022-06-10,3.440000057220459,3.4600000381469727,3.380000114440918,3.400000095367432,3.134760856628418,8311138,-109253598.2353544,410415056,-0.1334816020148165,-308050.65373905026,-0.1131009652656996,-0.0220585638345733,-456685.8196996548,3.556925067912725,49.212267157842994,1188.6469906161235,3.628999984264374,3.9116941873578135,3.3463057811709342,15.579730191194471,0.0949688985641317,0.0,0.0,3.5469999869664512,3.625999959309896,3.4680000146230063,4.454467021918944,-0.43037938646327,0.0,1.0,3.380000114440918,4.019999980926514,3.700000047683716,17.635708714816335,0.0312499767169314,0.1205049920476149,8.297146835180255,-0.080118182352963,-0.0697780226136265,-0.0103401597393365,3.551666657129924,3.6707692054601817,3.5617391955748814,3.641857377927845,0.7882736292953777,1.2182407104530448,-0.4299670811576671,-0.290276726550595,25.400356752603702,0.0210001111030582,-80.25834988374056,-71.76923936850909,-8.489110515231474,3.540000081062317,3.700000047683716,3.620000064373016,3.775000095367432,9.37493746277586,10.202132812280068,19.652594026148797,30.057381464533734,-128.0434703138817,3.908750057220459,3.5350000858306885,24.0,100.0,-76.0,3.666358509547729,3.632364361287367,0.0,0.0,36.57772033701581,0.1124224505438833,0.4193716880588153,0.4907564516713986,-17.374613100001774,44.55181808463848,6.249995343386294,13.77922842959058,-93.75000465661373,-0.1945441442377427,-5.5555504045367226,-2.199926412234984,-1.8957394243214956,-0.3041869879134886,0.1460045378096847,5.0519157573017885,-4.905911219492104,3.66652279542014,-3.409087676400946,-3.468552452004148,23.636367104270263,3.4090838131789383,3.1439807415008545,4
2022-06-14,3.2699999809265137,3.4200000762939453,3.220000028610229,3.4100000858306885,3.1439807415008545,13894215,-96748803.0790353,424309271,-0.0812591311285372,-244194.55784855253,-0.1439448686863157,-0.023360659978971,-242468.6832098484,3.5392458737452874,50.67756563856872,1188.6469906161235,3.602999985218048,3.8650762982103792,3.340923672225717,14.547672165836586,0.1317868311261552,0.0,0.0,3.532666659355164,3.6216666460037232,3.443666672706604,5.038685799175018,-0.1891381568901645,0.0,1.0,3.220000028610229,4.019999980926514,3.620000004768372,22.20371789060304,0.2375000856816824,0.128454497611225,8.121382801786444,-0.0862880465457274,-0.0730800274000467,-0.0132080191456807,3.531666656335195,3.6542307505240808,3.538394717152698,3.624682763698425,0.7278287189751531,0.9785929341502656,-0.2507642151751124,-0.302664909380787,25.525286245697103,-0.1029999852180481,-80.57769986341061,-73.99435622944809,-6.583343633962528,3.4600000381469727,3.620000004768372,3.540000021457672,3.695000052452088,5.468684169766696,11.917139491753534,17.462094112302378,35.624043742257335,-159.68243272274313,3.908750057220459,3.5700000524520874,20.0,96.0,-76.0,3.666358509547729,3.6020806516657933,0.0,0.0,37.26323608792769,0.1609536195728024,0.2482668369226025,0.3896160846506291,-18.673247854626947,51.38558338482703,39.58334368136158,19.3713435018776,-60.41665631863842,-0.2353088245672334,-6.575342555233103,-2.3805682364788217,-1.9927051867529608,-0.387863049725861,2.6451243387455645,4.5705574735905445,-1.92543313484498,3.662229938686402,0.2941173583165923,0.2936856794354847,24.00000312111594,-0.29411764705882604,3.217739582061768,1
2022-06-15,3.5299999713897705,3.5899999141693115,3.484999895095825,3.490000009536743,3.217739582061768,22089996,-116734942.1659786,446399267,-0.1567461018592327,43147.23536796254,0.1033838513480535,-0.0170493618918271,559105.1662066135,3.5330591485490928,52.665622852776806,1188.6469906161235,3.5819999814033507,3.8069977141393623,3.3570022486673388,12.562687543502593,0.2955535579228471,0.0,0.0,3.532166655858358,3.625666650136312,3.438666661580404,5.2942006076003,0.274509898919015,0.0,0.0,3.220000028610229,4.019999980926514,3.620000004768372,22.333890465372413,0.3374999962747098,0.1336090306839648,7.938442824633937,-0.0837568858706787,-0.0752153990941731,-0.0085414867765056,3.5308333237965903,3.64076921573052,3.530949377519474,3.6147062633901528,0.8528527960911386,0.933933718497428,-0.0810809224062892,-0.311406814446434,25.46244821657421,-0.1019999623298644,-79.89680906038927,-75.54307146649195,-4.353737593897321,3.4600000381469727,3.620000004768372,3.540000021457672,3.695000052452088,3.124932248963532,11.964172253423124,24.96775827858182,32.15075269020961,-50.03888545788438,3.908750057220459,3.5700000524520874,16.0,92.0,-76.0,3.220000028610229,3.6020806516657933,1.0,0.0,42.607697078821005,0.5393153703750114,0.2708971468305656,0.3128452239373279,-18.125526228236925,47.69016411772534,56.24999379118312,34.02777760531035,-43.75000620881688,-0.225676483967725,-0.2857140132359096,-2.317114580483921,-2.0575870654991526,-0.2595275149847684,9.886813652450336,5.633808709362503,4.253004943087834,3.660813198084518,2.3460387593088994,2.318942248121192,26.909091255881567,-2.3460334723839082,3.1624205112457275,2
2022-06-16,3.5299999713897705,3.5299999713897705,3.430000066757202,3.430000066757202,3.1624205112457275,10952962,-127687904.1659786,435446305,-0.1771270836082757,-56899.09729410169,-0.0524970603594881,-0.0233031502530878,329936.9765509056,3.521081597382739,45.94508837916263,1168.211818344732,3.562999987602234,3.771336203876684,3.354663771327784,11.69442699968419,0.1808046070352326,0.0,0.0,3.52183333237966,3.617333324750265,3.426333340009054,5.423311290320335,0.0191975237752839,0.0,0.0,3.220000028610229,4.019999980926514,3.620000004768372,22.45298779399252,0.2625000633299392,0.1302481180788252,7.933429567859831,-0.0856056085735446,-0.0772934409900474,-0.0083121675834972,3.526666661103566,3.628076910972595,3.5154187143252784,3.601024322898823,0.7640118745116463,0.9852505399583222,-0.2212386654466759,-0.3198984713826598,25.342957742416704,-0.0430000066757201,-81.04544392743361,-76.86221541411564,-4.183228513317971,3.4600000381469727,3.620000004768372,3.540000021457672,3.695000052452088,1.7577436514126594,12.339943576657634,23.591602546848588,33.410135220656024,-90.82512648255876,3.8637499809265137,3.5700000524520874,12.0,88.0,-76.0,3.220000028610229,3.6020806516657933,0.0,0.0,39.86475377366544,0.3451283732094864,0.3484657877191,0.2892099238240894,-18.506645192350398,45.56529001747155,43.75000620881696,46.52778122712056,-56.24999379118303,-0.2304117749719059,-1.4367802310988531,-2.3772571606689987,-2.121521084533122,-0.2557360761358769,7.962200432384028,6.099487053966809,1.86271337841722,3.651998831568927,-1.71919606348383,-1.7341458306337376,24.727275154807348,1.7191904256153236,3.0978810787200928,3
2022-06-17,3.299999952316284,3.380000114440918,3.2799999713897705,3.359999895095825,3.0978810787200928,20533218,-115368051.6938771,414913087,-0.1397993102739149,-254103.33836072643,-0.0730524512693671,-0.022439136424708,-607349.1763161736,3.497644526624764,44.83894681948177,1168.211818344732,3.539999985694885,3.730578032070311,3.3494219393194595,10.767121307658202,0.0277522935551763,0.0,0.0,3.497499998410543,3.591999991734822,3.4030000050862625,5.403859520641935,-0.2275138255453683,0.0,1.0,3.220000028610229,4.019999980926514,3.620000004768372,22.598868800821435,0.1749998435377986,0.1322233158076858,7.752480083411233,-0.0916625348285657,-0.080167259757751,-0.0114952750708147,3.513333320617676,3.609999986795279,3.4915081267515164,3.5831706615800822,0.7771084821869707,1.0391563773241508,-0.2620478951371801,-0.3309740040882455,25.1724832456614,0.0399999380111695,-84.714801211262,-78.55533540385687,-6.159465807405127,3.419999957084656,3.620000004768372,3.5199999809265137,3.695000052452088,0.8788718257063297,13.487632629577272,21.662834728064396,38.854292224765366,-179.28804346903473,3.8637499809265137,3.5700000524520874,8.0,100.0,-92.0,3.2274000263214107,3.6020806516657933,0.0,0.0,36.88162647106925,0.1339375214099485,0.3394604216648154,0.319607785404827,-19.7506064353726,49.06972016713967,29.166637692187784,43.055545897395966,-70.83336230781221,-0.2558823368128609,-4.545457008456409,-2.5581403590792147,-2.2088449394423404,-0.3492954196368742,12.248005390497124,7.329190721272872,4.918814669224251,3.632288815446196,-2.0408212915155044,-2.061933788695769,22.18181436712092,2.0408238656475106,3.014902353286743,4
2022-06-20,3.359999895095825,3.380000114440918,3.2300000190734863,3.2699999809265137,3.014902353286743,6724820,-118506306.72790736,408188267,-0.1315921692331624,-304264.7504240612,-0.0557635566142265,-0.0231369139352515,-599175.22575954,3.489759079912594,47.089939363419646,1136.920459218186,3.5164999842643736,3.718220062836074,3.314779905692673,11.472775741467776,-0.1109952095082158,0.0,1.0,3.4591666618982955,3.562666670481364,3.355666653315226,5.98410072131482,-0.413848624562947,0.0,1.0,3.220000028610229,4.019999980926514,3.620000004768372,22.749892105676743,0.0624999441206427,0.1340009937636604,7.745296076433124,-0.1025428829127745,-0.0846423843887557,-0.0179004985240188,3.487499992052714,3.5919230626179623,3.457429950470747,3.559972833383521,0.7690058642603587,0.9736838876448984,-0.2046780233845399,-0.347501966452308,25.1395617862056,0.0834999203681947,-89.66131025567556,-80.50187473274397,-9.159435522931588,3.407500028610229,3.620000004768372,3.5137500166893005,3.695000052452088,0.4394359128531648,14.789869989325338,19.909860954007456,38.40752756346173,-192.4892483556496,3.8637499809265137,3.5700000524520874,4.0,100.0,-96.0,3.2274000263214107,3.5899999141693115,0.0,1.0,33.4190131481202,0.0,0.1596886315398115,0.282538280307909,-21.91702652013902,45.10072181438075,10.416656318638552,27.777766739881116,-89.58334368136144,-0.2640294011901405,-8.659216463296058,-2.880440040193067,-2.343163959592486,-0.5372760806005812,7.015084002705629,7.266369377559424,-0.2512853748537944,3.572488936354896,-2.678568957715544,-2.715096367734038,18.909090215509597,2.6785639385367546,3.0702216625213623,0
2022-06-21,3.3399999141693115,3.3499999046325684,3.2850000858306885,3.3299999237060547,3.0702216625213623,9554802,-114831393.66541584,417743069,-0.04556569329737,-178900.13275350333,0.0085035052099893,-0.0234777234652134,-4811.639265501231,3.4767726997284045,45.58119183935473,1136.920459218186,3.502999985218048,3.7163635186049,3.289636451831196,12.181760450311344,0.0945884969988647,0.0,0.0,3.432333334287008,3.53633333047231,3.3283333381017046,6.060017256855757,0.0080124310840387,0.0,0.0,3.220000028610229,3.700000047683716,3.4600000381469727,13.702541281729657,0.229166439010047,0.1286008867578998,7.682064024563121,-0.1051124720685559,-0.0887364019247158,-0.01637607014384,3.464999993642172,3.5719230633515577,3.4378253309684865,3.5429378030370424,0.7748538117692332,0.999999721147867,-0.2251459093786337,-0.3632706338057061,25.0895132985937,0.1870000720024109,-90.03674503227515,-82.17806915013185,-7.858675882143302,3.407500028610229,3.620000004768372,3.5137500166893005,3.695000052452088,0.2197179564265824,15.999090394805682,19.02559850827385,36.70172287018427,-142.3746984068469,3.8637499809265137,3.595000028610229,4.0,96.0,-92.0,3.2274000263214107,3.582799916267395,0.0,0.0,37.623457904293936,0.2678676574830337,0.133935059630994,0.2110280376118737,-22.41803951051749,47.34736604807798,22.916643901004708,20.83331263727703,-77.0833560989953,-0.2488676470868727,-7.499999668863076,-2.9668167467815105,-2.467894517030291,-0.4989222297512197,4.481549097312703,6.70940532151008,-2.227856224197377,3.552351872616704,1.8348606461624728,1.8182302004966069,21.09090631658381,-1.8348623853211024,3.1439807415008545,1
2022-06-22,3.3499999046325684,3.450000047683716,3.3499999046325684,3.4100000858306885,3.1439807415008545,10261616,-112779050.8929646,428004685,-0.0237745351819015,-36067.12183718343,0.0803967902752188,-0.0198463198653959,421843.11627204926,3.4677462046891767,46.15054506819067,1136.920459218186,3.4959999918937683,3.711907367008486,3.2800926167790507,12.35168052719368,0.300840740115094,0.0,0.0,3.4206666707992555,3.527666687965393,3.313666653633118,6.256091426829176,0.4501561530032041,0.0,0.0,3.220000028610229,3.700000047683716,3.4600000381469727,13.729977694121011,0.3958334368136158,0.127740810479876,7.580341681358725,-0.0995460407012505,-0.0908983296800227,-0.0086477110212277,3.441666662693024,3.5519230640851536,3.43354452402421,3.5330905647254607,0.7942856660181228,0.9542853553928164,-0.1599996893746935,-0.3729955768429707,25.02016268643192,0.0939999222755432,-87.25861758401415,-83.48443310470981,-3.7741844793043375,3.4049999713897705,3.620000004768372,3.512499988079071,3.695000052452088,0.1098589782132912,16.210344461594598,23.3304864899327,34.24483763292031,-69.52204223642845,3.8637499809265137,3.625,8.0,92.0,-84.0,3.2274000263214107,3.575743918323517,0.0,0.0,42.80918242230235,0.5982532278848175,0.2887069617892837,0.1941102176533631,-21.211762371553316,51.67598598189316,39.58334368136158,24.305547967001623,-60.41665631863842,-0.2590882182121277,-7.58807498774632,-2.81753436198672,-2.537822486021577,-0.2797118759651429,2.876774599485747,5.942879177105214,-3.066104577619466,3.549125958812923,2.402407326051814,2.374003538445746,24.00000312111594,-2.4024024024024015,3.061001777648926,2
2022-06-23,3.400000095367432,3.4200000762939453,3.319999933242798,3.319999933242798,3.061001777648926,7225462,-120004512.8929646,420779223,-0.0766059400011377,-123813.63050587226,-0.0415198561767729,-0.023710988436363,55824.15292775279,3.452966675189204,39.483702868815065,1106.913710762341,3.48199999332428,3.705302484461835,3.2586975021867244,12.82610520193411,0.137263204597012,0.0,0.0,3.399166671435038,3.5096666971842447,3.288666645685832,6.501595033735513,0.1417795486676222,0.0,0.0,3.220000028610229,3.700000047683716,3.4600000381469727,13.785181504702669,0.2083331263727701,0.1249667437370031,7.720548396940839,-0.1012299480620688,-0.0929646533564319,-0.0082652947056368,3.4191666642824807,3.5292307505240808,3.416076125442454,3.517306073504523,0.7758620406161064,0.98850548568187,-0.2126434450657637,-0.3823508893579243,24.92671413237007,0.027999997138977,-88.43785459238988,-84.65418126784341,-3.78367332454647,3.4049999713897705,3.620000004768372,3.512499988079071,3.695000052452088,0.0549294891066456,16.582215903027723,22.00831202975026,34.004272118890334,-93.20139802143316,3.8550000190734863,3.625,4.0,88.0,-84.0,3.2274000263214107,3.568829040338516,0.0,0.0,38.89190421982643,0.348681121064819,0.4049340021442233,0.2758586745215003,-21.41837339788274,41.21855065916425,20.83331263727701,27.77776673988112,-79.16668736272298,-0.2634411580422342,-7.520891013419114,-2.8780534291463247,-2.6058686746465267,-0.2721847544997979,-0.5600825702288822,4.642286827638395,-5.202369397867277,3.530910191891941,-2.639300595969518,-2.6747553644909106,20.72727029973811,2.6392961876832857,3.02412223815918,3
2022-06-24,3.200000047683716,3.3399999141693115,3.190000057220459,3.2799999713897705,3.02412223815918,8781411,-118248230.69296458,411997812,-0.0891787964740174,-156305.41257871262,-0.1793560037293521,-0.0406324924572152,-296501.6953861867,3.4286726904906644,33.29685704900409,1106.913710762341,3.4634999871253966,3.6893561283875056,3.237643845863288,13.042075478658392,0.0937679296427188,0.0,0.0,3.3730000098546347,3.4880000193913774,3.258000000317891,6.81885616369739,0.0956520402063546,0.0,0.0,3.190000057220459,3.700000047683716,3.4450000524520874,14.72498895218827,0.1764704232397345,0.1274700550581881,7.916539708150474,-0.104586511206973,-0.0952890249265401,-0.0092974862804328,3.399999996026357,3.508846136239858,3.395141332511272,3.499727843718245,0.6648045154082339,1.0837988045505715,-0.4189942891423376,-0.3925364219284788,24.8691306114554,0.116499936580658,-90.68152496134677,-85.81231183202189,-4.869213129324862,3.3899999856948853,3.6050000190734863,3.497500002384186,3.680000066757202,0.0274647445533228,17.623955517640645,20.162512520929354,38.420977128262265,-132.25692611801307,3.8449999690055847,3.665000081062317,4.0,84.0,-80.0,3.2274000263214107,3.5620524599132155,0.0,0.0,37.26001194391706,0.3461941044189077,0.4310428177895146,0.3748945939076738,-22.08986925961404,42.27838716664685,20.930220953120237,27.11562575725296,-79.06977904687976,-0.2589411686448488,-6.552707113914563,-2.988418410725799,-2.682378621862381,-0.3060397888634174,-2.2394853285259244,3.265932396405531,-5.505417724931455,3.5124874818056595,-1.2048181523292234,-1.2121349147384608,19.272726232355296,1.2048192771084132,3.1624205112457275,4
2022-06-27,3.430000066757202,3.490000009536743,3.380000114440918,3.430000066757202,3.1624205112457275,7780639,-118955561.5111464,419778451,-0.0458438890270593,32752.01664961173,0.2403400358070367,-0.0193097920870705,250022.10105834983,3.4204190691101606,38.45571222782924,1157.534797233728,3.459999990463257,3.6856545835568513,3.2343453973696628,13.04361813384754,0.4335268932602407,0.0,0.0,3.3750000079472864,3.493000014623006,3.257000001271565,6.9925929717250135,0.7330510834675803,0.0,0.0,3.190000057220459,3.700000047683716,3.4450000524520874,14.739884158062477,0.4705882627933775,0.1357230533670665,7.831740627799527,-0.0940586084996586,-0.0950429416411638,0.0009843331415052,3.387500007947286,3.493846141375028,3.4005042147029534,3.494562823202612,0.7860961925953049,0.983957233569134,-0.197861040973829,-0.3941244954871176,24.87875820403076,0.0599999904632566,-87.35218680069052,-86.56503260283077,-0.7871541978597492,3.3899999856948853,3.6050000190734863,3.497500002384186,3.680000066757202,50.01373237227666,17.33978128797086,25.91731166131149,34.108087256083444,-19.001790208426996,3.8449999690055847,3.695000052452088,40.0,80.0,-40.0,3.2274000263214107,3.547170363805505,0.0,0.0,46.35099041951858,1.0,0.5649584084945755,0.4669784094761045,-19.687031602189585,49.99554345693576,59.259265800235895,33.67426646354439,-40.74073419976411,-0.2207352883675519,-4.189940227528583,-2.691570112150913,-2.684216919920088,-0.0073531922308247,-4.340979067443527,1.7445501036357194,-6.085529171079246,3.511830246310085,4.573173679141074,4.471686696716826,24.727275154807348,-4.573170731707307,3.190079927444458,0
2022-06-28,3.440000057220459,3.4800000190734863,3.4200000762939453,3.4600000381469727,3.190079927444458,5599268,-117089138.84447972,425377719,-0.0118609775161203,52069.99710018971,0.0160734989535605,-0.0150849090876102,404795.2766637337,3.414707971762565,43.50627415825146,1167.6589984360055,3.458999991416931,3.6844683820240927,3.2335316008097696,13.036622790785351,0.5022177093812319,0.0,0.0,3.3853333393732705,3.489333335558573,3.281333343187968,6.144151004317717,0.8589745265022138,0.0,0.0,3.190000057220459,3.700000047683716,3.4450000524520874,14.744145467729314,0.5294117372066224,0.1281507423083139,7.578567825401563,-0.0823451985924688,-0.0925033930314248,0.010158194438956,3.3825000127156577,3.483076911706191,3.4096574183097257,3.4920026169021945,0.8579233662724465,0.972677620546002,-0.1147542542735555,-0.3874743216387167,24.34932285932818,-0.058999896049499,-84.0086240306299,-87.0219009328575,3.0132769022276022,3.3600000143051147,3.6050000190734863,3.4825000166893005,3.680000066757202,75.00686618613832,17.075905217563207,25.052027048248693,32.9693424869742,-3.9419985640698623,3.8449999690055847,3.764999985694885,36.0,76.0,-40.0,3.2274000263214107,3.5328835515421035,0.0,0.0,47.97465078931284,1.0,0.7820647014729691,0.5926886425856864,-17.25054215311882,51.25812286840978,66.66666666666674,48.95205114000763,-33.33333333333326,-0.1867352815235361,-1.7045438382004816,-2.3581081581639367,-2.6189951675688574,0.2608870094049207,-7.788905464396128,-0.1621410099706501,-7.626764454425478,3.511262518948145,0.8746347173728575,0.8708319454179936,25.818183205344457,-0.8746280293962201,3.1439807415008545,1
2022-06-29,3.4800000190734863,3.4800000190734863,3.4100000858306885,3.4100000858306885,3.1439807415008545,7433201,-124522339.84447972,417944518,-0.0261282804759159,-8462.816136602509,-0.0047085950242472,-0.0171874597298503,-58442.95395086907,3.405503550506437,37.42173336513123,1167.6589984360055,3.45349999666214,3.6781129833731288,3.228887009951151,13.007846354601464,0.4031669729599763,0.0,0.0,3.376500018437704,3.477000006039937,3.27600003083547,5.9529090509962135,0.6666670225153369,0.0,0.0,3.190000057220459,3.700000047683716,3.4450000524520874,14.767626783152732,0.4313726131845476,0.1223356614017623,7.538232676326428,-0.0762182189514679,-0.0892463582154335,0.0130281392639655,3.3833333452542624,3.475769226367657,3.409710136389874,3.485928355341342,0.8402202593810496,1.0027548842645164,-0.1625346248834668,-0.3774915810518234,24.002814863451803,-0.0434999108314513,-83.53935039662828,-87.29900165165691,3.759651255028629,3.340000033378601,3.4450000524520874,3.392500042915344,3.680000066757202,87.50343309306916,16.893930905000353,24.04347628520304,32.21717231557248,-15.010683308230812,3.822499990463257,3.825000047683716,32.0,72.0,-40.0,3.2274000263214107,3.5191682117692378,0.0,0.0,45.50289293209477,0.8301855323587497,0.9433951774529163,0.763472762473487,-15.990962340142277,50.07712714524016,55.00002682209974,60.30865309633415,-44.99997317790026,-0.167955855061026,0.2941173583165947,-2.1864539709969075,-2.5324869282544675,0.34603295725756,-9.061857598925982,-1.9420843277617168,-7.119773271164266,3.509513549484354,-1.4450853111279691,-1.4556283629054478,24.00000312111594,1.4450793394550772,3.0517818927764893,2
2022-06-30,3.390000104904175,3.400000095367432,3.309999942779541,3.309999942779541,3.0517818927764893,9961007,-134483346.84447974,407983511,-0.0923081810285589,-149554.14596472803,-0.0813172477139045,-0.0211830659461082,-399528.1485428676,3.392375590272777,37.66287701911023,1167.6589984360055,3.439999997615814,3.665033330006077,3.214966665225552,13.08333328757138,0.2111537800746299,0.0,0.0,3.364166680971782,3.4636666933695475,3.264666668574016,5.915284338350561,0.2278053696330149,0.0,0.0,3.190000057220459,3.700000047683716,3.4450000524520874,14.825581128393203,0.2352938976529794,0.1201021095667008,7.563659454808079,-0.078526514473836,-0.087102389467114,0.0085758749932779,3.375,3.46653845677009,3.394370106603669,3.472896621077505,0.8149169684220507,1.03867399748936,-0.2237570290673092,-0.3703926530241689,23.74498501584261,0.0500000119209289,-85.19435554321953,-87.35228546631886,2.1579299230993314,3.340000033378601,3.4450000524520874,3.392500042915344,3.680000066757202,86.91162241937086,17.330400353603448,22.641174396118583,36.17051026811538,-74.52969044053118,3.802500009536743,3.825000047683716,28.000000000000004,68.0,-40.0,3.2274000263214107,3.5060014855872867,0.0,0.0,40.95776543633089,0.5179266256859764,0.7827040526815753,0.8360546438691537,-16.328074070150777,44.52391001694375,29.99998211860017,50.5555585357889,-70.00001788139983,-0.1580146775526159,-2.932555440883136,-2.261124445721979,-2.47821443174797,0.2170899860259911,-7.857311987416208,-3.125129859692615,-4.7321821277235925,3.5044319801719515,-2.9325554408831334,-2.976414436389141,20.36363428289241,2.9325513196480983,3.0702216625213623,3
2022-07-01,3.359999895095825,3.390000104904175,3.3299999237060547,3.3299999237060547,3.0702216625213623,5507078,-139990424.84447974,413490589,-0.1520936501579463,-112454.77440393504,0.0054475462284614,-0.0127153151250967,-258836.6881335114,3.389589875988574,42.13656914960568,1174.7143332097523,3.4264999985694886,3.643780945715389,3.209219051423588,12.682384195920736,0.2779370991082901,0.0,0.0,3.365166680018107,3.4606666962305703,3.2696666638056437,5.675797087825061,0.3158808882617624,0.0,0.0,3.190000057220459,3.700000047683716,3.4450000524520874,14.883992139972976,0.2745095472618093,0.1160919148224941,7.368746913323682,-0.0778446789889741,-0.085250847371486,0.0074061683825118,3.361666659514109,3.45615384211907,3.3844670015424976,3.462311680531472,0.8742855788250541,0.9942857205137908,-0.1200001416887367,-0.3637797545255672,23.5956647953082,0.0035000681877135,-83.75379223179318,-86.69589457477637,2.9421023429831905,3.340000033378601,3.4450000524520874,3.392500042915344,3.680000066757202,72.4186636479344,17.735693413020606,21.55793048659022,34.43996907502311,-61.73309987312538,3.7975000143051143,3.825000047683716,24.0,64.0,-40.0,3.2274000263214107,3.493361428452613,0.0,0.0,42.20124650437111,0.6033561409496121,0.6504894329981127,0.7921962210442014,-16.225349972710486,42.42458969289411,34.99997913836687,39.99999602635561,-65.00002086163313,-0.1258529074051799,-4.584529667434775,-2.2483440594529283,-2.432240357288962,0.1838962978360339,-10.668318287207086,-4.633767545195509,-6.034550742011577,3.503020365166112,0.6042290414578932,0.6024108979433951,21.09090631658381,-0.6042296072507582,3.02412223815918,4
2022-07-04,3.390000104904175,3.390000104904175,3.2799999713897705,3.2799999713897705,3.02412223815918,5735876,-145726300.84447974,407754713,-0.2171691552019956,-137360.3104165327,-0.0479438662072289,-0.0058581006623047,-52848.81949122617,3.3905439057898668,44.61251004104989,1174.7143332097523,3.405999994277954,3.5955679364510087,3.2164320521049,11.131411772843611,0.16766526701767,0.0,0.0,3.3675000111262,3.4590000311533613,3.2759999910990394,5.43429961246298,0.021857811012193,0.0,0.0,3.190000057220459,3.619999885559082,3.4049999713897705,12.624774781591851,0.2093022095312023,0.1154827366916851,7.264422920950977,-0.0804119587341678,-0.0842830696440224,0.0038711109098545,3.3491666515668235,3.4419230681199293,3.3683951507497705,3.4488071094839383,0.933734872272298,0.969879552680873,-0.0361446804085748,-0.3598409129820783,23.465969279585288,-0.0460000991821289,-81.6418432120951,-85.76312770586748,4.121284493772379,3.340000033378601,3.4450000524520874,3.392500042915344,3.650000095367432,50.69069221152491,18.411107145882077,20.1316844546066,35.1686733145767,-81.06218393085403,3.7825000286102295,3.8350000381469727,20.0,60.0,-40.0,3.2274000263214107,3.4812269736033272,0.0,0.0,39.93673939685036,0.4477801941348765,0.5230209869234882,0.6520714908677253,-16.81139756553587,39.410145799857,22.49998658895013,29.1666492819724,-77.50001341104988,-0.1286470286986407,-4.37318053784311,-2.3315875948249327,-2.4121098047961564,0.0805222099712237,-12.73962431763221,-6.254938899682849,-6.48468541794936,3.5018154405397466,-1.501500103959097,-1.5128867407836255,19.272726232355296,1.5015015015014797,3.033342123031616,0
2022-07-05,3.309999942779541,3.3499999046325684,3.289999961853028,3.289999961853028,3.033342123031616,6199362,-151925662.84447974,413954075,-0.25084623034245,-108881.18594584524,-0.0145177106279255,-0.0142796408034461,-67223.7080605786,3.362766392028671,31.90458461964623,1174.7143332097523,3.39099999666214,3.5669432045058658,3.215056788818414,10.377069184129285,0.2129754650750116,0.0,0.0,3.366333341598511,3.4573333740234373,3.275333309173584,5.406477801851622,0.0805859750189847,0.0,0.0,3.190000057220459,3.595000028610229,3.392500042915344,11.943378702106262,0.2469133622143626,0.1109344563467964,7.238632721688315,-0.0807092646088696,-0.0835683086369918,0.0028590440281222,3.3433333237965903,3.433846143575815,3.356334352457964,3.4370436170668337,0.8064515434368533,1.0612904778876058,-0.2548389344507524,-0.3566771994313104,23.366072462739385,-0.1210000157356261,-80.3851143779566,-84.99940512741664,4.614290749460039,3.340000033378601,3.4450000524520874,3.392500042915344,3.650000095367432,32.58596046797455,19.038277040682008,19.258513576108943,33.643303619709506,-79.5843077828824,3.7699999809265137,3.822499990463257,16.0,56.00000000000001,-40.00000000000001,3.2274000263214107,3.4695778969480124,0.0,0.0,40.622987927760505,0.4949267738881438,0.515354369657544,0.562954929859715,-17.095479322124834,34.642491471748905,29.41174408143272,28.97056993624992,-70.58825591856728,-0.1372941094286299,-2.083331411556519,-2.34821764286328,-2.399331372409581,0.0511137295463011,-13.922945777777349,-7.788540275301749,-6.1344055024756,3.4995523577871603,0.3048777606854624,0.3044139509034815,19.636362249201,-0.3048780487804663,2.9503631591796875,1
2022-07-06,3.259999990463257,3.2699999809265137,3.180000066757202,3.200000047683716,2.9503631591796875,8740690,-156781601.73336864,405213385,-0.254867256220446,-205706.9236365193,-0.0978181778804303,-0.0175168634835134,-220206.31997638705,3.3429517543006315,32.68516923467968,1174.7143332097523,3.375499999523163,3.561131379246868,3.189868619799458,10.998748615015725,0.0272891035431008,0.0,0.0,3.347666676839193,3.437666686375936,3.2576666673024497,5.376879971916418,-0.3203700750453309,0.0,1.0,3.180000066757202,3.595000028610229,3.387500047683716,12.29447376423201,0.0481927295540251,0.1108410002216993,7.272203017574184,-0.0872019131953321,-0.0842950295486599,-0.0029068836466721,3.337499996026357,3.4230769139069777,3.332282920954233,3.4194848341495656,0.7852562907336502,1.0608975906892064,-0.2756412999555562,-0.3584825563296854,23.386532334829774,-0.0455000758171082,-83.16811070011919,-84.41387802827545,1.245767328156262,3.3350000381469727,3.440000057220459,3.387500047683716,3.6125000715255737,19.91322158352656,20.254306082364685,17.941593355608,38.18085398067057,-146.12864333341324,3.7412500381469727,3.810000061988831,12.0,100.0,-88.0,3.2274000263214107,3.4583947833589104,0.0,0.0,36.57294481294787,0.2166811061510627,0.3864626913913609,0.4749460159907976,-18.541572013425345,25.346112721847764,6.451607941339789,19.45444620390756,-93.5483920586602,-0.1627647035262165,-2.14067075385622,-2.5501476808572963,-2.4294946340991244,-0.1206530467581719,-12.29347574970538,-8.689527370182477,-3.6039483795229046,3.478479292819772,-2.7355597329132286,-2.773672847561426,16.36363809758967,2.7355623100303887,2.978022813796997,2
2022-07-07,3.190000057220459,3.255000114440918,3.190000057220459,3.2300000190734863,2.978022813796997,12677231,-153856115.50245494,417890616,-0.2632572875791614,-121989.2820739434,-0.0012817950053415,-0.012390388036083,-120257.87050803774,3.330162841963739,46.0520671839228,1174.7143332097523,3.3580000042915343,3.528598992769508,3.1874010158135606,10.160749747465616,0.1248512773726842,0.0,0.0,3.3348333517710365,3.421333352724711,3.2483333508173624,5.187665579015309,-0.1059730146921884,0.0,1.0,3.180000066757202,3.5899999141693115,3.384999990463257,12.209644040742356,0.12195114859647,0.1062569059215753,7.094253747498501,-0.088901832026051,-0.0852163900441381,-0.0036854419819129,3.32916667064031,3.411923069220322,3.316547089895657,3.405448921921708,0.8474575695858789,1.0067798144376552,-0.1593222448517762,-0.3612845298328567,23.420472550803304,0.0520000815391541,-82.19794850563463,-83.47125842208521,1.273309916450586,3.3350000381469727,3.440000057220459,3.387500047683716,3.6125000715255737,11.766665634966152,21.38347590678432,17.1934152325828,36.58868325755982,-131.97019741499304,3.7412500381469727,3.810000061988831,8.0,96.0,-88.0,3.2274000263214107,3.441691100362808,0.0,0.0,38.7645100767029,0.3672458095174665,0.359617896518891,0.4204783191892653,-19.12196081614813,25.419990558259705,16.129019853349472,17.330790625374007,-83.87098014665052,-0.1733088107670055,-3.003000207918189,-2.610575993484096,-2.465710905976118,-0.1448650875079771,-7.230337794495319,-8.397689455045045,1.167351660549726,3.4721505877993226,0.9374990919605032,0.9331318432827418,17.45454614812678,-0.9375,3.0702216625213623,3
2022-07-08,3.25,3.3550000190734863,3.25,3.3299999237060547,3.0702216625213623,5645088,-150899174.41143355,423535704,-0.2365650680023843,-23918.204400172064,0.1488018169958235,0.0022214243646347,293619.2841203255,3.331452269446934,51.53240481484107,1211.083163116194,3.3485000014305117,3.502288873163423,3.1947111296976,9.185538101670096,0.4398523523971679,0.0,0.0,3.339000018437703,3.421000035603841,3.257000001271566,4.911651195767587,0.4451213850759672,0.0,0.0,3.180000066757202,3.5899999141693115,3.384999990463257,12.244283925248723,0.36585344578941,0.1081312153294177,6.487142870376801,-0.0812433506033492,-0.0844217821559803,0.0031784315526311,3.322499990463257,3.402307684604938,3.318616756635718,3.3998601072390677,0.906896412245044,0.9241381827772368,-0.0172417705321928,-0.3584464658465142,23.498198499033958,-0.0285000681877134,-76.75505685161794,-82.29379953885491,5.538742687236976,3.330000042915344,3.440000057220459,3.3850000500679016,3.6125000715255737,28.12159557637921,21.32562020970993,22.186338116878108,33.67999626980815,-46.9384399308265,3.7412500381469727,3.810000061988831,4.0,92.0,-88.0,3.2274000263214107,3.425989638346472,0.0,0.0,45.52170982507904,0.7848619347562025,0.4562629501415771,0.4007811793506097,-17.614427879325163,35.00244035390232,48.38705956004842,23.655895784912573,-51.61294043995158,-0.171058812562157,-2.346045751055911,-2.3896086321423584,-2.4504904512093666,0.0608818190670081,-9.639746913069756,-8.646100946649987,-0.993645966419768,3.470357698792188,3.095972261364044,3.049013794158828,21.09090631658381,-3.0959752321981426,3.0702216625213623,4
2022-07-11,3.3299999237060547,3.3499999046325684,3.309999942779541,3.3299999237060547,3.0702216625213623,4577490,-150899174.41143355,428113194,-0.2193310410800232,-20501.318057290344,0.0240305389576817,0.0033304982037556,174770.3586095901,3.3322706565317075,49.27172261108981,1211.083163116194,3.3449999928474425,3.497118418649893,3.192881567044992,9.09527211525995,0.4506960808256464,0.0,0.0,3.3286666711171464,3.403666694959005,3.2536666472752893,4.506310258857294,0.5088883477671876,0.0,0.0,3.180000066757202,3.5899999141693115,3.384999990463257,12.257095614015103,0.36585344578941,0.1013180899817787,6.024340965278657,-0.0743172657211368,-0.0824008788690116,0.0080836131478748,3.3233333230018616,3.3919230699539185,3.320368013108077,3.3946852788292143,0.9184395592131848,0.9148938868475828,0.0035456723656021,-0.3512399153089023,23.548601654374316,-0.065000021457672,-72.7132063588413,-81.03875313087842,8.325546772037114,3.330000042915344,3.440000057220459,3.3850000500679016,3.6125000715255737,64.0607977881896,21.271897062426568,21.594732506492814,32.781908687891416,-24.3066098619622,3.7412500381469727,3.810000061988831,4.0,88.0,-84.0,3.2274000263214107,3.4112302640511154,0.0,0.0,45.52170982507904,0.784861934756203,0.6456565596766239,0.4871791354456973,-16.399033211750655,38.07484733185297,48.38705956004842,37.63437965781545,-51.61294043995158,-0.1586764812469483,0.3012045380823059,-2.189224025703141,-2.398237166108122,0.2090131404049806,-12.638083161250025,-9.444497389569996,-3.193585771680029,3.4652926819876675,0.0,0.0,21.09090631658381,0.0,3.0425620079040527,0
2022-07-12,3.3399999141693115,3.3399999141693115,3.259999990463257,3.299999952316284,3.0425620079040527,7106176,-150899174.41143355,421007018,-0.2957624249551593,-48027.56929063084,-0.0337733743488124,-0.0048245135551036,-64019.54401650973,3.322961736156456,40.71720297854186,1211.083163116194,3.3394999861717225,3.489763133639353,3.189236838704092,8.99914047551091,0.3685638011677234,0.0,0.0,3.313333328564961,3.3903333504994717,3.2363333066304527,4.6478886546473,0.4134196594124465,0.0,0.0,3.180000066757202,3.5899999141693115,3.384999990463257,12.277282500669145,0.292682756631528,0.0991862733542063,5.805801651122318,-0.0704370856454121,-0.0800081202242917,0.0095710345788795,3.324999988079071,3.3769230659191427,3.3172344652939554,3.387671550939368,0.8467153144940903,1.0072996105076102,-0.1605842960135198,-0.3423945183310179,23.657566208822267,0.0905000805854796,-71.4111820997091,-79.69117887566517,8.279996775956079,3.290000081062317,3.399999976158142,3.345000028610229,3.6125000715255737,82.0303988940948,21.57333212522511,20.42184512511248,34.3960048239839,-53.304562016910886,3.661250054836273,3.810000061988831,8.0,84.0,-76.0,3.2274000263214107,3.3973564522134807,0.0,0.0,43.83860596018471,0.6372433355410239,0.7356557350178097,0.6125250816120036,-15.835268156791663,39.39106653677408,38.70964764803874,45.16125558937855,-61.29035235196126,-0.1550294188892138,0.6097555213709185,-2.079218265002128,-2.334433385886923,0.2552151208847957,-12.458035234896842,-10.047204958635366,-2.4108302762614766,3.4536645637903054,-0.9009000623754536,-0.9049827058434046,19.999998266046703,0.9009009009009077,3.005682468414306,1
2022-07-13,3.309999942779541,3.319999933242798,3.259999990463257,3.259999990463257,3.005682468414306,5530743,-156429917.41143355,415476275,-0.2383679733974988,-72770.70353752615,-0.0108484313154917,-0.0026336974935836,-131058.79014244257,3.318448697501042,41.45485752244141,1196.403380987261,3.327999985218048,3.4650547620632777,3.1909452083728187,8.236464991225038,0.2519240251232504,0.0,0.0,3.297999986012776,3.3740000089009605,3.221999963124593,4.60885525836926,0.2500001045695196,0.0,0.0,3.180000066757202,3.5299999713897705,3.3550000190734863,10.516824104181495,0.2285712728694569,0.0952676402967398,5.377016431266926,-0.0697852368376596,-0.0779635435469653,0.0081783067093056,3.3108333150545755,3.364230761161217,3.308429161473848,3.378214398311508,0.8646615961784185,1.0000003585241994,-0.1353387623457809,-0.3344140658241068,23.752238344565058,0.1320000529289244,-72.4588113156862,-78.27611840593926,5.817307090253053,3.2850000858306885,3.387500047683716,3.336250066757202,3.6125000715255737,91.0151994470474,21.85323611210947,19.563615407750383,32.950509898445894,-71.37293389633992,3.661250054836273,3.810000061988831,4.0,80.0,-76.0,3.2274000263214107,3.384315069086104,0.0,0.0,41.628531711833546,0.4434061805632943,0.6218371502868404,0.6677164816604247,-15.959775871528258,41.447352541960086,25.80643176535916,37.63437965781546,-74.19356823464084,-0.1336470758213712,-4.956270349425012,-2.0657432776480853,-2.280695364239156,0.2149520865910705,-13.842516024758153,-10.806267171859922,-3.0362488528982308,3.4409038494138717,-1.2121200736670112,-1.2195261569588611,18.54545419866389,1.2121212121212324,3.061001777648926,2
2022-07-14,3.25,3.369999885559082,3.25,3.319999933242798,3.061001777648926,7117215,-155243714.91143355,422593490,-0.1693736888205644,-1370.24692506656,0.0337209908983424,0.012586087836966,63952.31645042419,3.322354292929711,49.2234988894481,1196.403380987261,3.322499978542328,3.45132159319564,3.193678363889016,7.754499051032606,0.490296483605418,0.0,0.0,3.2953333139419554,3.374333310127258,3.2163333177566527,4.794658910591419,0.6561178512147288,0.0,0.0,3.180000066757202,3.490000009536743,3.3350000381469727,9.330321889589491,0.4516125558937853,0.097740864822974,4.975507869569442,-0.0636929355062934,-0.0751094219388309,0.0114164864325375,3.2991666396458945,3.356923066652738,3.310209280207532,3.3739022157138256,0.953846012770066,0.9000002750983703,0.0538457376716957,-0.323356096724859,23.9615150503389,0.0875001072883607,-67.65566743774794,-76.48743787326755,8.831770435519616,3.2850000858306885,3.387500047683716,3.336250066757202,3.6125000715255737,95.5075997235237,21.512523047277806,21.398224801423098,30.215533886407343,-23.33992764459989,3.661250054836273,3.810000061988831,4.0,76.0,-72.0,3.2274000263214107,3.37205616894637,0.0,0.0,46.02420231648575,0.8289336282771851,0.6365277147938344,0.6646735333661615,-14.829916636479808,44.86110818752676,45.16125558937853,36.55911166759216,-54.83874441062147,-0.1065147484050079,-4.0462457618686285,-1.887812136630573,-2.20211871871744,0.3143065820868667,-13.165568510825898,-11.278127439653115,-1.8874410711727805,3.440158436596626,1.8404890477013325,1.823757036757101,20.72727029973811,-1.8404907975460247,2.99646258354187,3
2022-07-15,3.25,3.2699999809265137,3.194999933242798,3.25,2.99646258354187,5545832,-152655655.27684316,417047658,-0.2524464426785889,-56632.76447516735,-0.104808487213527,-0.0120673780930742,14061.478967412057,3.308701533307881,42.269701841723936,1171.1780320461346,3.316999983787537,3.4483164308233105,3.185683536751763,7.917784002267569,0.2448911187443092,0.0,0.0,3.2841666460037238,3.3646666288375853,3.203666663169861,4.9023080440706055,0.2877847621766761,0.0,0.0,3.180000066757202,3.490000009536743,3.3350000381469727,9.345792713136094,0.2258062779468926,0.1004667783406766,5.112038275565072,-0.0637779597873398,-0.0728431295085327,0.0090651697211929,3.285833299160004,3.344230761894813,3.300946314021758,3.364724273809098,0.790123347773847,1.0740742048936052,-0.2839508571197582,-0.3140195931196374,24.088103957064604,-0.0070000410079957,-64.95487903757461,-74.63333074276528,9.678451705190668,3.274999976158142,3.384999990463257,3.3299999833106995,3.6125000715255737,97.75379986176183,21.63169274924736,19.57551149059788,31.389707325766025,-115.26480866371573,3.661250054836273,3.810000061988831,12.0,72.0,-60.0,3.2274000263214107,3.369999885559082,0.0,0.0,42.046051751449085,0.4800252655038314,0.5841216914481036,0.6141621855095928,-14.979239159304594,46.11522985387473,23.333314789663124,31.43366738146695,-76.66668521033688,-0.110661816596985,-4.69208451036481,-1.8954884441434123,-2.140792663802634,0.2453042196592216,-14.20360308974155,-11.863222569670803,-2.3403805200707453,3.434989242318052,-2.1084317665761465,-2.130976647915972,18.181818181818187,2.1084337349397657,3.07944130897522,4
2022-07-18,3.309999942779541,3.369999885559082,3.289999961853028,3.3399999141693115,3.07944130897522,6320570,-151075512.7768432,423368228,-0.2211068477328724,32722.024378588736,0.1234064315568812,-0.0044007400499799,58100.91869909359,3.302033212999461,42.57846048809485,1171.1780320461346,3.3204999804496764,3.4503422257371223,3.1906577351622305,7.820644243452887,0.575090867677411,0.0,0.0,3.2858333031336464,3.363333264986674,3.208333341280619,4.717218112015418,0.8494621786936348,0.0,0.0,3.180000066757202,3.490000009536743,3.3350000381469727,9.335941713740334,0.5161286353071831,0.1024200890625171,5.062745314730544,-0.0559382795634015,-0.0694621595195065,0.0135238799561049,3.288333296775818,3.3373076824041514,3.306954560198305,3.3628928397617064,0.8117646772831196,0.9843139256848272,-0.1725492484017075,-0.3005559863937035,24.204199419529928,0.0094999432563782,-60.26616710779943,-72.39789215719226,12.131725049392834,3.274999976158142,3.384999990463257,3.3299999833106995,3.600000023841858,98.87689993088092,20.63487770799885,24.735816084241584,28.84914922285872,9.070198279996903,3.6550000309944153,3.810000061988831,8.0,68.0,-60.0,3.180000066757202,3.369999885559082,1.0,0.0,48.240647035895634,1.0,0.7696529645936722,0.66343412361187,-13.24046480089891,48.84432571942624,53.33329094780142,40.6092871089477,-46.66670905219858,-0.1056618143530454,0.9063435621868414,-1.6633976230823146,-2.0453136556585703,0.3819160325762556,-14.071011159369148,-12.304780287610477,-1.7662308717586723,3.4332837402776373,2.769228128286505,2.7315784949151656,21.454542333429515,-2.769222812562802,3.061001777648926,0
2022-07-19,3.309999942779541,3.3399999141693115,3.2699999809265137,3.319999933242798,3.061001777648926,8878694,-147270358.20541462,414489534,-0.2212381394345148,2679.776517025868,-0.0197100684193136,-0.0054722738639132,121865.2193093538,3.2929391930325225,42.076046782936416,1171.1780320461346,3.319999980926513,3.449769040753036,3.190230921099991,7.817413287472835,0.4999998162747125,0.0,0.0,3.2858333031336464,3.3643332640329997,3.2073333422342936,4.778085414405454,0.7176219562259241,0.0,0.0,3.180000066757202,3.490000009536743,3.3350000381469727,9.337347727725868,0.4516125558937853,0.0991780734805452,4.995944204117736,-0.050754046760284,-0.065720536967662,0.0149664902073779,3.287499964237213,3.3342307530916653,3.3089615406666884,3.3597155874269724,0.8039215466280404,1.007843317650064,-0.2039217710220234,-0.2854254209698664,24.09683191348589,-0.0400000095367429,-56.55985191289172,-69.44141895861144,12.881567045719711,3.2799999713897705,3.384999990463257,3.3324999809265137,3.600000023841858,99.43844996544048,19.883324375329472,23.53898968213403,28.8357118894427,-21.650179093388992,3.620000064373016,3.775000095367432,4.0,64.0,-60.0,3.18380006313324,3.369999885559082,0.0,0.0,47.03742543117941,0.8968758730960962,0.7923003795333091,0.7153583451916949,-12.16047622176157,48.118085994586046,63.63629467232067,46.76763346992842,-36.36370532767933,-0.0980441675466647,-0.3003000207918189,-1.5106649786136774,-1.938383920249592,0.4277189416359144,-10.994910060313943,-12.042806242151167,1.047896181837224,3.432182396917632,-0.5988018395350125,-0.6006018469991936,20.72727029973811,0.5987946993031272,3.171640396118164,1
2022-07-20,3.400000095367432,3.4600000381469727,3.380000114440918,3.440000057220459,3.171640396118164,8258643,-143141036.70541462,422748177,-0.2099407685778032,143873.8347127712,0.1113984649278227,0.0082931341819244,245339.70007801228,3.299435826389346,51.49025459891766,1213.5098127302915,3.3214999794960023,3.45600280025075,3.1869971587412547,8.09892046274568,0.940511496560097,0.0,0.0,3.306833306948344,3.384333268801371,3.2293333450953163,4.687261477026007,1.3591407472216277,1.0,0.0,3.180000066757202,3.490000009536743,3.3350000381469727,9.333130955688874,0.8387098014665053,0.1032602766229082,4.802020649528514,-0.0365412727452612,-0.0598846841231818,0.0233434113779206,3.300833304723104,3.3353845981451182,3.329121312444192,3.365662585189453,0.9163498781345472,0.878327276775362,0.0380226013591851,-0.2624176273297307,24.02061556294435,-0.0315000176429745,-47.56442444959056,-65.59324961905098,18.02882516946042,3.3274999856948853,3.384999990463257,3.356249988079071,3.600000023841858,99.71922498272023,18.886690182007875,29.40692961948673,26.114274759134144,130.44674000384512,3.540000021457672,3.695000052452088,36.0,60.0,-24.0,3.1875240595817567,3.369999885559082,0.0,0.0,54.38839534330917,1.0,0.965625291032032,0.8425262117196711,-8.86345811762159,54.46003349640904,92.8571489392501,69.94224485312408,-7.142851060749912,-0.0679265015265522,4.87805143982653,-1.0857081427609685,-1.7678487647518673,0.682140621990899,-9.14101952556443,-11.462448898833822,2.3214293732693925,3.432995889883637,3.614461638270328,3.5506725198355404,25.09091117165305,-3.6144578313252964,3.171640396118164,2
2022-07-21,3.4200000762939453,3.4600000381469727,3.375,3.440000057220459,3.171640396118164,8320118,-138736262.86134592,431068295,-0.1285494200360556,123320.4297538039,-0.0025541099189774,0.0077215873142502,298505.48307669704,3.307048542382894,44.39363320408583,1213.5098127302915,3.3274999856948853,3.471565984979329,3.1834339864104417,8.65911344275231,0.8904462957406553,0.0,0.0,3.3268333037694298,3.4063332637151085,3.247333343823751,4.779317307879671,1.2117409463372977,1.0,0.0,3.180000066757202,3.490000009536743,3.3350000381469727,9.316301851607774,0.8387098014665053,0.1014342527753146,4.643072567872224,-0.0249894837278472,-0.0529056440441149,0.0279161603162676,3.3133333126703897,3.3334615230560303,3.34617958087131,3.371169064599157,0.912878760512094,0.8863638990838941,0.0265148614281999,-0.2345327511446031,23.984637741784475,-0.1274999380111694,-38.21747355627095,-61.31129591956798,23.09382236329704,3.3274999856948853,3.3550000190734863,3.341250002384186,3.600000023841858,99.85961249136012,17.91209594679584,27.697750531858293,24.93836987835361,114.4883488099056,3.540000021457672,3.695000052452088,32.0,56.00000000000001,-24.000000000000007,3.198423098724365,3.369999885559082,0.0,0.0,54.38839534330917,1.0,0.965625291032032,0.9078503205324576,-6.238253496323395,57.459437275333805,92.8571489392501,83.11686418360696,-7.142851060749912,-0.0417941324851094,4.559273468287415,-0.7412705577499297,-1.56253312335148,0.8212625656015502,-7.5220293932281885,-10.674364997712695,3.152335604484507,3.4336393780142718,0.0,0.0,25.09091117165305,0.0,3.1439807415008545,3
2022-07-22,3.450000047683716,3.4600000381469727,3.390000104904175,3.4100000858306885,3.1439807415008545,6517944,-141529667.43277448,424550351,-0.1622932852530335,77769.20642895674,0.0080547358333179,0.0117214874600035,-56842.47972894581,3.313762575694495,43.96210645096642,1202.9268885856536,3.333999991416931,3.480615184643844,3.1873847981900183,8.795152585744443,0.7591821923125449,0.0,0.0,3.337666646639506,3.4136665980021164,3.2616666952768965,4.554076809266119,0.9758781939613732,0.0,0.0,3.180000066757202,3.490000009536743,3.3350000381469727,9.29813867959228,0.7419356823464084,0.0982908208220629,4.361910236086933,-0.0180473164464038,-0.0459339785245727,0.0278866620781688,3.330833315849304,3.3326922930203957,3.3559981200958298,3.3740454365422337,0.9609375218278812,0.8828127517482326,0.0781247700796485,-0.2057837123791198,23.94598288740199,-0.1039999723434448,-32.07501389788386,-56.79594120168382,24.720927303799957,3.3274999856948853,3.3350000381469727,3.331250011920929,3.600000023841858,99.92980624568006,17.007115585527526,26.340009317827835,23.71589325319842,94.68602475134487,3.540000021457672,3.695000052452088,28.000000000000004,52.0,-24.0,3.2088861763012693,3.369999885559082,0.0,0.0,52.28434679758619,0.8818975393219926,0.9606325131073308,0.9639610317237982,-4.635918700055421,58.926796584957415,82.14287234812522,89.28572340887517,-17.85712765187478,0.0039117728962616,6.562501094304009,-0.5348865860235428,-1.3570038158858926,0.8221172298623498,-8.067416959862928,-10.152975390142744,2.0855584302798142,3.4329623114558188,-0.872092177056838,-0.8759171553446299,24.00000312111594,0.8720930232558146,3.1071009635925293,4
2022-07-25,3.4200000762939453,3.450000047683716,3.3499999046325684,3.369999885559082,3.1071009635925293,4399935,-144169632.6288735,420150416,-0.1800077255731571,41516.70819881282,-0.0568193192180223,0.0086999439892823,-108454.87760346867,3.317363323100748,44.70748020045168,1188.8162389538647,3.3309999823570253,3.471982287098112,3.1900176776159386,8.464863733882536,0.6383148873671765,0.0,0.0,3.343666648864746,3.425666618347168,3.261666679382324,4.904793335798756,0.660568576186977,0.0,0.0,3.180000066757202,3.4800000190734863,3.330000042915344,9.006303029278413,0.6333328300051418,0.0984617530449714,4.194962435824387,-0.0155935282396297,-0.0398658884675841,0.0242723602279543,3.3424999713897705,3.3330769080382128,3.3581522378594078,3.373745766099037,0.9312975779396878,0.8702291021063285,0.0610684758333592,-0.1795603674874604,23.891520310389915,-0.0010000586509706,-28.34411290370533,-52.01071129101673,23.666598387311403,3.3274999856948853,3.3350000381469727,3.331250011920929,3.600000023841858,99.96490312284004,15.845148473763803,24.492869188059668,24.857855312574912,65.37129345177753,3.5199999809265137,3.695000052452088,24.0,48.0,-24.0,3.2189307307750976,3.369999885559082,0.0,0.0,49.53285105646812,0.7274531857296466,0.869783575017213,0.932013793052192,-4.049395986543146,55.68170319434554,67.85708507712415,80.9523687881665,-32.14291492287584,0.0235000168575956,4.334361165909657,-0.4622022321990231,-1.1780434991485187,0.7158412669494956,-10.783482434676438,-10.27907679904948,-0.5044056356269575,3.43216277592768,-1.1730263714014644,-1.1799606060174606,22.545450383966624,1.1730281111938297,3.208519697189331,0
2022-07-26,3.430000066757202,3.5,3.390000104904175,3.4800000190734863,3.208519697189331,7182145,-139599176.7197826,427332561,-0.1589074288716992,148448.16544466972,0.0689209654168512,0.020609882796231,182819.9272733886,3.336538453753642,52.74346184469236,1188.8162389538647,3.3319999814033507,3.476858566124028,3.187141396682674,8.694993129001537,1.010843171481746,1.0,0.0,3.359333324432373,3.444333291053772,3.274333357810974,5.06052590870907,1.2098043648568626,1.0,0.0,3.180000066757202,3.5,3.340000033378601,9.603839586698388,0.9375000465661384,0.101615589184566,3.682981820732575,-0.0047184011506713,-0.0328363910042015,0.0281179898535302,3.3549999793370566,3.341153832582327,3.376898050353881,3.381616451504552,1.015037401244509,0.7744361131387649,0.240601288105744,-0.149479223522021,23.97503937553318,-0.002000057697296,-22.01617628797699,-46.40597406571571,24.38979777773872,3.347499966621399,3.340000033378601,3.34375,3.600000023841858,99.98245156142002,15.171967092264866,25.7416667413958,22.635554458829574,145.59385895571268,3.5137500166893005,3.695000052452088,100.0,44.0,56.0,3.2285735030699727,3.369999885559082,0.0,0.0,56.33771367137667,1.0,0.869783575017213,0.9000665543805857,-1.4290296190437723,62.0188451631817,93.5483920586602,81.18278316130322,-6.451607941339789,0.0538529767709623,4.504507471594538,-0.1395309378913162,-0.9703409868970784,0.830810049005762,-9.757300710090016,-10.174721581257588,0.4174208711675717,3.435185953779159,3.2640990281860294,3.2119588861729387,26.545455239035864,-3.264095205954888,3.245399236679077,1
2022-07-27,3.4800000190734863,3.5450000762939453,3.450000047683716,3.5199999809265137,3.245399236679077,7057872,-136255987.24509135,434390433,-0.0830526017052569,167571.94334736688,0.0706658098648986,0.0257489974298196,315557.2128537205,3.364691400211817,50.29078066331183,1202.4807803181704,3.337499976158142,3.500947235248264,3.1740527170680206,9.794592374994927,1.0582840782534777,1.0,0.0,3.3818333307902018,3.47033330599467,3.2933333555857347,5.233846056144272,1.280602761848775,1.0,0.0,3.180000066757202,3.5450000762939453,3.3625000715255737,10.936329951885163,0.931506589824034,0.1009540331271324,3.226154871194741,0.007046648666853,-0.0248597830699906,0.0319064317368436,3.370833317438761,3.348461527090806,3.3989137319804392,3.391867083313586,1.0514703678115256,0.735294174364286,0.3161761934472396,-0.1154777169140444,24.061076924039785,-0.0375000238418579,-12.095829897404831,-40.23265878345536,28.13682888605053,3.370000004768372,3.3625000715255737,3.3662500381469727,3.600000023841858,99.99122578071,14.977666311731827,27.163236338608883,21.147678964127923,185.27868542703416,3.5137500166893005,3.695000052452088,100.0,40.0,60.0,3.2448590928857746,3.369999885559082,0.0,0.0,58.52759633797907,1.0,0.9091510619098822,0.8829060706481028,1.421887123314964,62.07202259898169,92.85711852872636,84.75419855483692,-7.142881471273638,0.0712647367926204,5.705707554761814,0.2077513208438871,-0.7347225253488852,0.9424738461927724,-8.980811920329744,-9.93593964907202,0.9551277287422764,3.4446727297615904,1.1494241848790887,1.1428684924131849,27.99999930641868,-1.1494253727677801,3.328378200531006,2
2022-07-28,3.549999952316284,3.609999895095825,3.5299999713897705,3.609999895095825,3.328378200531006,6083692,-130172295.24509136,440474125,0.0313753747215525,221851.9168452469,0.0953365845775257,0.021930052257084,236673.68338745245,3.382232094532517,50.78205894270309,1233.225998387858,3.3524999737739565,3.553783350104988,3.151216597442925,12.007956922036527,1.1396452752719717,1.0,0.0,3.408833328882853,3.493333307902019,3.3243333498636884,4.957706691213184,1.6903350068722836,1.0,0.0,3.180000066757202,3.609999895095825,3.3949999809265137,12.82624404779834,1.0,0.0998586212313503,3.06589868017809,0.0233634569343532,-0.0152151350691218,0.0385785920034751,3.396666646003723,3.356153827447158,3.431388526305883,3.4080250693715297,1.0754714570634163,0.7622642534744343,0.3132072035889822,-0.0748717711743041,24.117167454922097,-0.0924999833106996,-1.0783184407086477,-33.13526316158137,32.05694472087272,3.439999938011169,3.3949999809265137,3.4174999594688416,3.600000023841858,99.995612890355,15.36705352671196,29.995077261208596,19.818598036594903,207.74833805785772,3.512499988079071,3.695000052452088,100.0,36.0,64.0,3.268870371558428,3.369999885559082,0.0,0.0,63.02156556858348,1.0,1.0,0.9263115456423652,5.352177465184861,64.88261669642718,100.0,95.46850352912888,-0.0,0.1008088364320642,9.393937795724836,0.6855424023820839,-0.4506695398026914,1.1362119421847754,-9.380079640194651,-9.824767647296548,0.4446880071018935,3.465016177462881,2.556815757300712,2.524675909405927,31.272723458030004,-2.5568183696511397,3.3191583156585693,3
2022-07-29,3.7100000381469727,3.7100000381469727,3.5999999046325684,3.5999999046325684,3.3191583156585693,7580320,-137752615.24509135,432893805,0.0160444480739876,179329.76762329237,0.1233459213449623,0.0290240081418898,134550.6987533268,3.4048367828849138,52.63970355991024,1233.225998387858,3.365999972820282,3.593894664278,3.1381052813625643,13.540979993934515,1.0133948718057375,1.0,0.0,3.448666659990947,3.5366666475931803,3.3606666723887124,5.103420903107228,1.3598481020568935,1.0,0.0,3.180000066757202,3.7100000381469727,3.4450000524520874,15.745691493446376,0.7924525670709737,0.1008727724596557,2.8977362100227286,0.0350833108171277,-0.0051554458918719,0.0402387567089997,3.4249999721844997,3.366923057115995,3.457328738356142,3.422245427539014,1.0788528015636154,0.6989246723752681,0.3799281291883473,-0.031999626812881,24.132326175612853,-0.0460000395774842,9.700629603892514,-25.36117463806004,35.06180424195256,3.490000009536743,3.4450000524520874,3.4675000309944157,3.600000023841858,99.9978064451775,16.474125570654188,34.649058690621416,18.30440857738593,197.5511035658384,3.512499988079071,3.695000052452088,96.0,32.0,64.0,3.302983323912168,3.369999885559082,0.0,0.0,62.2148744224232,0.9622918772736038,0.987430625757868,0.9655272292225834,8.277422077294592,54.87497383720974,78.6407551247253,90.49929121781724,-21.3592448752747,0.1398970547844382,10.429445250427635,1.025154728378341,-0.1555046861664848,1.180659414544826,-7.890628763912642,-9.437939870619768,1.5473111067071246,3.492071993910171,-0.2770080541232622,-0.2773924314350084,30.9090874411843,0.2770083300919879,3.3560380935668945,4
2022-08-01,3.619999885559082,3.650000095367432,3.5899999141693115,3.640000104904175,3.3560380935668945,5188870,-134293361.70553988,438082675,0.08229361463465,183362.0635604407,-0.0404713230281755,0.028545583236221,36656.30437215077,3.4250111102340344,53.39719883495128,1246.9285784496485,3.3839999794960023,3.6373298116526063,3.1306701473393983,14.972212393117909,1.005270388467154,1.0,0.0,3.478000005086263,3.564000018437704,3.391999991734823,4.945371663350958,1.4418608992297206,1.0,0.0,3.180000066757202,3.7100000381469727,3.4450000524520874,15.661937783720267,0.8679246471292377,0.0967855133335022,2.6209633933952934,0.0470566218772408,0.0052869676619505,0.0417696542152902,3.4516666531562805,3.380769216097318,3.485432025517378,3.438375403640137,1.1090906127425777,0.7309090474026338,0.3781815653399436,0.0129044277032444,24.08878711985126,-0.1339999794960022,19.76560425943446,-16.880568396690467,36.64617265612493,3.5299999713897705,3.4450000524520874,3.487500011920929,3.600000023841858,99.99890322258877,17.371920963896276,33.16080690595993,18.23406118625099,157.99241398017682,3.497500002384186,3.680000066757202,100.0,28.000000000000004,72.0,3.3518253296203446,3.369999885559082,0.0,0.0,64.18946118665986,1.0,0.987430625757868,0.991620417171912,11.332303740417627,55.21163809319135,86.40778272155447,88.3495126154266,-13.59221727844553,0.1750735324971817,9.638559581199086,1.3685713848296766,0.1493105280327474,1.2192608567969292,-9.38286259365878,-9.42692441522757,0.0440618215687891,3.518892993031123,1.1111167036458314,1.1049891497366238,32.36364017833362,-1.1111183740269297,3.346818208694458,0
2022-08-02,3.630000114440918,3.640000104904175,3.5899999141693115,3.630000114440918,3.346818208694458,4661383,-131496523.01469132,433421292,0.1486938134516041,150508.37083100813,-0.0053632305102335,0.0289373832937394,44848.416629537125,3.443385914645377,53.60814479565981,1243.502953852534,3.4009999871253966,3.671843143653493,3.1301568305973,15.927265954330055,0.9227541324119916,0.0,0.0,3.509000015258789,3.593000054359436,3.424999976158142,4.787691008000865,1.2202383503485592,1.0,0.0,3.180000066757202,3.7100000381469727,3.4450000524520874,15.583651084860444,0.8490567395762717,0.0921069810736383,2.11854628050792,0.0551034433047359,0.0152502627905076,0.0398531805142282,3.48333332935969,3.388461525623615,3.507673269967153,3.452569826662417,1.1098897912694112,0.7216117369669364,0.3882780543024748,0.056600448952342,24.064029751606043,-0.0610000729560851,30.38951482176157,-8.219019588762453,38.608534410524015,3.5299999713897705,3.4450000524520874,3.487500011920929,3.600000023841858,99.99945161129438,18.205588114763927,31.930006145353307,17.557283433507227,132.10673257052883,3.497500002384186,3.680000066757202,96.0,24.0,72.0,3.39480629464354,3.369999885559082,0.0,0.0,63.29888007207434,0.959781210874899,0.9740243627161675,0.9829618714106344,13.595862301161883,59.30258634557912,84.46603739606225,83.17152508078068,-15.533962603937749,0.2067941090639902,11.692311213566708,1.59601242179667,0.438650906785532,1.157361515011138,-11.173937749177885,-9.776327082017632,-1.3976106671602508,3.540941318515548,-0.2747250048093064,-0.2751030665294474,32.000004161487915,0.2747252747252702,3.4113574028015137,1
2022-08-03,3.630000114440918,3.7300000190734863,3.5999999046325684,3.700000047683716,3.4113574028015137,9923222,-126153241.2305076,443344514,0.2210266073116111,228239.30036278735,0.0655029135008506,0.03120752062249,178550.72487574338,3.477169639457804,55.402836531841245,1243.502953852534,3.425999987125397,3.7100000356285032,3.14199993862229,16.57910388618527,0.9823943904279332,0.0,0.0,3.534000007311504,3.623000065485636,3.4449999491373697,5.036788794001175,1.4325838868971583,1.0,0.0,3.190000057220459,3.7300000190734863,3.4600000381469727,15.76182031180091,0.9444444935017688,0.0958962944103662,1.821758021247516,0.066364013817957,0.0254730129959975,0.0408910008219595,3.513333340485891,3.397692295221182,3.5372620050004704,3.4708979911825133,1.123636008018489,0.6945455579520708,0.4290904500664182,0.1014809056283291,24.190404571247942,-0.1060000538825987,41.57986948103839,0.6473518598274737,40.93251762121091,3.539999961853028,3.455000042915344,3.497500002384186,3.600000023841858,99.9997258056472,19.6230433288607,35.44153426202145,15.904419009544087,145.64828695256224,3.4825000166893005,3.680000066757202,100.0,20.0,80.0,3.432629543863952,3.369999885559082,0.0,0.0,66.77400534920072,1.0,0.9865937369582995,0.982682908477445,16.62514303044795,65.23634192395336,94.3925296118056,88.42211657647412,-5.607470388194405,0.2348529142491959,10.778447388192212,1.91201279860568,0.7333232851495616,1.178689513456118,-6.211220913922092,-9.063305848398524,2.8520849344764327,3.5690436680361644,1.9283727558113029,1.9100152734486957,34.54545627940784,-1.9283746556473886,3.383697748184204,2
2022-08-04,3.690000057220459,3.7200000286102295,3.670000076293945,3.670000076293945,3.383697748184204,6925082,-133078323.2305076,436419432,0.1564345017216726,165954.79147212952,0.0216604380921007,0.0402410152871777,135207.45030494058,3.505693521980365,61.65785929385402,1233.420507215263,3.44799998998642,3.736000056399275,3.1599999235735647,16.705340327683082,0.885416727628949,0.0,0.0,3.5601666768391924,3.6456667264302567,3.4746666272481286,4.803148692295115,1.1423002090646237,1.0,0.0,3.194999933242798,3.7300000190734863,3.462499976158142,15.516243833654872,0.8878505922361111,0.0913066602009581,0.8570485497079217,0.0720369529545674,0.0347858009877115,0.0372511519668559,3.5425000190734863,3.4076922948543844,3.557683246737928,3.4856462937833603,1.2653843177142337,0.6461539985159374,0.6192303191982963,0.1432201208132719,24.227854169984727,-0.0079999327659607,50.67153547477587,9.841412901234111,40.83012257354176,3.539999961853028,3.455000042915344,3.497500002384186,3.455000042915344,99.9998629028236,20.93925174195056,34.111416169761824,15.307527370624788,130.3493465864138,3.392500042915344,3.680000066757202,96.0,16.0,80.0,3.4742614103932863,3.369999885559082,0.0,0.0,63.97805114702022,0.8583364385423464,0.9393725498057484,0.9666635498267389,18.3835343206974,59.36336504612728,86.95653526003163,88.60503408929985,-13.043464739968377,0.2491176436929141,10.54217319544599,2.0666742085404697,0.9999934698277432,1.0666807387127264,-5.76491477225575,-8.40362763316997,2.63871286091422,3.582068473254694,-0.8108100271120744,-0.8141149682650006,33.45454822887073,0.810810810810807,3.3929176330566406,3
2022-08-05,3.690000057220459,3.700000047683716,3.640000104904175,3.680000066757202,3.3929176330566406,6110850,-131041373.2305076,442530282,0.1489855092692449,150976.74150788184,-0.0245464565318802,0.0296729518522662,-39498.45802864307,3.527465734439868,55.25784528764059,1236.7813227610202,3.465499997138977,3.7649979791828407,3.1660020150951134,17.284546662306802,0.858099357054783,0.0,0.0,3.585500009854634,3.670000060399373,3.500999959309896,4.71343189583002,1.05917159985919,1.0,0.0,3.194999933242798,3.7300000190734863,3.462499976158142,15.437890240149184,0.90654216019676,0.0881759884588164,0.6740964343151722,0.0764583494893855,0.0431203106880463,0.0333380388013392,3.562500019868215,3.421923068853525,3.576501219048586,3.5000428695592003,1.2096770968324952,0.7258064888270199,0.4838706080054753,0.1812747183814562,24.27358156344275,-0.025499939918518,61.19751066006644,19.79048218609764,41.40702847396881,3.5600000619888306,3.455000042915344,3.5075000524520874,3.455000042915344,99.9999314514118,21.70020867434254,32.53353299842679,16.91228832400955,107.29670825708251,3.392500042915344,3.680000066757202,92.0,12.0,80.0,3.5100648156085144,3.369999885559082,0.0,0.0,64.5114769018298,0.8853637024870237,0.9145667136764568,0.9468443334801684,19.98840725957044,58.1473688581594,89.13044605002644,90.15983697395455,-10.869553949973566,0.2413823702756095,6.976744347227267,2.1844975144265826,1.2368942787475112,0.9476032356790712,-6.2906438521571575,-7.981030876967408,1.6903870248102502,3.599824540264423,0.2724792985115076,0.2721087466363903,33.81818424571643,-0.27247956403269313,3.4297971725463867,4
2022-08-08,3.799999952316284,3.829999923706055,3.690000057220459,3.7200000286102295,3.4297971725463867,10143401,-136837602.37336478,452673683,0.1012697004032395,187370.87172960723,0.1242184546131889,0.0399535606403021,126905.05276191994,3.5697037450697824,64.72634593044681,1236.7813227610202,3.4850000023841856,3.7971859079818,3.1728140967865714,17.91597735345992,0.8763783406175654,0.0,0.0,3.6211666822433473,3.709666705131531,3.532666659355164,4.887928706632029,1.0583803435381842,1.0,0.0,3.194999933242798,3.829999923706055,3.5124999284744263,18.22094662923489,0.8267718161451051,0.09435837530782,0.6548238801147491,0.0822419665292772,0.0509446418562925,0.0312973246729847,3.5858333508173623,3.436923072888301,3.598577958981146,3.5163359924518693,1.2424238921308175,0.6136365606764149,0.6287873314544028,0.2170839620269127,24.395283981816927,-0.0749999165534971,72.6649095234834,30.310602831815466,42.35430669166794,3.639999985694885,3.5049999952316284,3.572499990463257,3.5049999952316284,99.99996572570588,23.282295945235397,38.52853112610328,15.039329380628674,124.65356731929414,3.392500042915344,3.680000066757202,100.0,8.0,92.0,3.5408557440936104,3.369999885559082,0.0,0.0,66.63953529894525,0.992200635295506,0.9119669254416256,0.9219687296412769,21.972118193620123,48.8977313340067,77.0833560989953,84.39011246968447,-22.916643901004708,0.2563676616724799,8.13953391663639,2.338854043123781,1.4572862316227653,0.8815678115010162,-2.074367450627263,-6.799698191699378,4.725330741072115,3.633946575584032,1.0869554654186595,1.081090565459375,35.27272831309924,-1.0869565217391255,3.4113574028015137,0
2022-08-09,3.7300000190734863,3.75,3.700000047683716,3.700000047683716,3.4113574028015137,9752817,-146590419.37336478,442920866,0.0304507059500288,132738.4394854093,-0.0179434994232076,0.0307148489009428,57819.80195753511,3.595889582720288,55.41145327987242,1230.1319672031575,3.5050000071525576,3.818464581038663,3.191535433266452,17.886708887099967,0.8110399974607813,0.0,0.0,3.647166681289673,3.7296667098999023,3.5646666526794437,4.524061323188922,0.8202021095268565,0.0,0.0,3.194999933242798,3.829999923706055,3.5124999284744263,18.11697543986962,0.7952757827169425,0.0899225330086664,0.670403428493729,0.084240619959222,0.0576038374768784,0.0266367824823436,3.6100000143051143,3.4530769219765296,3.61418135724308,3.529940737283858,1.227641967545623,0.7317072934346143,0.4959346741110086,0.2481817757823036,24.4722837189053,-0.1350001215934755,81.2040168490076,40.67725247030573,40.52676437870187,3.6799999475479126,3.5049999952316284,3.5924999713897705,3.5049999952316284,99.99998286285296,24.75137698249304,37.05540191860087,14.464304205146616,98.86122902268716,3.392500042915344,3.650000095367432,96.0,4.0,92.0,3.5871188128316014,3.369999885559082,0.0,0.0,64.55513513904262,0.8713038481945847,0.9162893953257047,0.9142743448145956,23.09101430494063,50.21952566004392,72.91669357153991,79.71016524018722,-27.08330642846009,0.268808839601629,8.504397494241772,2.386459893489365,1.643120963996085,0.7433389294932797,0.6780024417301255,-5.304158065013478,5.982160506743604,3.646302128578088,-0.5376338917391199,-0.5390843438307646,34.54545627940784,0.5376344086021447,3.42057728767395,1
2022-08-10,3.670000076293945,3.75,3.660000085830689,3.7100000381469727,3.42057728767395,5418681,-145988343.70669812,448339547,0.0738508673597104,121516.77074798384,-0.0332183527093414,0.0285245458444882,-37789.379962889485,3.61674740737615,56.74070245701211,1233.4566449820886,3.5275000095367437,3.8318600587522,3.2231399603212867,17.25641663459144,0.799809434714997,0.0,0.0,3.667333348592122,3.74933336575826,3.5853333314259848,4.471915114976773,0.7601626867248386,0.0,0.0,3.194999933242798,3.829999923706055,3.5124999284744263,18.001417115421923,0.8110237994310238,0.0899302711247309,0.6742420690509079,0.0856442294930377,0.0632119158801103,0.0224323136129274,3.6383333603541055,3.4692307710647583,3.628922692766756,3.543278463273718,1.1983804143926016,0.7327934714642006,0.4655869429284009,0.2747911582216745,24.543814946509585,-0.0474999904632569,86.56722924868048,50.41564665801563,36.151582590664844,3.709999918937683,3.5049999952316284,3.607499957084656,3.5049999952316284,99.99999143142648,25.49804289456061,34.4984905729857,16.533005575310778,85.0360102500219,3.392500042915344,3.650000095367432,92.0,4.0,88.0,3.625979790571514,3.369999885559082,0.0,0.0,65.14222354787816,0.9053554203148464,0.9229533012683124,0.9170698740118808,24.188598507933847,48.50048737735705,75.0000248352676,75.00002483526761,-24.9999751647324,0.2669559135156523,10.089025641954429,2.4170900024015904,1.7979147716771864,0.6191752307244041,-1.7778607741554768,-4.598898606841878,2.821037832686401,3.657072991598561,0.2702700090373433,0.2699054363876962,34.90909229625354,-0.2702702702702737,3.374477863311768,2
2022-08-11,3.7200000286102295,3.740000009536743,3.650000095367432,3.660000085830689,3.374477863311768,3891026,-149014697.26225367,444448521,0.0450851779874032,76364.21571806898,-0.0231301020190316,0.0262970574264632,-37794.5833260438,3.6330905732821113,58.05865422276371,1216.833256087432,3.5445000171661376,3.8384031240432495,3.2505969102890258,16.583614357665613,0.6964934462445896,0.0,0.0,3.6773333628972367,3.7603333791097,3.594333346684774,4.514141527113029,0.3955826886697314,0.0,0.0,3.194999933242798,3.829999923706055,3.5124999284744263,17.91507934512428,0.732283715860618,0.0899372354291889,0.7655688919325617,0.0817793207721577,0.0669253968585198,0.0148539239136379,3.653333365917206,3.486923080224257,3.633703830161207,3.551924509389049,1.1752985883154414,0.7450198552277202,0.4302787330877212,0.2937850435642315,24.652939236810933,-0.0245000362396239,88.9741962610938,59.22382073103799,29.750375530055805,3.709999918937683,3.509999990463257,3.60999995470047,3.5049999952316284,99.99999571571324,26.0376091822208,32.11222270924102,16.157971992517854,67.61889621207483,3.387500047683716,3.6125000715255737,88.0,24.0,64.0,3.625979790571514,3.829999923706055,0.0,1.0,59.80807965540685,0.5959710367692661,0.7908767684262324,0.8767064883400834,23.71858966552693,43.67351866071645,64.58336851662922,70.83336230781227,-35.41663148337077,0.2543088527286756,5.172415683064442,2.3023946752242286,1.898810752386595,0.4035839228376336,-5.521081050467051,-4.783335095566913,-0.737745954900138,3.6571559362966526,-1.3477075957459284,-1.356871603726395,33.090912212025046,1.3477088948786928,3.44823694229126,3
2022-08-12,3.700000047683716,3.740000009536743,3.680000066757202,3.740000009536743,3.44823694229126,4284983,-144729714.26225367,448733504,0.0578957389075694,114426.22962716476,0.0210035438503965,0.0318558333599217,41221.08612827593,3.648397600927817,62.523488761390766,1216.833256087432,3.569000017642975,3.8415363152617865,3.2964637200241635,15.272417835335222,0.8137196648443151,0.0,0.0,3.685666704177856,3.7636667013168337,3.60766670703888,4.232612626126006,0.8482904317424385,0.0,0.0,3.2699999809265137,3.829999923706055,3.549999952316284,15.690667974537428,0.8392858511331264,0.0889435042568754,0.538819361950238,0.0842010606081657,0.070380529608449,0.0138205309997167,3.671666701634725,3.506538464472844,3.650057088526674,3.565856027918508,1.218623442702134,0.7165991050906515,0.5020243376114824,0.3107982136387344,24.65314432535872,0.0409998774528501,94.80728578249985,67.56178534471194,27.245500437787896,3.709999918937683,3.5124999284744263,3.611249923706055,3.5049999952316284,99.9999978578566,26.538635020762403,30.117983930131203,15.15452683610467,80.18538265350374,3.387500047683716,3.6125000715255737,100.0,20.0,80.0,3.625979790571514,3.8263999271392826,0.0,0.0,64.77771317891549,0.8087163302912349,0.7700142624584491,0.8279481107176648,24.707527603963182,45.58919477053398,79.54546562896735,73.0429529936214,-20.454534371032643,0.254220610506394,6.25000084665689,2.3613140841616183,1.9913114187416,0.3700026654200186,-8.147850306266005,-5.456238137706731,-2.6916121685592733,3.664546732958784,2.185790213933747,2.162244311208928,36.00000034679065,-2.185792349726782,3.4297971725463867,4
2022-08-15,3.7300000190734863,3.740000009536743,3.690000057220459,3.7200000286102295,3.4297971725463867,2773596,-144174995.06225368,445959908,0.0517461439648608,90155.072952162,0.0090135521958882,0.0275767324155672,78828.68909438142,3.665841513194174,57.739050408503935,1210.3261325980095,3.5880000233650207,3.846658144896611,3.3293419018334305,14.417955398395266,0.7551630787071334,0.0,0.0,3.694666703542073,3.7716666777928665,3.617666729291281,4.16816890015942,0.6645021658425756,0.0,0.0,3.2699999809265137,3.829999923706055,3.549999952316284,15.607579128562636,0.8035715958293768,0.0850491490628163,0.5574518103294345,0.0835434388033999,0.0730131114474392,0.0105303273559607,3.680833379427592,3.52153846850762,3.660817540847221,3.577274102043821,1.225108222427407,0.7575757763414868,0.4675324460859202,0.323937183038805,24.68015231090264,0.0119998812675476,98.27717347837984,75.10485852878064,23.1723149495992,3.714999914169312,3.5124999284744263,3.613749921321869,3.5049999952316284,99.9999989289283,27.00387329940818,28.90957694491861,14.54649025142412,74.01097817497646,3.3850000500679016,3.6125000715255737,96.0,16.0,80.0,3.625979790571514,3.8228719305038457,0.0,0.0,62.69075475503441,0.5048450072498403,0.6365107914367805,0.732467274107154,24.940824380219208,47.95325173096068,71.05264974103333,71.72716129554333,-28.947350258966665,0.2374265018631431,3.0470951997488744,2.3353938339717586,2.060127901787632,0.2752659321841268,-12.252088926720942,-6.815408295509574,-5.4366806312113685,3.666904488760164,-0.5347588469389097,-0.5361938000394639,35.27272831309924,0.5347593582887811,3.4390170574188232,0
2022-08-16,3.740000009536743,3.75,3.694999933242798,3.7300000190734863,3.4390170574188232,3706618,-143164093.40125847,449666526,0.0320348449556241,82570.94033770116,0.0111286576881793,0.0233240786886587,-4868.032685692198,3.681510246038077,56.287529728881005,1210.3261325980095,3.608500027656555,3.842788339839592,3.374211715473518,12.985357372170473,0.7592958869455035,0.0,0.0,3.705166697502136,3.782666659355164,3.627666735649109,4.183345483768629,0.6602150567405732,0.0,0.0,3.3499999046325684,3.829999923706055,3.5899999141693115,13.30192643465795,0.7916668736272299,0.0820442408322549,0.5620134116249711,0.0828738661009698,0.0749852623781453,0.0078886037228244,3.691666722297669,3.5369230875602136,3.671460999035877,3.588587132934907,1.1838564322445413,0.7802691628129461,0.4035872694315952,0.3337961181884433,24.658918992566832,0.0315000772476197,100.67916931126692,81.67144739880602,19.00772191246089,3.7350000143051143,3.5124999284744263,3.6237499713897705,3.5049999952316284,99.99999946446415,27.52912185545733,28.42282257058318,13.886469653703076,75.37618738623344,3.3850000500679016,3.6125000715255737,92.0,12.0,80.0,3.625979790571514,3.819414493801117,0.0,0.0,63.326949257672766,0.5051546279629383,0.6062386551680045,0.6709212363544114,25.307417050758254,47.3086237533504,66.66669315762401,72.42160284254159,-33.33330684237599,0.2287647282376008,3.611114385687361,2.309373105096987,2.109976942449503,0.199396162647484,-14.388417893193507,-8.33001021504636,-6.058407678147148,3.670587996450291,0.2688169458695544,0.2684562793282108,35.636364329944946,-0.26881720430107237,3.44823694229126,1
2022-08-17,3.759999990463257,3.7799999713897705,3.7100000381469727,3.740000009536743,3.44823694229126,16566177,-145530690.11554417,466232703,-0.0175080636702636,94441.03629126168,0.0095073303167561,0.0171934176700323,54377.317883216645,3.6982388196976,61.19129996173922,1210.3261325980095,3.6235000252723695,3.8510324725215113,3.395967578023228,12.558710951411612,0.7560074083341823,0.0,0.0,3.71183336575826,3.783333309491476,3.640333422025044,3.852540601245964,0.6969696919173805,0.0,0.0,3.3499999046325684,3.829999923706055,3.5899999141693115,13.246861203965532,0.8125001862645068,0.0808398100733092,0.5620134116249711,0.0822025606177763,0.0764287220260715,0.0057738385917047,3.700000047683716,3.5538461666840773,3.682005462189856,3.59980290157208,1.1369863848842194,0.817351559398994,0.3196348254852255,0.3408961586009222,24.676129932398425,0.0065000891685484,100.78162886251704,87.23923555299947,13.542393309517578,3.7350000143051143,3.5124999284744263,3.6237499713897705,3.5049999952316284,99.99999973223208,28.29471689784435,29.267931361407463,13.073436733213804,83.58639318068856,3.345000028610229,3.6125000715255737,88.0,8.0,80.0,3.625979790571514,3.816026205832444,0.0,0.0,63.98825500648014,0.6000889953215433,0.5366962101781073,0.5931485522609642,25.79029462402846,48.68629574804637,62.500037252901386,66.73979338385293,-37.49996274709861,0.2252941327936506,2.747250048093087,2.283529483846946,2.144687450728992,0.1388420331179545,0.2876915179138036,-6.606469868454329,6.894161386368133,3.672160982294313,0.2680962576976364,0.2677375207112531,36.00000034679065,-0.2680965147453236,3.4113574028015137,2
2022-08-18,3.7799999713897705,3.7799999713897705,3.690000057220459,3.700000047683716,3.4113574028015137,4740332,-149217615.00443307,461492371,-0.0788611486173936,53861.87408241219,-0.0189859757372911,0.0070268535927285,-6285.388907986773,3.704463837166885,55.02314970320689,1197.3814804562471,3.636500024795532,3.84988000893545,3.4231200406556144,11.735458967962767,0.6487956406598694,0.0,0.0,3.71550002892812,3.790999968846639,3.6400000890096025,4.064052715957008,0.3973510359006046,0.0,0.0,3.3499999046325684,3.829999923706055,3.5899999141693115,13.199505453061988,0.729166935715399,0.0817558204829094,0.6261652955728284,0.0775489475629784,0.0766527671334529,0.0008961804295255,3.705833375453949,3.570769245807941,3.684773859958143,3.607224912395164,1.0558141319477408,0.90697681639504,0.1488373155527008,0.3428867517007834,24.64352350255342,0.0635000228881836,99.24657668472764,91.46690955573962,7.779667128988024,3.740000009536744,3.5124999284744263,3.6262499690055847,3.5049999952316284,99.99999986611604,28.60262984306109,27.07318290772045,13.759487365121188,65.94677627532687,3.336250066757202,3.6125000715255737,84.0,4.0,80.0,3.625979790571514,3.812705683623144,0.0,0.0,59.37602405034496,0.0,0.3684145410948272,0.5037831354803131,24.958952741308,47.95994747970724,45.83338714307987,58.33337251786844,-54.16661285692013,0.2222647133995505,1.9283727558113049,2.149822909475492,2.1457145424782915,0.0041083669972001,-2.549153803231289,-5.795006655409721,3.245852852178432,3.672608638872071,-1.0695176938778084,-1.0752781438702286,34.54545627940784,1.069518716577548,3.4113574028015137,3
2022-08-19,3.690000057220459,3.7300000190734863,3.680000066757202,3.700000047683716,3.4113574028015137,3720018,-149961618.60443306,465212389,-0.0648058186897511,46167.3206420676,-0.0403223086280339,0.0070374974784529,-50698.68948855199,3.7087769628536975,55.83076978469698,1197.3814804562471,3.651000022888184,3.838712632917314,3.463287412859053,10.28280519596587,0.6305187349638579,0.0,0.0,3.7185000260670975,3.7929999669392895,3.644000085194905,4.006988858407414,0.3758389727106006,0.0,0.0,3.3499999046325684,3.829999923706055,3.5899999141693115,13.147083430960237,0.729166935715399,0.0785802336662469,0.6883224836428168,0.0730192057387011,0.0759260548545025,-0.0029068491158014,3.705833375453949,3.5853846348249,3.6871163503774618,3.6140971446387606,1.0563382205057077,0.8967136728295849,0.1596245476761227,0.3406900056692527,24.58201591577305,0.0190000534057612,96.87490450346117,94.15690899795936,2.717995505501804,3.715000033378601,3.5124999284744263,3.6137499809265137,3.5049999952316284,99.99999993305802,28.684882141859173,25.91070647607084,14.027444364643008,45.89481401095954,3.336250066757202,3.6125000715255737,80.0,8.0,72.0,3.625979790571514,3.8094515718580295,0.0,0.0,59.37602405034496,0.0,0.2000296651071811,0.3683801387933719,24.266276415649752,45.924757551283925,45.83338714307987,51.388937179687055,-54.16661285692013,0.2103823612718023,0.0,2.020399641083793,2.120651562199392,-0.100251921115599,-6.1209538060208,-5.860196085531937,-0.2607577204888622,3.672925339170506,0.0,0.0,34.54545627940784,0.0,3.44823694229126,4
2022-08-22,3.670000076293945,3.75,3.634999990463257,3.740000009536743,3.44823694229126,4363947,-146356618.12205428,469576336,-0.016813261235106,64508.80534014839,-0.032940491780424,0.0050676931020107,47177.75980514114,3.713238443531329,60.66404278392891,1197.3814804562471,3.6695000290870663,3.809710610483079,3.529289447691055,7.641944694623419,0.7514074891771388,0.0,0.0,3.714666692415873,3.7866666475931807,3.642666737238566,3.8765230444124423,0.67592592285984,0.0,0.0,3.390000104904175,3.829999923706055,3.6100000143051143,11.99072939948573,0.7954546562896736,0.0822222112532965,0.6843952467359959,0.071829015161076,0.0751066469158172,-0.0032776317547411,3.711666703224182,3.6042307890378513,3.695252297940428,3.623423282779352,1.0132744361766843,0.8761062469709751,0.1371681892057092,0.3373418025622889,24.63358622111486,0.0105000376701354,94.2103009130578,95.60205167174271,-1.3917507586849212,3.7074999809265137,3.549999952316284,3.628749966621399,3.5049999952316284,99.999999966529,27.88661975801832,23.41988517908156,16.440625200666407,46.522750329313226,3.3299999833106995,3.6125000715255737,76.0,4.0,72.0,3.625979790571514,3.8062625423282177,0.0,0.0,62.50999951566452,0.4236257620446117,0.1412085873482039,0.2365509311834041,24.47091115825489,56.65639209941087,60.86960578009504,50.84546002208494,-39.13039421990496,0.1949264694662655,1.907355089580432,1.982352310381456,2.092991711835805,-0.110639401454349,-8.23680134362487,-6.335517137150525,-1.9012842064743456,3.6737008585411415,1.0810800361494175,1.0752781438702286,36.00000034679065,-1.081081081081095,3.494336128234864,0
2022-08-23,3.7100000381469727,3.829999923706055,3.7100000381469727,3.7899999618530273,3.494336128234864,6898836,-144057006.1220543,476475172,-0.0343460222210913,104570.61472553643,0.1348051963290153,0.0100178561611653,139408.09941965656,3.72220287000152,59.429713946675925,1197.3814804562471,3.685000026226044,3.805083345177784,3.5649167072743038,6.51741210839135,0.9371961757202166,0.0,0.0,3.720666686693828,3.799666635195415,3.64166673819224,4.246548006254567,0.9388184832665232,0.0,0.0,3.450000047683716,3.829999923706055,3.639999985694885,10.312072545940046,0.8947369081492114,0.0859999786838751,0.6843952467359958,0.0740665655752206,0.0748986306476979,-0.0008320650724773,3.720833361148834,3.621538483179533,3.7098288616192896,3.635762296044069,1.071428769097183,0.8839285961371478,0.1875001729600353,0.3354563109316062,24.781926200730396,0.0350000023841858,93.00698524200337,96.31758011544528,-3.3105948734419,3.732499957084656,3.549999952316284,3.64124995470047,3.5049999952316284,99.9999999832645,28.047038794342107,27.636214611634568,14.837752350046484,132.59464251382676,3.3299999833106995,3.600000023841858,100.0,16.0,84.0,3.634999990463257,3.8062625423282177,1.0,0.0,66.03706171252128,0.9170547734003898,0.4468935118150005,0.2627105880901285,25.63396910885029,53.80150604697943,79.4871920272798,62.06339498348492,-20.5128079727202,0.1883970618247987,2.989127529901285,2.037167436820871,2.0818268568328184,-0.0446594200119472,-6.58380434946282,-6.385174579612984,-0.1986297698498358,3.6803625614858486,1.3368971173472577,1.3280395052798877,37.818180431019165,-1.3368914815051056,3.6049749851226807,1
2022-08-24,3.900000095367432,3.930000066757202,3.869999885559082,3.910000085830689,3.6049749851226807,10230427,-140646836.68742636,486705599,-0.0330227750519204,265010.8852425193,0.076243379378519,0.0139166376816238,416149.2105118613,3.74487127255196,61.11465204702845,1197.3814804562471,3.7045000314712526,3.8370858717667455,3.571914191175759,7.158096324422865,1.274969838036395,1.0,0.0,3.740333350499472,3.816333325703939,3.6643333752950022,4.0638075851886,1.6162288860933924,1.0,0.0,3.5299999713897705,3.930000066757202,3.7300000190734863,10.79768098175911,0.9500000596046316,0.091399991305905,0.6491831709652011,0.0845482281762559,0.0768285501534095,0.0077196780228463,3.7366666992505393,3.644230796740605,3.74062443457489,3.6560762063986334,1.074380135977483,0.8016527736864553,0.2727273622910277,0.3405634657554558,24.843952803467875,-0.0044999837875367,94.80355873406783,96.96528705688684,-2.161728322818988,3.7825000286102295,3.639999985694885,3.711250007152557,3.555000066757202,99.99999999163224,29.048438036173746,32.41511449905494,13.2185644504983,299.21261907304506,3.3324999809265137,3.600000023841858,100.0,12.0,88.0,3.634999990463257,3.8062625423282177,0.0,0.0,72.68018379135529,1.0,0.7802268451483338,0.4561096481038461,28.899789290538315,59.4575886321215,93.2203472020174,77.8590483364641,-6.779652797982586,0.1994705887401804,5.107528380623221,2.312540094987216,2.127969504463698,0.1845705905235179,-1.1736186909946962,-5.342863401889327,4.16924471089463,3.7086952015110697,3.166230215975796,3.117138691968635,42.18182130293415,-3.166233951961132,3.6879537105560303,2
2022-08-25,3.930000066757202,4.0,3.924999952316284,4.0,3.6879537105560303,9676236,-130970600.68742636,496381835,-0.0058459579729748,351560.8172767305,0.0484434544613446,0.0191302027525684,546645.313445999,3.772572399350544,69.01851616752221,1224.9426641144028,3.724000036716461,3.902146031208936,3.5458540422239864,9.567453960046162,1.2746454363732482,1.0,0.0,3.7695000092188513,3.84399999777476,3.695000020662943,3.952778266279781,2.046980041534969,1.0,0.0,3.5899999141693115,4.0,3.794999957084656,11.009669220954017,1.0,0.0912599835922457,0.6329048417169083,0.0989763247555162,0.0812581050738309,0.0177182196816853,3.761666695276896,3.66576925607828,3.780528367717214,3.6815520429616977,1.1290324007187948,0.7217742044025167,0.4072581963162781,0.3543083802960242,24.8694243125186,-0.0139999985694885,98.93261974466256,97.42365749712714,1.508962247535422,3.817499995231629,3.674999952316284,3.746249973773956,3.590000033378601,99.99999999581613,30.45036621427905,35.601482813962434,12.290064845551472,316.75589542699487,3.356249988079071,3.600000023841858,100.0,8.0,92.0,3.646799993515015,3.8062625423282177,0.0,0.0,76.40742430790567,1.0,0.9723515911334631,0.733157316032266,33.0692747220699,63.14411133965636,100.0,90.9025130764324,-0.0,0.2255588173866272,8.108106714865881,2.688440190455456,2.24006364166205,0.4483765487934064,2.17128679865322,-3.8400333617808178,6.011320160434037,3.784340023301116,2.301788035643737,2.275696517103354,45.45454545454546,-2.3017836677312147,3.7432730197906494,3
2022-08-26,4.119999885559082,4.139999866485596,4.050000190734863,4.059999942779541,3.7432730197906494,9494717,-138355425.29187262,505876552,-0.0043533237530123,382721.0543383313,0.1255957577002337,0.0192285815445002,365147.06172563706,3.8062136554366472,69.08380469673948,1243.3167865531734,3.74700003862381,3.9686393307772456,3.525360746470374,11.830226307381572,1.2061020207983892,1.0,0.0,3.805833339691162,3.8833333015441895,3.728333377838135,4.072693412229998,2.139785343187561,1.0,0.0,3.5899999141693115,4.139999866485596,3.8649998903274536,14.678407970294202,0.8545455806511603,0.0961339718815807,0.6329048417169083,0.113938773923897,0.0877942388438441,0.0261445350800529,3.790833353996277,3.68961540552286,3.82352399464988,3.7095852207259834,1.158536814660077,0.760162791522606,0.3983740231374709,0.3756792281275766,24.930419441598826,-0.0869999527931209,102.23345544620676,97.86324438244122,4.370211063765538,3.8874999284744254,3.744999885559082,3.816249907016754,3.659999966621399,99.99999999790806,32.475245829996304,42.38148314440544,10.99614306978625,297.59415687757826,3.341250002384186,3.600000023841858,100.0,4.0,96.0,3.667991993904114,3.8062625423282177,0.0,0.0,78.51215234196337,1.0,1.0,0.9175261454272656,37.26880035862313,62.24446632116062,84.15842706018489,92.45959142073411,-15.84157293981511,0.2810588114401873,9.433959596598338,3.07146937310686,2.4063447879510123,0.6651245851558478,4.425403034817156,-2.1869460824612235,6.612349117278379,3.8539303298126337,1.4999985694885254,1.488859840004153,47.63636155561968,-1.5000000969719025,3.724833250045776,4
2022-08-29,3.990000009536743,4.065000057220459,3.9600000381469727,4.039999961853027,3.724833250045776,5385595,-135534408.65668476,500490957,-0.0089497753795563,312659.2183931515,-0.1608457295961949,0.0090212793892868,115890.61947353896,3.828524695691738,71.97185709688053,1237.1920790735833,3.7670000314712526,4.016807899261579,3.517192163680926,13.262960748782406,1.0464198001379892,1.0,0.0,3.836333338419597,3.919333306948345,3.7533333698908486,4.327046750475563,1.7269078352896523,1.0,0.0,3.5899999141693115,4.139999866485596,3.8649998903274536,14.600476446013577,0.8181819758139502,0.0970205766007712,0.6302819279026664,0.1227676028688167,0.0947889116488386,0.027978691219978,3.822500010331472,3.7138461699852576,3.85682798960421,3.7340603867353934,1.0739300195670325,0.7665370732722806,0.3073929462947519,0.399203862663719,24.98127187766216,-0.0270000219345094,105.73490213290926,98.42499247373482,7.309909659174437,3.8874999284744254,3.744999885559082,3.816249907016754,3.659999966621399,99.99999999895402,32.99271409874437,39.05999666341813,16.85190160472744,183.1397291848693,3.331250011920929,3.600000023841858,96.0,4.0,92.0,3.705752623710632,3.8062625423282177,0.0,0.0,76.07585169561409,0.8726858114022795,0.9575619371340932,0.976637842755852,39.81884486088914,67.72488307341196,80.19803382523111,88.11882029513868,-19.80196617476889,0.3241029367727388,10.38251003035406,3.2877776509701744,2.5826313605548448,0.7051462904153296,1.707921706548094,-1.40797252465936,3.115894231207454,3.900903581312803,-0.4926103745908294,-0.4938276989193468,46.90908952192827,0.4926108688140829,3.6602942943573,0
2022-08-30,4.039999961853027,4.050000190734863,3.9700000286102295,3.9700000286102295,3.6602942943573,5184786,-140719194.65668476,495306171,-0.0662589438263965,216145.80521153088,-0.003857351994761,0.0111184937260426,-116365.31586808304,3.8453761665274055,71.84080141804569,1215.7556028950175,3.784000027179718,4.040390307237328,3.5276097471221086,13.55128320380598,0.8627282621414476,0.0,0.0,3.863500014940898,3.948999993006388,3.778000036875407,4.426037413477184,1.122807257258921,1.0,0.0,3.5999999046325684,4.139999866485596,3.869999885559082,14.270611997207064,0.6851854631766894,0.0953185351531575,0.8620274125141646,0.1227016752835723,0.1003714643757854,0.0223302109077869,3.841666678587596,3.736923098564148,3.874239072528213,3.7515373972446406,1.1137255092622378,0.7764706410338879,0.3372548682283499,0.4183838135410494,24.9556360977875,-0.0639999985694883,108.60179950415858,99.29390032280612,9.307899181352468,3.8874999284744254,3.764999985694885,3.826249957084656,3.659999966621399,99.999999999477,33.47322034829615,36.70001436695664,15.833719504212445,133.75332049502413,3.331250011920929,3.600000023841858,92.0,4.0,88.0,3.7404924031326297,3.8062625423282177,0.0,0.0,68.10958307487775,0.4563911200552554,0.7763589771525116,0.9113069714288684,39.37365124090568,63.3590218347415,66.33665750289289,76.8977061294363,-33.66334249710711,0.3509264875860776,6.149733114625724,3.2707037753026795,2.720245843504412,0.5504579317982676,-0.7482848312497059,-1.2760349859774291,0.5277501547277232,3.909540400057845,-1.7326716312811796,-1.7478580625032605,44.36363740400835,1.7326669774461152,3.614194869995117,1
2022-08-31,3.880000114440918,3.9600000381469727,3.859999895095825,3.920000076293945,3.614194869995117,8944353,-138930306.99670976,486361818,-0.0924450957763898,121379.6582527383,-0.1118027051285873,0.0047847363610743,-202484.4900379628,3.8582795481457497,67.83041966007946,1215.7556028950175,3.7950000286102297,4.05488457786794,3.53511547935252,13.696155325346997,0.740491495244223,0.0,0.0,3.8805000146230064,3.969000013669332,3.7920000155766806,4.561267811510296,0.7231641926361035,0.0,0.0,3.634999990463257,4.139999866485596,3.8874999284744254,13.306979505011368,0.5643567441550836,0.0967866949892821,1.1860019845085326,0.1172631127424543,0.1037497940491191,0.0135133186933351,3.858333349227905,3.753846177688012,3.88127922695371,3.764016114211256,1.0424709152310463,0.8339770635774979,0.2084938516535484,0.4301918650120507,24.950698782501867,-0.0650000095367433,109.39944567375632,100.42199687714265,8.977448796613686,3.8874999284744254,3.794999957084656,3.841249942779541,3.659999966621399,99.9999999997385,32.46710427509503,33.686205759853465,22.745462318527306,69.9711259831915,3.34375,3.600000023841858,88.0,8.0,80.0,3.772453000200867,3.8062625423282177,0.0,0.0,63.032337345334376,0.1910686027638556,0.5067151780737968,0.7468786974534671,37.3252997101869,61.274274366291806,56.435674415508366,67.6567885812108,-43.564325584491634,0.3352794261539684,5.376345326492759,3.1153722296703474,2.799271120737599,0.3161011089327483,1.5674125772172336,-0.7073454733384966,2.27475805055573,3.9102762238989928,-1.259444633651252,-1.2674428640593982,42.54545731977981,1.2594458438287148,3.5680952072143555,2
2022-09-01,3.849999904632568,3.910000085830689,3.829999923706055,3.869999885559082,3.5680952072143555,7698116,-138930329.93883684,478663702,-0.0421051563153521,49052.95445961864,-0.0415686569703719,0.0003152934453051,-210839.8016304034,3.8651493884540167,61.23486227519271,1200.2484572703677,3.8050000190734874,4.060225366165967,3.549774671981006,13.415261277955391,0.627338188048468,0.0,0.0,3.895166675249736,3.982666699091593,3.807666651407878,4.49274863629539,0.3561898123814311,0.0,0.0,3.634999990463257,4.139999866485596,3.8874999284744254,13.2720071876716,0.4653464411651259,0.0961080407491429,1.723637752254234,0.1076771797215045,0.1045352711835962,0.0031419085379083,3.870000004768372,3.767307712481572,3.8795439436622288,3.771866763940724,1.003831322426492,0.8812262643354872,0.1226050580910048,0.4329660500447087,24.949028093438265,-0.0650000095367433,110.30711157385736,101.91446432940889,8.392647244448497,3.8874999284744254,3.834999918937683,3.861249923706055,3.659999966621399,49.99999999986925,31.183316103294874,31.41322052526245,23.45987562890407,38.28692519189412,3.3662500381469727,3.600000023841858,84.0,4.0,80.0,3.801856749503645,3.8062625423282177,0.0,0.0,58.34815449579912,0.0,0.2158199076063703,0.4996313542775596,34.076543037787324,58.79693125509707,46.53464411651259,56.43565867830463,-53.46535588348741,0.298029430473552,3.7533476077667953,2.85474504961058,2.8103659065121955,0.0443791430983844,1.9467872951922645,-0.1765189196323444,2.1233062148246087,3.9077461442371817,-1.2755150449418884,-1.2837195794718648,40.72726856578479,1.2755168008089157,3.5127758979797363,3
2022-09-02,3.839999914169312,3.869999885559082,3.799999952316284,3.809999942779541,3.5127758979797363,4842058,-142388942.7959797,473821644,-0.0823979075704976,542.0748317847247,-0.0505983957986546,-0.0039427028400193,-173261.2250507137,3.867372061146832,59.95189755051271,1181.639971253048,3.8115000128746033,4.0601985861564325,3.5628014395927736,13.049905414758896,0.4969841602320691,0.0,0.0,3.907499996821086,3.9970000187555943,3.8179999748865767,4.580935227502034,-0.0446929058458201,0.0,1.0,3.634999990463257,4.139999866485596,3.8874999284744254,13.249373588260122,0.3465346441165126,0.0934972299985084,2.378827562579957,0.0941534227486431,0.1024589014966056,-0.0083054787479625,3.8758333325386047,3.7750000220078688,3.8688448666033537,3.774691443854711,0.9735848418331212,0.913207902972819,0.0603769388603023,0.4255053571589551,24.87488341590445,-0.1114999651908874,108.72206746659867,103.52688283535788,5.195184631240821,3.924999952316284,3.8649998903274536,3.894999921321869,3.659999966621399,24.999999999934627,29.64549242639952,29.732794825229423,24.4975172910994,8.389553922457369,3.4174999594688416,3.600000023841858,80.0,8.0,72.0,3.801856749503645,4.139999866485596,0.0,1.0,53.23561622548737,0.0,0.0636895342546185,0.2620748733115953,29.63528920568778,52.03863111084488,34.65346441165126,45.87459431455742,-65.34653558834874,0.2311764675028182,1.871655964286172,2.4943342826584463,2.7471595817414456,-0.2528252990829993,-0.9697838515907334,-0.3351719060240222,-0.6346119455667112,3.904817295979339,-1.5503861641813277,-1.562530335027712,38.54545246471057,1.550387700495449,3.5312156677246094,4
2022-09-05,3.880000114440918,3.890000104904175,3.819999933242798,3.829999923706055,3.5312156677246094,7082295,-147447731.83086357,480903939,-0.0787945570356897,20699.744843807803,0.0197677510291643,-0.0033256247442346,-37893.23061561588,3.8710073254901034,61.27792814914108,1181.639971253048,3.8170000076293946,4.062201925442622,3.5717980898161668,12.847886681850651,0.5265085938001571,0.0,0.0,3.921333328882853,4.006333367029826,3.836333290735881,4.335262066139532,-0.0372550834558147,0.0,1.0,3.634999990463257,4.139999866485596,3.8874999284744254,13.230282290095582,0.3861385764660512,0.0921475232111209,2.818871437685213,0.0840803532540874,0.098783191848102,-0.0147028385940145,3.8866666555404654,3.7838461765876175,3.862868721542231,3.778788368288144,0.9777778013252902,0.9000001942669701,0.0777776070583201,0.4118178526356102,24.84956910338133,-0.1169999599456788,106.60694358161513,105.03798931753695,1.5689542640781724,3.96999990940094,3.8649998903274536,3.9174998998641968,3.659999966621399,12.499999999967311,28.40761363913089,29.44045348093772,22.984251738357926,17.783279384037414,3.4675000309944157,3.600000023841858,76.0,4.0,72.0,3.801856749503645,4.133199868202209,0.0,0.0,54.6616779368858,0.05641839945264,0.01880613315088,0.0994385250039563,26.50696798151329,45.67713299364901,38.61385764660512,39.933988724923005,-61.38614235339488,0.183499989088844,3.513510117485598,2.225061185212056,2.642739902435568,-0.4176787172235121,-0.7286086385584282,-0.4138592525309035,-0.3147493860275246,3.90298790432361,0.5249338904693923,0.5235609152347998,39.272724498402,-0.5249344188303695,3.402137517929077,0
2022-09-06,3.700000047683716,3.75,3.559999942779541,3.690000057220459,3.402137517929077,18694985,-140560090.96195358,462208954,0.0419945790765149,-356156.70498391084,-0.203263177285248,-0.0185235181443778,-646189.593135815,3.855065587491345,45.266878568214736,1181.639971253048,3.816500008106232,4.062692980907058,3.570307035305405,12.901505163260245,0.2430878114703284,0.0,0.0,3.910333331425985,4.002333386739094,3.8183332761128743,4.7054840350175455,-0.6974627268192994,0.0,1.0,3.559999942779541,4.139999866485596,3.849999904632568,15.19716815077,0.2241381578298316,0.1099327689826602,3.7253638689427606,0.0640620860586005,0.0918389706902017,-0.0277768846316012,3.8858333230018616,3.7857692516767054,3.836273542415805,3.772211456357204,0.8419354233359775,0.970968003922985,-0.1290325805870075,0.3863118405874735,25.099155387340577,-0.0764999985694885,100.29316791978684,105.64794589372794,-5.354777973941097,3.849999904632568,3.849999904632568,3.849999904632568,3.659999966621399,6.249999999983657,27.84131906083045,24.04248873147643,36.426159151397606,-90.43497253020897,3.487500011920929,3.600000023841858,72.0,28.000000000000004,44.0,3.801856749503645,4.12653586988449,0.0,0.0,44.444635909037295,0.0,0.01880613315088,0.0337672668521262,19.97205281741816,46.52560456014036,22.41381578298316,31.893712613746526,-77.58618421701684,0.1055881998118231,-0.2702700090373527,1.6982633873994115,2.453844599428337,-0.7555812120289251,11.291784524988763,1.92726950297303,9.364515022015734,3.897997663974389,-3.655349067216873,-3.7238309713129034,34.181820262562134,3.6553459754755124,3.4113574028015137,1
2022-09-07,3.680000066757202,3.7300000190734863,3.640000104904175,3.700000047683716,3.4113574028015137,14747368,-135644301.62862024,476956322,0.067640625888497,-284209.5272207609,0.0183083895308435,-0.0158596349109396,-643401.2316102346,3.839592179525973,53.67807183113347,1184.8422444943212,3.8160000085830688,4.063095090067587,3.5689049270985502,12.950475939661644,0.2652726225822899,0.0,0.0,3.889000002543132,3.9840000311533608,3.793999973932903,4.885576166012123,-0.4947363049481518,0.0,1.0,3.559999942779541,4.139999866485596,3.849999904632568,15.19915939207286,0.2413795229654671,0.1079394835013253,4.405973164122359,0.0484459262579677,0.0831603618037549,-0.0347144355457872,3.882499992847442,3.788461556801429,3.8153083893800983,3.766862463122131,0.906451636720272,0.98387121583616,-0.077419579115888,0.3539040851559993,25.17535193407852,-0.0260000467300414,91.3268711461392,104.80286271611423,-13.475991569975037,3.849999904632568,3.849999904632568,3.849999904632568,3.659999966621399,3.1249999999918283,27.31547409526576,22.55776816990416,34.176697039749456,-75.23634970587344,3.487500011920929,3.600000023841858,68.0,24.0,44.0,3.801856749503645,4.103874432800293,0.0,0.0,45.23208963016186,0.0231145033033137,0.0265109675853179,0.0213744112956926,15.16222677398679,46.8401313348653,24.13795229654671,28.38854190871168,-75.86204770345329,0.0527205705642699,-1.0695176938778126,1.286108179745266,2.220297315491723,-0.9341891357464568,15.515239214331991,4.644863445244823,10.870375769087168,3.881761314934872,0.2710024473763672,0.2706358978334267,34.54545627940784,-0.27100271002710485,3.4390170574188232,2
2022-09-08,3.7100000381469727,3.75,3.674999952316284,3.7300000190734863,3.4390170574188232,8430392,-131710111.5487596,485386714,0.1098942238073041,-207477.949217145,0.0244649937274145,-0.011231970456979,108320.19186445218,3.835356483961015,58.37427708523085,1194.4490642181406,3.819500005245209,4.059539551667628,3.5794604588227896,12.569160680339303,0.3135724144091213,0.0,0.0,3.8633333365122473,3.958333365122477,3.7683333079020183,4.918034263954738,-0.201754090968794,0.0,1.0,3.559999942779541,4.139999866485596,3.849999904632568,15.185231650989856,0.2931036183723737,0.1046455399195644,4.904066547305336,0.0380521130064228,0.0741387120442885,-0.0360865990378656,3.877499997615814,3.7896154018548818,3.802184024717543,3.76413191171112,0.9365078572153024,0.9396828352278146,-0.0031749780125123,0.3192657339725221,25.264239657166453,0.09050008058548,82.42561713611356,102.60199179277056,-20.17637465665699,3.8125,3.849999904632568,3.831249952316284,3.659999966621399,1.5624999999959142,26.608711589972028,22.77352516748307,32.38207066667077,-60.04950229569263,3.497500002384186,3.600000023841858,64.0,20.0,44.0,3.801856749503645,4.082119453199463,0.0,0.0,47.630288325620576,0.0935099693238678,0.0388748242090605,0.0280639749817528,11.995365881606842,51.354187234644655,29.31036183723737,25.287376638922428,-70.68963816276263,0.0127646852942073,-1.5831119626240189,1.0109133765486162,1.9784205277031015,-0.9675071511544856,13.167947050601589,6.349480166316177,6.818466884285412,3.859464499706429,0.8108100271120522,0.8075406231589755,35.636364329944946,-0.810810810810807,3.4851162433624268,3
2022-09-09,3.690000057220459,3.809999942779541,3.690000057220459,3.7799999713897705,3.4851162433624268,9436195,-126992014.0487596,494822909,0.1090765116002508,-110436.91360795872,0.0476886983523104,-0.0054727425903551,194844.89198110637,3.834119712575346,60.02720225396813,1194.4490642181406,3.82150000333786,4.059514676306955,3.583485330368765,12.45660985273862,0.41282043365142,0.0,0.0,3.83100000222524,3.929000051816305,3.732999952634175,5.116160247149125,0.2397958927149392,0.0,0.0,3.559999942779541,4.139999866485596,3.849999904632568,15.177284396165334,0.3793104440505513,0.1061809744835162,5.239006033796342,0.0334637698971782,0.0660037236148664,-0.0325399537176882,3.8666666547457376,3.793846167050875,3.798771093436347,3.7653073235391687,0.9746835710451838,0.9145572786242224,0.0601262924209614,0.2866944691646525,25.41901859336189,0.1784999966621399,74.10545396115513,99.08760866257563,-24.982154701420512,3.805000066757202,3.849999904632568,3.827499985694885,3.659999966621399,0.7812499999979571,25.316648386798583,25.03255532646288,29.695271340051438,-36.36553335443693,3.497500002384186,3.455000042915344,60.0,16.0,44.0,3.801856749503645,4.061234672782666,0.0,0.0,51.44634122332693,0.205524383559775,0.1073829520623188,0.0575895812855657,10.515759195334033,52.91224507639407,37.93104440505513,30.459786179613086,-62.06895559494487,-0.014529416841619,-3.3248110380360663,0.888739404828296,1.7604843031281407,-0.8717448982998447,12.02912551780112,7.485409236613165,4.543716281187955,3.846640561370772,1.340481288488138,1.3315763293393346,37.45454441417346,-1.3404756409729401,3.5312156677246094,4
2022-09-12,3.799999952316284,3.829999923706055,3.7699999809265137,3.829999923706055,3.5312156677246094,5155167,-121836847.0487596,499978076,0.1353838491755975,-57837.62535218119,0.0581939300503139,-0.0109449758959766,194680.4034878236,3.8362958087503327,59.492610034922606,1210.2486400665975,3.826999998092652,4.060418046954957,3.593581949230346,12.198487012210048,0.5064260789343963,0.0,0.0,3.8098333279291783,3.903333369890849,3.716333285967509,4.908353406236341,0.6078427097666089,0.0,0.0,3.559999942779541,4.139999866485596,3.849999904632568,15.1554722758067,0.4655172697287297,0.1015628713131187,5.453394024446487,0.0334761608664808,0.0594982110651893,-0.0260220501987084,3.8524999817212415,3.7996153923181386,3.803575528862456,3.770099367995975,0.9769736310658116,0.9506581841949524,0.0263154468708591,0.2589927861609514,25.35289321009254,0.2329999446868895,67.18534011798957,94.4857798418902,-27.300439723900624,3.759999990463257,3.849999904632568,3.8049999475479126,3.659999966621399,0.3906249999989785,23.91153381332709,25.38755014394703,28.42530996766226,-8.477130068317082,3.5075000524520874,3.455000042915344,56.00000000000001,12.0,44.00000000000001,3.801856749503645,4.041185283582541,0.0,0.0,54.97924388045515,0.3092273542205211,0.2027539023680546,0.1163372262131447,10.37356340326678,55.7962139379902,46.55172697287297,37.931044405055175,-53.44827302712703,-0.0359706037184772,-4.250001907348622,0.8879384228080803,1.585975127064129,-0.6980367042560484,7.270398321837492,7.44240705365803,-0.1720087318205383,3.845111749692168,1.3227500712890583,1.3140781209811658,39.272724498402,-1.32275141324142,3.4851162433624268,0
2022-09-13,3.7899999618530273,3.7899999618530273,3.7200000286102295,3.7799999713897705,3.4851162433624268,25855285,-103368786.33447388,474122791,0.2126416478165021,-234255.53846243373,-0.012183172577114,-0.0172611581785219,-269346.067358776,3.8180043104403953,45.6984274360116,1210.2486400665975,3.8294999957084657,4.059758517588634,3.599241473828297,12.025513625183851,0.3925120687944486,0.0,0.0,3.786499985059102,3.879000004132589,3.693999965985616,4.8857794500713725,0.4648647982214581,0.0,0.0,3.559999942779541,4.139999866485596,3.849999904632568,15.145578387675476,0.3793104440505513,0.1024065736913894,5.756459146699805,0.0291157739953593,0.0534217236512233,-0.024305949655864,3.829166650772095,3.801923082425044,3.799948520020505,3.770832746025145,0.862416159467146,1.0167789074124658,-0.1543627479453198,0.2325933462689227,25.336572178633684,0.2104999661445616,59.285648186945984,88.9175801211335,-29.631931934187516,3.7350000143051143,3.849999904632568,3.7924999594688416,3.659999966621399,0.1953124999994892,23.05546530606117,23.410825991900506,29.75123944439183,-40.6370217759202,3.572499990463257,3.5049999952316284,52.0,8.0,44.0,3.801856749503645,4.021937869950421,0.0,0.0,50.98412793252356,0.1919568171739658,0.2355695183180873,0.181902124249487,9.007147727147899,57.09715092309587,37.93104440505513,40.80460526099443,-62.06895559494487,-0.023544126398423,-6.8965511166504605,0.7721311433409624,1.4232063303194955,-0.6510751869785331,20.07783185343664,9.969492013613753,10.108339839822886,3.839679309259917,-1.3054818097203214,-1.3140781209811658,37.45454441417346,1.3054831168634706,3.4390170574188232,1
2022-09-14,3.7200000286102295,3.75,3.680000066757202,3.7300000190734863,3.4390170574188232,7042770,-100350456.33447388,467080021,0.2543590101161414,-251095.9135641656,-0.0397570083848595,-0.023561191238965,-430694.2877220697,3.801993849895378,39.43550029786473,1194.240075317342,3.828999996185303,4.060075712056685,3.59792428031392,12.06976840436642,0.2857845495826141,0.0,0.0,3.767166654268901,3.856666652361552,3.6776666561762497,4.751581562829498,0.2923651620811256,0.0,0.0,3.559999942779541,4.139999866485596,3.849999904632568,15.1475561317286,0.2931036183723737,0.1021659067855073,6.152706392244404,0.0213791125982205,0.0470132014406228,-0.0256340888424022,3.803333322207133,3.803076927478497,3.789187212182502,3.767808099584281,0.7899999618530275,1.0800002415974934,-0.2900002797444659,0.205134592784566,25.275595106574205,0.1410000324249267,49.30212245026838,82.13924799629028,-32.8371255460219,3.725000023841858,3.849999904632568,3.787499964237213,3.659999966621399,0.0976562499997446,22.60179341932867,21.752654179670134,30.47715171547049,-67.72105579027166,3.5924999713897705,3.5049999952316284,48.0,4.0,44.0,3.801856749503645,4.003460352863586,0.0,0.0,47.28389903889839,0.0833422399737059,0.1948421371227309,0.211055185936291,6.696675573022036,57.43056926231111,29.31036183723737,37.93104440505517,-70.68963816276263,-0.0218088409479926,-7.673265982838111,0.5674151133275448,1.2520480869211057,-0.6846329735935607,15.20330227518878,11.01625406592876,4.18704820926002,3.830528488530952,-1.3227500712890472,-1.3315763293393346,35.636364329944946,1.3227445721904303,3.494336128234864,2
2022-09-15,3.7799999713897705,3.809999942779541,3.7300000190734863,3.7899999618530273,3.494336128234864,7937310,-96381801.33447388,475017331,0.2921997762800059,-147191.0479373593,0.0554342920670859,-0.0285727244984756,34519.54123543402,3.780941822038947,38.4030960245528,1194.240075317342,3.833499991893768,4.057756518694815,3.609243465092722,11.699831865149555,0.4030127892791883,0.0,0.0,3.757833321889241,3.847333296140035,3.668333347638448,4.763381799265005,0.6797019509393926,0.0,0.0,3.559999942779541,4.139999866485596,3.849999904632568,15.129775008021634,0.3965518091861868,0.099949308477562,6.37110642129997,0.0198603093595339,0.041582623024405,-0.021722313664871,3.788333316644033,3.8061538476210375,3.789312250593352,3.769451941233818,0.7638887923072925,1.1041667287548358,-0.3402779364475433,0.1809099819585795,25.20579714957268,0.0865000844001766,40.94334417961404,74.60827874218087,-33.664934562566835,3.725000023841858,3.849999904632568,3.787499964237213,3.659999966621399,0.0488281249998723,21.508929473724088,24.815047567707342,28.72433143003142,-33.283257734924355,3.607499957084656,3.5049999952316284,44.0,72.0,-28.0,3.801856749503645,3.985721936460224,0.0,0.0,51.80421300534859,0.232668170138261,0.1693224090953109,0.1999113548453764,6.1455145074768485,62.52102085334455,45.54454791126487,37.59531805118581,-54.45545208873513,-0.0136911932159873,-4.534006686650187,0.5268752505446003,1.1070135196458046,-0.5801382691012044,11.79653648050173,11.172310548843353,0.624225931658378,3.8295275315416544,1.6085775461857743,1.5957770259911408,37.818180431019165,-1.608572155718278,3.466676712036133,3
2022-09-16,3.759999990463257,3.799999952316284,3.7300000190734863,3.759999990463257,3.466676712036133,11882881,-98079355.76304533,463134450,0.2745329762580644,-177090.3396646005,-0.0029454080405946,-0.017294130101647,33618.1311234694,3.7704076820853056,36.7598405879495,1194.240075317342,3.836499989032746,4.055065752369029,3.617934225696461,11.394018712946156,0.324995467264043,0.0,0.0,3.751499994595845,3.84099996884664,3.662000020345052,4.771423397559449,0.547486024094224,0.0,0.0,3.559999942779541,4.139999866485596,3.849999904632568,15.11794409915491,0.3448277137792803,0.0969543709540856,6.524743776283274,0.0160508753795034,0.0364762734954247,-0.0204253981159212,3.774999976158142,3.809999997799213,3.784802672111799,3.768751796732295,0.8220640533161649,1.060498418716317,-0.2384343654001519,0.1579688332782668,25.1720458416537,0.0334998965263366,32.02291084833813,66.32116399403897,-34.29825314570084,3.694999933242798,3.849999904632568,3.772499918937683,3.6649999618530273,0.0244140624999361,20.494127238519837,23.539343064712952,27.24765648710364,-45.28861676064187,3.60999995470047,3.5049999952316284,40.0,68.0,-28.0,3.801856749503645,3.968693056712997,0.0,0.0,49.51786709558124,0.2143774567080791,0.176795955606682,0.180320167274908,4.992560285223177,60.47270651769431,40.8163156076508,38.5570751187177,-59.1836843923492,-0.0149559013983782,-4.0816347631797925,0.4258936710403799,0.9707895499247198,-0.5448958788843399,12.011322897926853,11.340113018660054,0.6712098792667991,3.8284244119496496,-0.7915559813120088,-0.7947054163735423,36.727272380482056,0.7915499592394184,3.4758965969085693,4
2022-09-19,3.7699999809265137,3.7899999618530273,3.7200000286102295,3.7699999809265137,3.4758965969085693,4233679,-96264921.90590246,467368129,0.2652410954150463,-145743.61262330177,-0.0165340514681579,-0.0181996086354611,-82799.88144282864,3.7618350436622032,37.09041653076535,1197.4162427094438,3.8379999876022337,4.054296066917183,3.6217039082872846,11.271291298261763,0.3428080460563848,0.0,0.0,3.7428333282470714,3.832333278656006,3.653333377838135,4.782470527526921,0.6517690934761172,0.0,0.0,3.559999942779541,4.139999866485596,3.849999904632568,15.11203558050051,0.3620690789149158,0.0942589271829568,6.577778215611743,0.0136810801856146,0.0319172348334627,-0.018236154647848,3.766666650772095,3.811153842852666,3.7825253350063694,3.768844254820756,0.8064515908503991,1.057347967964057,-0.2508963771136578,0.1370918262264452,25.18322673656747,-0.0280000448226926,23.820725962199536,57.82422599875151,-34.00350003655197,3.7350000143051143,3.849999904632568,3.7924999594688416,3.6674998998641968,0.012207031249968,19.653342589357774,22.304498962698545,26.567689427953585,-50.40792386794217,3.611249923706055,3.5049999952316284,36.0,64.0,-28.0,3.801856749503645,3.9523453321556583,0.0,0.0,50.30518720508274,0.3152918781340692,0.2541125016601365,0.2000769554540432,4.288000749759781,61.50318533264639,52.49999701976847,46.28695351289473,-47.50000298023153,-0.0280735394533944,-2.583976940302204,0.3630046576776177,0.8492325714752995,-0.4862279137976817,6.011794240456816,10.274449263019406,-4.26265502256259,3.827282808429831,0.2659571938463001,0.2656041535203934,37.09090839732776,-0.26595744680851396,3.4851162433624268,0
2022-09-20,3.809999942779541,3.839999914169312,3.7699999809265137,3.7799999713897705,3.4851162433624268,4171346,-99244454.76304533,471539475,0.2407646473293908,-118964.03650298087,0.0839056104260592,-0.0042204432387006,22324.34161817118,3.7530181863378167,41.54629588950484,1200.5924101015455,3.8374999880790712,4.054283275743666,3.620716700414477,11.298151835206102,0.3673790371279352,0.0,0.0,3.7558333237965895,3.83333326180776,3.678333385785421,4.126910399358665,0.6559139801485858,0.0,0.0,3.559999942779541,4.139999866485596,3.849999904632568,15.114004573492752,0.3793104440505513,0.091833027788941,6.542487853075624,0.0124662133306552,0.0280270305329012,-0.0155608172022459,3.764166653156281,3.8134615329595714,3.7821368175268937,3.7696706041962393,0.9114391689306176,0.9630998296758208,-0.0516606607452031,0.118748191118029,25.21469891468434,-0.007500064373016,18.943395060831225,49.7816175448284,-30.83822248399717,3.757499933242798,3.849999904632568,3.803749918937683,3.6674998998641968,0.006103515624984,18.280300855033747,24.9313158343364,25.14703248062361,-25.68173596909488,3.613749921321869,3.5049999952316284,32.0,60.0,-28.0,3.801856749503645,3.936651516580614,0.0,0.0,51.12605966610887,0.4805563221552614,0.3367418856658032,0.2558834476442073,3.937876653531316,56.16137920633738,62.8571253406829,52.05781265603407,-37.1428746593171,-0.0221911956282223,-0.787400835704065,0.330697682624534,0.7455255937051465,-0.4148279110806125,0.819990637687035,8.383557537952933,-7.563566900265899,3.825007721661119,0.265251737767902,0.2649005662013426,37.45454441417346,-0.26524513019337803,3.3929176330566406,1
2022-09-21,3.7200000286102295,3.7200000286102295,3.634999990463257,3.680000066757202,3.3929176330566406,4311407,-98990836.89567332,467228068,0.2311564668963167,-163560.64397858185,-0.2513680474769854,-0.019206113989173,-102993.71057881048,3.743882725944108,42.701665384501446,1200.5924101015455,3.825999987125397,4.050445940377872,3.601554033872921,11.732668792877297,0.1747548390770896,0.0,0.0,3.7546666542689,3.831666604677837,3.677666703859965,4.101559871973724,0.015151716883226,0.0,0.0,3.559999942779541,4.139999866485596,3.849999904632568,15.159433498634908,0.206896792694196,0.0971497231026982,6.5065683164578,0.0033951290909159,0.0231006502445041,-0.0197055211535881,3.7516666650772095,3.8115384578704834,3.766423471254633,3.763028342163717,0.8758865032365751,0.9787235841396448,-0.1028370809030696,0.0974544065950113,25.25706076149545,-0.1359999299049379,12.795432193751203,42.04493032901036,-29.249498135259152,3.737499952316284,3.849999904632568,3.7937499284744254,3.6674998998641968,0.003051757812492,18.296295104894217,22.27429804107913,32.38938672292331,-99.7913527958495,3.6237499713897705,3.5049999952316284,28.000000000000004,100.0,-72.0,3.801856749503645,3.921585453628572,0.0,0.0,43.40481642402386,0.0,0.2652827334297769,0.2853790402519056,1.2486206339616654,49.65339111362494,36.363656067641486,50.5735928093643,-63.636343932358514,-0.0291764932520246,-3.916445429160932,0.090223319683099,0.6144651389007371,-0.524241819217638,-3.453101035999985,6.01622582316235,-9.469326859162337,3.823783400463397,-2.6455001425780944,-2.6811231741269204,33.81818424571643,2.6454959854318503,3.2730588912963867,2
2022-09-23,3.5999999046325684,3.5999999046325684,3.5,3.549999952316284,3.2730588912963867,7733870,-98990836.89567332,459494198,0.1793949459209886,-283823.9784203819,-0.1648591657565088,-0.0273675975575911,-387265.8780148958,3.729982940625114,41.954196239686766,1200.5924101015455,3.8034999847412103,4.0433561675865,3.563643801895922,12.612392996321178,-0.0284417299937569,0.0,1.0,3.73783331712087,3.817333253224691,3.658333381017049,4.253797821303454,-0.6813428664853839,0.0,1.0,3.5,4.139999866485596,3.819999933242798,16.826603629634064,0.0781249417923269,0.1054347574681486,6.591260231768036,-0.0141209161701598,0.0156563369615713,-0.0297772531317312,3.739999989668528,3.804230763362004,3.733127545264118,3.747248461434278,0.8092104891660676,0.9802631702779768,-0.1710526811119092,0.0681698493620617,25.291526932729663,-0.1034999370574949,3.088389378814973,34.15414537541701,-31.06575599660204,3.669999957084656,3.819999933242798,3.744999945163727,3.6674998998641968,0.001525878906246,19.26299106458447,19.49652993206842,37.70323816129598,-173.35411965129427,3.6237499713897705,3.5049999952316284,24.0,100.0,-76.0,3.801856749503645,3.9071220331946095,0.0,0.0,35.82930254603113,0.0,0.1601854407184204,0.2540700199380002,-3.834890862822101,45.63232980723402,12.82049714539678,37.3470928512404,-87.17950285460321,-0.069647083562963,-3.794040724477162,-0.3768342642738725,0.4162052582658151,-0.7930395225396878,-3.541638737582335,4.104652911013414,-7.646291648595749,3.8045231113386695,-3.532611741376224,-3.5965180266091634,29.090907356955785,3.5326157226008092,3.07944130897522,4
2022-09-26,3.4600000381469727,3.4800000190734863,3.3399999141693115,3.3399999141693115,3.07944130897522,8363690,-107354526.89567332,451130508,0.1750142688735579,-494188.4413673922,-0.2343464748677546,-0.0455186136930853,-767961.1891591521,3.703186725173088,36.5343004627841,1200.5924101015455,3.7674999833107,4.054126928007849,3.4808730386135496,15.21576355497556,-0.2457429893639005,0.0,1.0,3.700499979654949,3.7819999376932794,3.6190000216166176,4.404807917114479,-1.711657982180119,0.0,1.0,3.3399999141693115,4.065000057220459,3.702499985694885,19.24353407465849,0.0,0.115891285536031,7.269373544992573,-0.0444355311280819,0.0036379633436407,-0.0480734944717226,3.709999978542328,3.790384604380681,3.672646371249532,3.717081902377614,0.7030301856819039,1.030303157284506,-0.3272729716026021,0.0237753702532002,25.478603698696062,-0.0374999642372131,-11.906757402488653,25.366134539808314,-37.272891942296965,3.5899999141693115,3.7399998903274536,3.664999902248383,3.6674998998641968,0.000762939453123,21.001403283441213,16.855543801644437,42.91669581645705,-261.459366676705,3.6262499690055847,3.5049999952316284,20.0,100.0,-80.0,3.801856749503645,3.8826947112029337,0.0,0.0,27.48440754629955,0.0,0.0,0.1418227247160658,-11.959899539771929,36.98051575473975,0.0,16.394717737679436,-100.0,-0.1303529690293703,-9.729733212835296,-1.1954412707360305,0.093875952465446,-1.2893172232014765,-2.950105524520415,2.693701223906648,-5.643806748427063,3.713356410200809,-5.915494111766195,-6.097680876449396,21.454542333429515,5.915493388647178,3.116321086883545,0
2022-09-27,3.400000095367432,3.450000047683716,3.3499999046325684,3.380000114440918,3.116321086883545,6632891,-110007661.15604272,457763399,0.1431025155405252,-385687.668546374,-0.0150763894180651,-0.0320767002740009,-415317.3693572762,3.69228832644851,44.992250397048906,1214.970834677217,3.734499990940094,4.039424554487028,3.42957542739316,16.330141346187276,-0.0812911107842106,0.0,1.0,3.658833320935568,3.7443332990010574,3.5733333428700766,4.673619734261543,-1.130603965073946,0.0,1.0,3.3399999141693115,4.050000190734863,3.695000052452088,19.01192337094696,0.0563382882963051,0.1153021703338683,7.534719337628487,-0.0644890108469167,-0.0099874314944707,-0.0545015793524459,3.680833319822947,3.7780769146405735,3.627623870202053,3.6921128810489696,0.8053690920777641,1.0067114051003347,-0.2013423130225706,-0.0267983411022633,25.539517143660635,0.0454999804496765,-27.25836218485632,15.750133387385834,-43.00849557224216,3.5899999141693115,3.7399998903274536,3.664999902248383,3.6674998998641968,0.0003814697265615,22.615643200951045,15.658992975540862,39.87010126945658,-212.19664008598448,3.6137499809265137,3.5049999952316284,16.0,96.0,-80.0,3.801856749503645,3.839279127440244,0.0,0.0,30.79094115346733,0.1202601669266974,0.0400867223088991,0.0667573876757732,-16.92666942755012,34.67178842917368,8.000040054321282,6.940179066572701,-91.99995994567873,-0.1917941479121938,-9.383375411335964,-1.746669533803492,-0.2742331447883416,-1.4724363890151504,-4.176451303020476,1.3196707185212233,-5.496122021541699,3.643667379503421,1.1976108173510136,1.190496206238878,22.909095070578832,-1.1976126254082686,3.226959466934204,1
2022-09-28,3.4800000190734863,3.509999990463257,3.4100000858306885,3.5,3.226959466934204,14798084,-98169193.95604272,472561483,0.2263368435205923,-76908.23211208015,0.0405457927987923,-0.0304883143262902,604811.4646070483,3.666837924452421,44.63275579958118,1214.970834677217,3.7109999895095824,4.0121245231945775,3.409875455824587,16.22875421914456,0.1496466313662968,0.0,0.0,3.629833324750265,3.718333299954733,3.541333349545796,4.876255590085919,-0.2335218142733972,0.0,1.0,3.3399999141693115,3.9600000381469727,3.649999976158142,16.707090426577867,0.2580646029620042,0.1167719409027154,7.513906360033649,-0.0698928686350579,-0.0219685189225882,-0.0479243497124697,3.6574999888738,3.7688461450430064,3.6079894286325054,3.677882297267564,0.7777777604634234,0.9346405636154738,-0.1568628031520503,-0.0731051518482608,25.510281199827546,0.1189999341964727,-35.704856448624675,6.304913509731051,-42.009769958355726,3.5899999141693115,3.7399998903274536,3.664999902248383,3.704999923706055,0.0001907348632807,23.3981201305103,18.18586853627788,36.56637050830725,-139.9274963567316,3.628749966621399,3.5049999952316284,12.0,92.0,-80.0,3.801856749503645,3.7993367903785695,0.0,0.0,39.67733239324446,0.4434623541220425,0.1879075070162466,0.0759980764417153,-17.755270568296446,40.51547318268403,32.00001716613767,13.333352406819664,-67.99998283386233,-0.2535882472991941,-7.407406706588533,-1.9003563188246664,-0.5994577795956065,-1.3008985392290595,2.73088242108432,1.6019130590338428,1.1289693620504773,3.631886274016338,3.550292351955475,3.488722514218145,27.27272727272727,-3.550288207345872,3.3007185459136963,2
2022-09-29,3.5899999141693115,3.640000104904175,3.509999990463257,3.5799999237060547,3.3007185459136963,8645933,-97504139.2630779,481207416,0.2207091738277969,32889.226813597066,0.1729138359097077,-0.0198848255989836,722996.3817358491,3.6572203641091634,44.58196579118287,1242.741570128434,3.693999981880188,3.984199878403842,3.403800085356534,15.71195982388428,0.3035835650877956,0.0,0.0,3.615499989191692,3.709999982515972,3.520999995867411,5.227492385937326,0.312168952415601,0.0,0.0,3.3399999141693115,3.910000085830689,3.625,15.430432443349831,0.4210525215057673,0.1190947573028613,7.401566227089059,-0.0669484001263094,-0.0309644951633324,-0.0359839049629769,3.6366666555404654,3.760769220498892,3.603683350951514,3.670631751077823,0.8213166598728562,0.8620689088183955,-0.0407522489455393,-0.110330409822646,25.59877309963331,0.0859999895095824,-40.3765258935167,-2.7306276095056976,-37.64589828401101,3.5899999141693115,3.7399998903274536,3.664999902248383,3.704999923706055,9.536743164037562e-05,22.78764963940457,24.732690301048283,33.36040578516949,-68.51906931196275,3.64124995470047,3.5049999952316284,8.0,88.0,-80.0,3.801856749503645,3.7625898402818287,0.0,0.0,44.76877214504018,0.6286403886415952,0.3974543032301117,0.2084828441850859,-16.541257642254735,40.81808878797309,48.00000190734859,29.33335304260253,-51.99999809265141,-0.2705588277648476,-6.527415273629844,-1.823893124300772,-0.8443448485366396,-0.9795482757641324,2.276506933544459,1.736831833935966,0.5396750996084929,3.630226594805455,2.285712105887283,2.2599810606082738,30.18181540749289,-2.2857144545905186,3.2361793518066406,3
2022-09-30,3.490000009536743,3.549999952316284,3.450000047683716,3.509999990463257,3.2361793518066406,30317806,-91440578.0630779,450889610,0.2258025288025916,-274987.0050266448,-0.0247379299669958,-0.0250581561932197,-395184.5726111983,3.618905945769435,31.99181739107445,1242.741570128434,3.675999987125397,3.964956708533533,3.38704326571726,15.721258020683424,0.2127597588780895,0.0,0.0,3.5881666580835985,3.68466664950053,3.4916666666666663,5.378790932106323,0.0949913234571225,0.0,0.0,3.3399999141693115,3.890000104904175,3.615000009536743,14.961920366190183,0.3090909406173218,0.1201852691748091,7.508136847914875,-0.0694625758823979,-0.0386641113071455,-0.0307984645752523,3.6141666571299234,3.7453846014462986,3.5892705262610125,3.6587331021434095,0.7570093596773311,0.93769474569866,-0.1806853860213289,-0.1433475796213174,25.675129879196685,0.0540000319480897,-46.81444183806222,-11.49033346355018,-35.32410837451204,3.5899999141693115,3.7399998903274536,3.664999902248383,3.7399998903274536,4.768371582018781e-05,22.616847043992344,22.73904300819522,34.39165662957149,-97.4255889217103,3.711250007152557,3.555000066757202,4.0,84.0,-80.0,3.801856749503645,3.728782646192828,0.0,0.0,41.47046066560553,0.5086792643290526,0.5269273356975636,0.370763048647974,-16.738069866980876,41.54887951238363,34.000015258789034,38.000011444091776,-65.99998474121097,-0.2743823465178994,-7.142856692330724,-1.8985417614010804,-1.055184231109528,-0.8433575302915526,18.409561107005626,5.071377688549898,13.338183418455728,3.6211166743192633,-1.955305439513333,-1.974674434069712,27.636363289572973,1.9553074038062306,3.3007185459136963,4
2022-10-03,3.509999990463257,3.5999999046325684,3.4800000190734863,3.5799999237060547,3.3007185459136963,5671911,-87659304.0630779,456561521,0.259203722768312,-178984.091257254,0.0846274006191375,-0.0231700511525895,-479690.78323863447,3.6097118114111777,32.05730008091531,1267.5255664769809,3.664499986171722,3.949489444874044,3.3795105274694004,15.554070665998193,0.3517487930072356,0.0,0.0,3.567166654268901,3.668666640917461,3.465666667620341,5.690790281810503,0.5632180843608816,0.0,0.0,3.3399999141693115,3.890000104904175,3.615000009536743,15.008874138636433,0.4363635023763821,0.1201667308132364,7.501517499359499,-0.0650567351376585,-0.0439426360732481,-0.0211140990644103,3.6016666491826377,3.72923075235807,3.587844279714096,3.6529010148517536,0.7357357628265654,0.9219219722334632,-0.1861862094068976,-0.1682566187025699,25.743733103934275,0.1254999756813051,-51.23801039481941,-19.83019305877451,-31.407817336044904,3.5899999141693115,3.7399998903274536,3.664999902248383,3.7399998903274536,2.3841857910093905e-05,21.983415281434983,24.14321168921869,31.840269936813392,-59.9547730218113,3.746249973773956,3.590000033378601,4.0,80.0,-76.0,3.801856749503645,3.697680027630946,0.0,0.0,45.77292561245899,0.7520010016919996,0.6297735515542158,0.5180517301606303,-15.390862484794956,45.47693990773668,48.00000190734859,43.33333969116208,-51.99999809265141,-0.2432352865443512,-4.0214502573834014,-1.7809608000094883,-1.20033954488952,-0.5806212551199683,12.412134136495409,6.539528978139,5.872605158356407,3.619576399651527,1.994300097805968,1.974674434069712,30.18181540749289,-1.9943021412279194,3.4113574028015137,0
2022-10-04,3.650000095367432,3.724999904632568,3.619999885559082,3.700000047683716,3.4113574028015137,7565568,-83696366.22268657,464127089,0.3012418183797923,-23719.34994029977,0.1838922803645325,-0.0091646616567576,366709.6521258211,3.5832051870371098,42.87375731225005,1267.5255664769809,3.6579999923706055,3.93336156721808,3.3826384175231308,15.055307568167803,0.5762634643856438,0.0,0.0,3.559333316485088,3.664333311716716,3.4543333212534586,5.899981029892324,1.169841607555883,1.0,0.0,3.3399999141693115,3.839999914169312,3.5899999141693115,13.66867143364782,0.7200002670288079,0.122650055824564,7.299194366719717,-0.0512908188506826,-0.045412272628735,-0.0058785462219475,3.594166656335195,3.715384602546692,3.605099013247884,3.6563898320985664,0.8529411393465787,0.8500000350615649,0.0029411042850138,-0.1801014143823719,25.750650452329264,0.1019999980926513,-53.54530778901994,-27.88449337542464,-25.6608144135953,3.53249990940094,3.702499985694885,3.6174999475479126,3.7399998903274536,50.00001192092896,20.48260765342056,29.607193285805096,29.03710706365663,18.189451886054407,3.816249907016754,3.659999966621399,4.0,76.0,-72.0,3.3399999141693115,3.697680027630946,1.0,0.0,52.25269895442781,1.0,0.7535600886736841,0.6367536586418212,-11.9255010586079,51.16386532963816,72.00002670288079,51.33334795633949,-27.999973297119205,-0.1872647124178268,-2.374667943936028,-1.4027721661517845,-1.2408260691419728,-0.1619460970098116,8.750569396936001,6.9817370618984,1.768832335037601,3.620529899108352,3.35195884175985,3.2970053436218727,34.54545627940784,-3.3519627726147263,3.328378200531006,1
2022-10-05,3.7200000286102295,3.7899999618530273,3.569999933242798,3.609999895095825,3.328378200531006,13106599,-92036934.38773832,451020490,0.2355034011730648,-188844.5727928705,0.0125891678996015,-0.0054256490650103,-65214.9757666089,3.583200862927668,40.95334119804484,1267.5255664769809,3.653999984264374,3.9297099726229394,3.378289995905808,15.09085876003756,0.4202058484886559,0.0,0.0,3.5453333139419554,3.665333318710327,3.425333309173584,6.7694625098562025,0.7694440774343785,0.0,0.0,3.3399999141693115,3.839999914169312,3.5899999141693115,13.683634432216913,0.5399999618530269,0.1323850531031306,7.083108438854413,-0.0471005453980897,-0.0457499271826059,-0.0013506182154837,3.581666648387909,3.6988461384406457,3.605852995070644,3.652953540468733,0.8736263419562273,0.8186813301977355,0.0549450117584918,-0.1870155876122865,25.941527051526293,0.1159999966621398,-57.12090858450449,-35.65297568411971,-21.46793290038478,3.564999938011169,3.695000052452088,3.629999995231629,3.7399998903274536,75.00000596046448,19.56699120449492,29.59943182185871,25.385406274099232,3.62937005055594,3.816249907016754,3.659999966621399,4.0,72.0,-68.0,3.347699913978577,3.697680027630946,0.0,0.0,47.65347603265387,0.8143100448073458,0.8554370154997817,0.7462568852425605,-10.706725500723955,51.59678882890876,53.999996185302685,58.00000826517737,-46.00000381469731,-0.1413529641488016,-3.9893642486140175,-1.2893825469251918,-1.2505373646986166,-0.0388451822265751,9.882422806423994,7.56187421080352,2.3205485956204743,3.6202470286305295,-2.432436525081472,-2.462508925220863,31.272723458030004,2.432439421397561,3.402137517929077,2
2022-10-06,3.609999895095825,3.7300000190734863,3.5799999237060547,3.690000057220459,3.402137517929077,9848087,-87441152.1060835,460868577,0.2396487063165633,-49316.982877103495,-0.0380784492247563,-0.0121051305858562,-100569.09752906863,3.5780027287735785,41.69058993830714,1295.6148334470522,3.653499984741211,3.928910582878319,3.378089386604102,15.07653479060389,0.5662648291789361,0.0,0.0,3.544166644414266,3.670666654904684,3.4176666339238486,7.138491114112032,1.076416603606685,1.0,0.0,3.3399999141693115,3.839999914169312,3.5899999141693115,13.685507105193462,0.7000002861022943,0.1341465573295607,6.916657226024479,-0.0368990299549407,-0.0439797477370729,0.0070807177821321,3.574999988079071,3.688076908771808,3.6187986969398462,3.655697726894787,0.8571428571428571,0.8888888608561322,-0.031746003713275,-0.1857766417102599,26.087902658172457,0.1264999866485596,-56.06268532110666,-42.22531731744434,-13.83736800366232,3.564999938011169,3.649999976158142,3.607499957084656,3.7399998903274536,87.50000298023224,18.71677593049254,27.09724116908665,23.239448653082867,10.367375961864433,3.826249957084656,3.659999966621399,4.0,68.0,-64.0,3.365391915893555,3.697680027630946,0.0,0.0,51.721312559079536,0.9785456983450266,0.9309519143841242,0.84664967285253,-8.300920864021846,54.70048486919588,70.00002861022944,65.33335049947098,-29.99997138977057,-0.1230000369689046,-2.122013902143149,-1.009356700459024,-1.2023012318506985,0.1929445313916742,8.240243953560459,7.697548159354908,0.5426957942055504,3.6205935023505473,2.216071037379086,2.1918730273874365,34.181820262562134,-2.216073803941626,3.346818208694458,3
2022-10-07,3.680000066757202,3.700000047683716,3.630000114440918,3.630000114440918,3.346818208694458,5315339,-92756491.1060835,455553238,0.1967098070145384,-87831.70473092626,0.0131695647163596,-0.0109540611032166,131812.41108479092,3.5642182625760066,43.95457746848113,1274.5479460037757,3.6484999895095824,3.921796523492787,3.375203455526378,14.981309292531478,0.4661542083995083,0.0,0.0,3.554499991734823,3.6780000050862633,3.430999978383382,6.948938733358369,0.8056684799346806,0.0,0.0,3.3399999141693115,3.839999914169312,3.5899999141693115,13.704262064893374,0.5800004005432123,0.1277318949208844,6.853197506724709,-0.0332722081063412,-0.0418382398109266,0.0085660317045853,3.5625,3.6769230640851536,3.620521991940011,3.653794200046352,0.8835979863846583,0.8994708620938905,-0.0158728757092322,-0.1818860215047148,26.12831079548391,0.0315000772476197,-55.31322682623127,-47.04825836452685,-8.264968461704413,3.569999933242798,3.625,3.597499966621399,3.7399998903274536,93.75000149011612,17.9272903189189,25.992950563317024,22.29237420108506,4.397466488161092,3.841249942779541,3.659999966621399,8.0,64.0,-56.0,3.382376237731934,3.697680027630946,0.0,0.0,48.66672606424027,0.8552192062383956,0.8826916497969227,0.8896935265602761,-7.386359094232856,49.0819080477484,58.00004005432124,60.66668828328447,-41.99995994567876,-0.0888235512901758,-3.968250213867144,-0.9106207488620772,-1.143965135252974,0.2333443863908968,3.351180536978384,6.828274634879604,-3.47709409790122,3.620719561192744,-1.6260146842582146,-1.6393793756152686,32.000004161487915,1.6260162601626007,3.245399236679077,4
2022-10-10,3.5899999141693115,3.5999999046325684,3.5199999809265137,3.5199999809265137,3.245399236679077,5384405,-98140896.1060835,450168833,0.148737015156875,-159896.49961159765,-0.1560061520585331,-0.0209163540025291,-249592.1734357868,3.5572158845853323,43.65678097172452,1274.5479460037757,3.63549998998642,3.907270107790227,3.363729872182612,14.95090736087846,0.2875042149717023,0.0,0.0,3.5704999923706056,3.687999987602234,3.452999997138977,6.581710991889136,0.2851063255596705,0.0,0.0,3.3399999141693115,3.839999914169312,3.5899999141693115,13.753266438652036,0.3600001335144039,0.1259587187802364,7.02138149363848,-0.0388264499798824,-0.0412358818447177,0.0024094318648352,3.549166659514109,3.663461529291593,3.605057067168704,3.6438835171485855,0.8497410811380398,0.9326424300806656,-0.0829013489426259,-0.1818080401736523,26.13478789500217,-0.0855000376701355,-53.28948922621707,-49.94060581356694,-3.348883412650132,3.600000023841858,3.615000009536743,3.607500016689301,3.7399998903274536,71.87367242917648,17.060476024715253,24.31596226727383,27.30584039687715,-53.80579123959114,3.861249923706055,3.659999966621399,4.0,60.0,-56.0,3.398681186696778,3.697680027630946,0.0,0.0,43.58462536208606,0.6500334460092337,0.8279327835308853,0.8805254492373106,-8.339614996062968,44.1340076646348,36.000013351440394,54.66669400533038,-63.9999866485596,-0.0809264947386347,-4.347828340440215,-1.065523905941565,-1.1282768893906925,0.0627529834491271,-0.7159841933574571,5.319422869232192,-6.035407062589649,3.6169465076733,-3.030306612851064,-3.0771695611780947,27.99999930641868,3.0303101540415867,3.2822787761688232,0
2022-10-11,3.549999952316284,3.569999933242798,3.509999990463257,3.559999942779541,3.2822787761688232,18779283,-85621374.1060835,468948116,0.1744498878693063,-29744.05629176873,-0.0063900081338714,-0.0273660410425242,50236.76004547041,3.54904424779628,41.68803249098057,1274.5479460037757,3.621999990940094,3.880271173258896,3.363728808621292,14.261246988670887,0.3799710296675255,0.0,0.0,3.585833319028219,3.6993332942326864,3.472333343823751,6.33046575824817,0.3861965555404769,0.0,0.0,3.3399999141693115,3.839999914169312,3.5899999141693115,13.804527919676357,0.4400000572204586,0.1193628411801668,7.0665504571465645,-0.0395447171691119,-0.0408976489095966,0.0013529317404847,3.549999992052714,3.653846144676209,3.598125201878064,3.637669919047176,0.8177085144238267,0.9739582350270656,-0.1562497206032389,-0.1818578840171213,26.08962790875868,-0.2820000767707826,-51.08683415215258,-51.64971444729226,0.5628802951396779,3.620000004768372,3.615000009536743,3.617500007152557,3.7399998903274536,48.43484374076586,16.336918298687767,23.42808379362784,26.917359232586676,-47.100338038393645,3.894999921321869,3.659999966621399,20.0,56.00000000000001,-36.00000000000001,3.414333937703028,3.697680027630946,0.0,0.0,45.80105042817882,0.7395198393001894,0.7482574971826063,0.8196273101701381,-8.376149869724028,46.27410979905375,48.88889006626447,47.62964782400872,-51.111109933735534,-0.1006617749438567,0.2816898759880855,-1.0870892095528544,-1.1200393534231248,0.0329501438702704,6.939871767915175,5.643512648968789,1.296359118946386,3.6148132368795065,1.136362558800319,1.1299544599374656,29.45454337380149,-1.136363719844951,3.309938430786133,1
2022-10-12,3.539999961853028,3.609999895095825,3.5199999809265137,3.5899999141693115,3.309938430786133,7371798,-81525930.77275017,476319914,0.1155005958196234,6098.484477222148,0.0305216679630616,-0.0072310613682351,275522.57583602093,3.5465139799182674,46.42611887701397,1285.2885085120856,3.612499988079071,3.860602800673289,3.364397175484853,13.73579589829399,0.454655745989951,0.0,0.0,3.595833309491476,3.708333285649618,3.4833333333333334,6.257240893852892,0.4740737930736801,0.0,0.0,3.3399999141693115,3.839999914169312,3.5899999141693115,13.840830495500512,0.4999999999999995,0.1164265484790813,7.03362302400882,-0.0372636499595624,-0.0401708491195897,0.0029071991600273,3.570833325386048,3.6446153750786414,3.5968751576151785,3.634138807574741,0.868632897647352,0.919570994852332,-0.0509380972049799,-0.180067276121448,25.83257055243696,-0.2324998736381531,-51.149784775993055,-52.84674321201185,1.6969584360187966,3.620000004768372,3.5899999141693115,3.6049999594688416,3.7399998903274536,30.465097317590164,15.287014763991063,24.59867676332067,25.418085785395512,-25.69108946244785,3.9174998998641968,3.659999966621399,16.0,52.0,-36.0,3.429360578669028,3.697680027630946,0.0,0.0,47.46801114980295,0.8068220481670101,0.7321251111588111,0.7694384639574342,-7.886277144924608,46.09068262371881,55.555549668677685,46.81481769546088,-44.44445033132232,-0.1138088345527648,7.4850301324686495,-1.025377728607744,-1.1011070284600488,0.0757292998523047,3.829070813013432,5.280624281777718,-1.451553468764286,3.614349050208306,0.8426958391001493,0.8391649801141154,30.5454514243386,-0.8426966904253845,3.2822787761688232,2
2022-10-13,3.539999961853028,3.5899999141693115,3.5199999809265137,3.559999942779541,3.2822787761688232,12279909,-79771658.05846445,464040005,0.1058842712007119,-47400.85882937892,-0.0057003571024556,0.0041374249641972,-40495.69353217969,3.547148147377253,44.85709488680272,1285.2885085120856,3.603999984264374,3.8470143971133135,3.3609855714154344,13.48581653218526,0.4094703047259508,0.0,0.0,3.593833303451538,3.700333261489868,3.487333345413208,5.926816802328975,0.3411578685325864,0.0,0.0,3.3399999141693115,3.839999914169312,3.5899999141693115,13.8734739784428,0.4400000572204586,0.1117838869554529,6.832049380843742,-0.0374449921716686,-0.0396256777300055,0.0021806855583369,3.5858333110809326,3.639615370677068,3.591202047640465,3.6286470398121335,0.9430201291861992,0.9031338528186988,0.0398862763675004,-0.1783561214601993,25.606854050395075,-0.1039999842643739,-51.80562902002094,-53.40131956556283,1.595690545541892,3.634999990463257,3.5899999141693115,3.612499952316284,3.7399998903274536,18.355058066517117,14.312104338915557,23.50220555247384,24.285089910589804,-32.27977770561281,3.849999904632568,3.659999966621399,12.0,48.0,-36.0,3.443786153996388,3.697680027630946,0.0,0.0,45.946172806284814,0.7453790395055927,0.7639069756575975,0.7480965279996715,-7.9406939313584095,43.497255537817786,48.88889006626447,51.11110993373556,-51.111109933735534,-0.1218235443620119,5.325438527933205,-1.0319271001239976,-1.0872710427928385,0.0553439426688409,5.123982375560337,5.249295900534242,-0.1253135249739045,3.613986094647627,-0.8356538191369944,-0.8391649801141154,29.45454337380149,0.8356546562934142,3.365257978439331,3
2022-10-14,3.650000095367432,3.670000076293945,3.609999895095825,3.650000095367432,3.365257978439331,6975560,-77446452.91293004,471015565,0.0979127354959305,49056.6159156737,0.0731126632222421,0.0260987919706255,73731.20024055551,3.560332518572253,50.458357935152186,1317.781812934791,3.596999990940094,3.8258318264391296,3.368168155441058,12.7234826842037,0.6158057931750532,0.0,0.0,3.607833305994669,3.7103332916895546,3.5053333202997843,5.682079907881232,0.7056916841836535,0.0,0.0,3.3399999141693115,3.839999914169312,3.5899999141693115,13.900472651080628,0.6200003623962406,0.111605511611348,5.925870008049063,-0.0299808464941229,-0.037696711482829,0.0077158649887061,3.5983333190282187,3.63769229558798,3.600247901136921,3.630228747631045,1.07855006350866,0.8126887090289191,0.2658613544797409,-0.1716684027965689,25.415438125921323,-0.0170000672340391,-47.956932621668656,-53.03675536854608,5.079822746877419,3.649999976158142,3.5899999141693115,3.619999945163727,3.7399998903274536,59.17752903325856,13.92041434362665,26.954985736193528,22.58166965495362,32.92183581607877,3.849999904632568,3.659999966621399,8.0,44.0,-36.0,3.4576347063106536,3.697680027630946,0.0,0.0,51.01955204908636,0.9425421292711512,0.8315810723145848,0.7758710530436644,-6.430185486417204,54.2699479096458,68.18185266383969,57.54209746626064,-31.818147336160298,-0.1134412092321062,4.285717010498059,-0.82586659349462,-1.0349901529331949,0.2091235594385748,1.95557696435395,4.590552113298184,-2.6349751489442337,3.615173797105751,2.528094214451637,2.496666493168709,32.72727619517934,-2.5280973350887592,3.2730588912963867,4
2022-10-17,3.559999942779541,3.569999933242798,3.5299999713897705,3.549999952316284,3.2730588912963867,8907998,-77446452.91293004,462107567,0.1083574570692948,-85208.76840075673,-0.0404130973302331,0.0242890271197563,-67706.35368684496,3.566886406668822,44.88245291607301,1317.781812934791,3.5864999890327454,3.803412435736152,3.3695875423293398,12.09605171430132,0.4158645866772936,0.0,0.0,3.607499972979228,3.7019999663035073,3.512999979654948,5.239084908224556,0.195767064947666,0.0,0.0,3.3399999141693115,3.839999914169312,3.5899999141693115,13.941168312532104,0.4200000762939449,0.1124449728479794,5.14095196995964,-0.0317684264318174,-0.0365110544726267,0.0047426280408092,3.5958333214124045,3.630769216097318,3.592517447472208,3.624285873904025,1.0300301452735268,0.8138137007203818,0.2162164445531449,-0.1668821196023601,25.13659199767792,-0.0764999985694885,-44.07855156352824,-51.98489356571366,7.906342002185426,3.649999976158142,3.5899999141693115,3.619999945163727,3.7399998903274536,53.328047646060966,13.07152027415604,24.902857741405462,25.937923877806224,-29.70036264212904,3.831249952316284,3.659999966621399,4.0,40.0,-36.0,3.4709293165323487,3.697680027630946,0.0,0.0,45.86816369888155,0.4922982781866942,0.7267398156544793,0.7740759545422206,-6.730530830069739,46.99742071596455,36.84208214777565,51.30427495929329,-63.15791785222435,-0.1018382633433625,-0.8379880455057165,-0.8765430635745345,-1.003300735061463,0.1267576714869284,0.938568733275782,3.860155437293704,-2.9215867040179218,3.6146621607252354,-2.739729875022956,-2.777960366717158,29.090907356955785,2.739733112101632,3.3191583156585693,0
2022-10-18,3.609999895095825,3.625,3.5299999713897705,3.5999999046325684,3.3191583156585693,10042464,-72689514.85217097,472150031,0.120145411882812,-1304.2698952200008,0.0260145713019172,0.0232510827271224,-102612.06053370674,3.577313693924552,43.07978227220448,1317.781812934791,3.577999985218048,3.7781599447871295,3.377840025648967,11.18837117920688,0.554955844969901,0.0,0.0,3.5978333075841262,3.69133330186208,3.504333313306173,5.197572332262227,0.5115860811819993,0.0,0.0,3.3399999141693115,3.839999914169312,3.5899999141693115,13.974287369079732,0.5199999809265132,0.1107004784242044,4.652782414178226,-0.0288183184896029,-0.0349725072760219,0.006154188786419,3.603333314259847,3.623846136606657,3.593668594727648,3.6224869132172506,1.01226992608732,0.8312881506267041,0.1809817754606159,-0.1606065102811706,25.007388480039577,0.0019999384880065,-41.68114887361556,-50.269364708948224,8.588215835332669,3.620000004768372,3.5899999141693115,3.6049999594688416,3.7399998903274536,38.52888191979958,12.494039519531894,26.913746735040693,24.356983248288557,5.835967014380132,3.827499985694885,3.659999966621399,12.0,36.0,-24.0,3.483692142345176,3.697680027630946,0.0,0.0,48.6594343658655,0.666742239198389,0.7005275488854115,0.7529494789514919,-6.118732522150426,51.6587813084946,44.11761612214888,49.71385031125476,-55.88238387785112,-0.0816176666932948,2.564100125750518,-0.7955396162910751,-0.9617485113073854,0.1662088950163103,1.0483848878503648,3.297801327405036,-2.2494164395546714,3.614318628003759,1.408449379940424,1.398622891581902,30.9090874411843,-1.4084508068207668,3.402137517929077,1
2022-10-19,3.609999895095825,3.700000047683716,3.5999999046325684,3.690000057220459,3.402137517929077,11257522,-63683491.884173855,483407553,0.1749099463382919,143621.86834145937,0.0644014679032606,0.0155001992980905,422881.5565502979,3.583686780163075,44.3004222391225,1317.781812934791,3.5734999895095827,3.758786292058436,3.3882136869607296,10.370018362545528,0.8143785215319937,0.0,0.0,3.598499981562297,3.6799999872843423,3.5169999758402506,4.529665479484729,1.0613501180001246,1.0,0.0,3.3399999141693115,3.7899999618530273,3.564999938011169,12.592697607520424,0.7777780132528926,0.1096304448868987,4.3139580304185285,-0.0189990671205761,-0.0317778192449328,0.0127787521243566,3.612499992052714,3.61846152635721,3.6084888197265417,3.627487886847118,0.9999999999999996,0.8679243670362201,0.1320756329637795,-0.1484953605997345,24.973698521709053,0.1265000581741331,-37.4441720003034,-48.20064100663674,10.75646900633334,3.6050000190734863,3.5899999141693115,3.597499966621399,3.7399998903274536,69.26444095989979,12.580786302105611,30.021498520844386,22.782821260728365,92.45681313884032,3.8049999475479126,3.659999966621399,8.0,32.0,-24.0,3.49594445512549,3.697680027630946,0.0,0.0,53.32487844706181,1.0,0.7196801724616945,0.7156491790005285,-4.12634777268492,60.74788384170446,70.58825591856741,50.515984729497326,-29.411744081432587,-0.0569706005208634,3.0726294932579488,-0.5237527377958939,-0.8741493566050871,0.3503966188091931,2.094156095787445,3.0570722810815183,-0.9629161852940727,3.61570523596586,2.5000043047800125,2.469265458822445,34.181820262562134,-2.5000073626811457,3.3007185459136963,2
2022-10-20,3.660000085830689,3.700000047683716,3.569999933242798,3.5799999237060547,3.3007185459136963,9400617,-71637862.76734519,474006936,0.1312526945423353,-24619.70215271749,-0.0207433177731548,0.0157855287405077,1203.003694870742,3.6045057665894222,52.12501776284774,1278.498297184694,3.568499982357025,3.7473043731428346,3.389695591571216,10.021263369473669,0.5321578829761663,0.0,0.0,3.593499978383382,3.672999986012776,3.513999970753988,4.424656079455942,0.4150940038882718,0.0,0.0,3.3399999141693115,3.7899999618530273,3.564999938011169,12.610341877779328,0.5333332980120661,0.1116674118423006,3.791479139806912,-0.0198643473013135,-0.0293951248562089,0.0095307775548953,3.6024999817212424,3.610769216830914,3.6041059126464665,3.62397025994778,1.0377358037890547,0.8301884331029867,0.207547370686068,-0.1385384634825555,25.05737465829361,0.0414999127388,-38.01315493282577,-46.27841079625836,8.265255863432593,3.6050000190734863,3.5899999141693115,3.597499966621399,3.7399998903274536,84.6322204799499,12.352389800422584,27.530529720010577,22.807220210139832,50.75153068503658,3.7924999594688416,3.659999966621399,4.0,28.000000000000004,-24.000000000000004,3.507706675394592,3.697680027630946,0.0,0.0,47.628089263710805,0.4151292442145831,0.6939571611376575,0.7047216274949211,-4.224151334800534,52.542767669213376,32.258039706698945,48.98797058247177,-67.74196029330105,-0.0340588268111732,-3.2432465521935314,-0.5481377019247345,-0.8089470256690167,0.2608093237442821,1.402080609463241,2.726073946757863,-1.3239933372946222,3.614816063655881,-2.981033382348053,-3.026369445788446,30.18181540749289,2.9810368182035063,3.26383900642395,3
2022-10-21,3.559999942779541,3.5799999237060547,3.5299999713897705,3.539999961853028,3.26383900642395,9268941,-77199227.36734502,464737995,0.1038019924763084,-74067.92847632314,-0.0431548580476227,0.0066582245500248,-383799.0209499893,3.6029193539498894,45.768279996614304,1264.213413328158,3.567999982833862,3.747064245537608,3.388935720130117,10.037234504778478,0.4218157197922866,0.0,0.0,3.583166631062825,3.660666640599568,3.5056666215260828,4.325783169830139,0.2215053942068719,0.0,0.0,3.3399999141693115,3.7899999618530273,3.564999938011169,12.612109020423986,0.4444445033132241,0.105500665889699,3.676689553023879,-0.023506779188442,-0.0282174557226555,0.0047106765342135,3.5966666539510093,3.6034615223224353,3.594243458678245,3.6177502378666873,0.9934210608870672,0.9342102951621116,0.0592107657249554,-0.1323232862145293,25.055426938941206,0.1220000743865967,-36.7403799160303,-44.43962087290427,7.699240956873972,3.6050000190734863,3.5899999141693115,3.597499966621399,3.7399998903274536,70.32567331980219,11.735666373838624,26.61581385575396,24.70747943242044,-19.982341427843533,3.787499964237213,3.659999966621399,12.0,24.0,-12.0,3.518998406852929,3.697680027630946,0.0,0.0,45.71552923920377,0.2187729475330172,0.5446340639158668,0.652757132505073,-4.899019759411301,48.08617226729478,10.714276591125026,37.85352407213048,-89.28572340887499,-0.042823541164398,-1.9390563788628397,-0.6497623562400339,-0.7771100917832202,0.1273477355431863,0.7343913440136814,2.3277374262090267,-1.5933460821953451,3.613284916967753,-1.1173173940076109,-1.1236062731748708,28.727271340110107,1.1173185164606991,3.346818208694458,4
2022-10-24,3.630000114440918,3.680000066757202,3.619999885559082,3.630000114440918,3.346818208694458,4884473,-80455510.35218959,469622468,0.1302898551693635,-686.3222209298838,0.1166967026010864,0.0018585404240644,20618.23879398151,3.599920124482817,44.44287061575709,1296.3544871499876,3.582499992847443,3.729452386559525,3.435547599135361,8.203901968205255,0.66161737959349,0.0,0.0,3.5928333044052123,3.6683333396911615,3.5173332691192627,4.202813149910294,0.7461376997702056,0.0,0.0,3.3499999046325684,3.7899999618530273,3.569999933242798,12.281927651051804,0.6363640304438811,0.1089506097911465,3.6474797647522026,-0.018913153489712,-0.0263565952760668,0.0074434417863548,3.591666658719381,3.597307682037354,3.599744482641733,3.618657636131445,0.9339934876344212,0.9504947222959682,-0.016501234661547,-0.1238286072391255,25.032685817278068,0.0475001215934751,-30.935925446760734,-42.200631016749625,11.264705569988887,3.6100000143051143,3.5899999141693115,3.599999964237213,3.7399998903274536,85.1628366599011,12.004581672594474,30.69666158817537,22.45750961577981,71.49761819308016,3.787499964237213,3.659999966621399,8.0,20.0,-12.0,3.5298384690529327,3.697680027630946,0.0,0.0,50.52912745482993,0.7129693686764362,0.4489571868080122,0.5625161372871789,-3.961666071323612,48.84682920682839,42.857191514000704,28.60983593727491,-57.142808485999296,-0.0167941233691046,-1.6260146842582102,-0.5226566144547254,-0.7262193963175213,0.2035627818627958,-3.5051044681614627,1.1611690473349288,-4.666273515496392,3.61373107813659,2.54237721914492,2.5105963433480483,32.000004161487915,-2.5423803719235707,3.3375980854034424,0
2022-10-25,3.660000085830689,3.660000085830689,3.559999942779541,3.619999885559082,3.3375980854034424,9590496,-78537438.59077954,460031972,0.1502784147731757,-14289.29834513019,-0.0417079774324828,-0.0020198270996558,97761.02577860048,3.595163114276633,45.92395970979613,1296.3544871499876,3.594499981403351,3.7089509113082175,3.4800490514984843,6.368114090805093,0.6114010352599452,0.0,0.0,3.599499972661336,3.679000027974446,3.519999917348226,4.417283284729719,0.6289301800923737,0.0,0.0,3.4100000858306885,3.7899999618530273,3.600000023841858,10.57170337983924,0.5526312322166347,0.1080555631171466,3.456876875594184,-0.0158963635398023,-0.0242645489288139,0.0083681853890115,3.590833306312561,3.591923062617963,3.602860698475172,3.618757062014974,0.921147067957123,1.007168106548953,-0.08602103859183,-0.1144553397953594,25.07117510994969,-0.0745000004768372,-27.550183629595843,-39.57845311159438,12.028269481998535,3.6100000143051143,3.5899999141693115,3.599999964237213,3.7399998903274536,92.58141832995057,11.649750560052356,28.68714099529145,24.91517491774484,27.31877465018721,3.772499918937683,3.6649999618530273,4.0,16.0,-12.0,3.5299999713897705,3.697680027630946,0.0,0.0,49.99860533367248,0.6585023936883039,0.530081569965919,0.5078909402299326,-3.3701512082951823,48.48443897406737,49.99994581396634,34.523804639697374,-50.00005418603366,-0.00897058949751,-0.2754883902634847,-0.439276891689189,-0.6688308953918549,0.2295540037026659,-2.822056572530501,0.3645239233618428,-3.186580495892344,3.6138228106240753,-0.2754883902634897,-0.2758685579016706,31.636359474875707,0.2754892174024661,3.3375980854034424,1
2022-10-26,3.630000114440918,3.670000076293945,3.5999999046325684,3.619999885559082,3.3375980854034424,5042316,-80698440.97591314,465074288,0.0875038230191478,-12247.970010111592,0.0347063258748605,0.0031790854074596,-26420.70304868389,3.590918053359629,43.39319044566904,1296.3544871499876,3.6004999756813048,3.706796802332388,3.4942031490302217,5.904559220610413,0.5917238571090429,0.0,0.0,3.605166641871134,3.682666722933451,3.527666560808817,4.299389668273049,0.5956982462768049,0.0,0.0,3.450000047683716,3.7899999618530273,3.620000004768372,9.443130578135197,0.499999649384354,0.1042500239715696,3.4354220291846684,-0.0133516265301603,-0.0220819644490832,0.0087303379189229,3.5991666316986084,3.5861538281807537,3.605497496488081,3.618849123018242,0.9391635918544656,0.9543723312772542,-0.0152087394227884,-0.1046673738040158,25.093022881211432,-0.0405000329017637,-23.98881767382509,-36.4876962953504,12.498878621525307,3.615000009536743,3.5899999141693115,3.602499961853028,3.7399998903274536,96.29070916497528,11.40646487599931,28.00985635497838,23.743443212951902,42.44599999651281,3.7924999594688416,3.6674998998641968,36.0,12.0,24.0,3.5403999710083007,3.697680027630946,0.0,0.0,49.99860533367248,0.6585023936883039,0.6766580520176814,0.5518989362638709,-2.892473530438086,49.24254668781944,57.89466419380664,50.25060050725792,-42.10533580619336,-0.0104999962974998,2.840906397000803,-0.368946758383356,-0.6088540679901552,0.2399073096067991,-6.320909657903124,-0.9725627928911508,-5.348346865011973,3.613877542354088,0.0,0.0,31.636359474875707,0.0,3.365257978439331,2
2022-10-27,3.640000104904175,3.660000085830689,3.619999885559082,3.650000095367432,3.365257978439331,7291480,-77052679.24571814,472365768,0.10313260090928,20751.158536102663,0.0027429384791871,0.0024343263905187,60427.05434494912,3.5913167516333333,49.44664466239124,1296.3544871499876,3.603999984264374,3.711963019880064,3.496036948648684,5.991289460991879,0.7130363917646872,0.0,0.0,3.613833316167195,3.688333423932393,3.539333208401998,4.123051687630779,0.7427297106349418,0.0,0.0,3.450000047683716,3.7899999618530273,3.620000004768372,9.433959923801448,0.588235582859945,0.0978250416015733,3.280437805324045,-0.0088125522896875,-0.0194280820172041,0.0106155297275165,3.606666644414266,3.5811538329491253,3.6123440501618274,3.621156602451515,0.9143968525062224,0.9377429293177612,-0.0233460768115387,-0.0932050129412208,25.015082089162465,-0.0140000700950624,-20.362395567407944,-33.42163662265476,13.059241055246815,3.615000009536743,3.564999938011169,3.5899999737739563,3.7399998903274536,98.14535458248764,11.180556740807196,27.22202649507545,23.0756142422136,56.08807898112856,3.803749918937683,3.6674998998641968,32.0,8.0,24.0,3.55038397064209,3.697680027630946,0.0,0.0,51.76076724134367,0.8394178064910064,0.7188075312892046,0.641849051090935,-2.002858712483646,49.20705442744673,73.68424354826995,60.526284518681,-26.315756451730056,-0.0073676445904897,2.5280942144516345,-0.2433629156971975,-0.5357558375315636,0.2923929218343661,-7.046280185296168,-2.1873062713721545,-4.858973913924014,3.6147270970240313,0.8287351037779667,0.8253199498297503,32.72727619517934,-0.828736484385459,3.365257978439331,3
2022-10-28,3.609999895095825,3.690000057220459,3.609999895095825,3.650000095367432,3.365257978439331,4355825,-77052666.2643743,476721593,0.0834853339843983,17786.70731665943,0.0183662304685179,0.0148894965710223,60427.05434494912,3.5952707860800843,53.993784442713,1296.3544871499876,3.6109999895095823,3.7115784118624897,3.510421567156675,5.570668659379705,0.6938790892991293,0.0,0.0,3.61449998219808,3.691000088055928,3.53799987634023,4.232956493823375,0.7320265623901138,0.0,0.0,3.4800000190734863,3.7899999618530273,3.634999990463257,8.584877975079772,0.5483874441062162,0.0960425536538794,2.7323692648180224,-0.0051558695965567,-0.0165736395330746,0.0114177699365178,3.611666659514109,3.5799999878956728,3.618137287885767,3.623293157482324,0.9681273575872896,0.8565735840798077,0.1115537735074819,-0.0809232444040416,24.92232158028409,-0.0510000467300413,-17.428065701897555,-30.460471526918028,13.032405825020472,3.615000009536743,3.564999938011169,3.5899999737739563,3.7399998903274536,99.07267729124382,11.254014995033945,27.80910199243637,21.757526098748663,60.53523277210808,3.7937499284744254,3.6674998998641968,28.000000000000004,4.0,24.000000000000004,3.5599686102905275,3.697680027630946,0.0,0.0,51.76076724134367,0.7944487546841827,0.7641229849544976,0.7198628560871279,-1.266818252028549,46.63555528844464,73.68424354826995,68.42105043011553,-26.315756451730056,0.0145735383033751,1.6713142794601985,-0.1422978868245754,-0.457064247390166,0.3147663605655906,-10.46781365267738,-3.8434077476332,-6.62440590504418,3.614873914915159,0.0,0.0,32.72727619517934,0.0,3.4574568271636963,4
2022-10-31,3.7799999713897705,3.809999942779541,3.7100000381469727,3.75,3.4574568271636963,20394695,-81131605.2643743,497116288,0.0348956539392256,306598.2569871809,0.0539355501030666,0.0191984650165179,558758.2196501296,3.628359370321297,61.63923785179033,1296.3544871499876,3.61949999332428,3.735685270149285,3.5033147164992746,6.419962814714447,1.0616030285501454,1.0,0.0,3.635166652997335,3.7176667531331375,3.552666552861531,4.5389996119038285,1.1959588340719514,1.0,0.0,3.509999990463257,3.809999942779541,3.659999966621399,8.288436327382152,0.8000001589457446,0.1024382830297023,2.538345135561022,0.0057450094595945,-0.0121099097345408,0.0178549191941353,3.627499997615814,3.5876922974219694,3.638423858980264,3.6326788495206697,1.007380061464442,0.7416974968354577,0.2656825646289842,-0.0630850249523839,24.79022409830311,0.0305001020431521,-10.155563657758812,-26.95762872515616,16.80206506739735,3.669999957084656,3.5749999284744263,3.622499942779541,3.7399998903274536,99.5363386456219,12.306366118888093,32.97888314692861,19.37398068760487,198.8732984743708,3.744999945163727,3.6674998998641968,100.0,4.0,96.0,3.5691698643530274,3.697680027630946,0.0,0.0,57.544899615271895,1.0,0.8779555203917297,0.7869620122118106,1.045831440652263,53.63657751847027,79.31036183723737,75.5596163112591,-20.68963816276263,0.0377500106306638,5.337080344785417,0.1581480141123018,-0.3340217950896725,0.4921698092019743,1.823544715440458,-2.710017255018468,4.533561970458926,3.626722101871904,2.739723343007228,2.7028646259856126,36.36363636363635,-2.7397260273972535,3.540435552597046,0
2022-11-01,3.7899999618530273,3.849999904632568,3.759999990463257,3.839999914169312,3.540435552597046,13241641,-70832551.15326294,510357929,0.0667419939348566,433048.0136262754,0.0305852747045602,0.0192030083551964,876557.3005730208,3.650168234065217,63.55217492818633,1327.4669651703878,3.62649998664856,3.773914403151499,3.4790855701456205,8.129845142460493,1.224148738588588,1.0,0.0,3.658333317438762,3.740333406130473,3.5763332287470506,4.48292058576664,1.607721952677073,1.0,0.0,3.509999990463257,3.849999904632568,3.6799999475479126,9.375428523950523,0.97058825591857,0.1021944451899889,2.4107816582862465,0.02139959435801,-0.0054080089160306,0.0268076032740407,3.643333315849304,3.6069230666527385,3.669435559778579,3.648035965420569,1.029303980679201,0.7362638245561886,0.2930401561230125,-0.0373149255641546,24.69658961772778,-0.0765000343322754,-2.7959932210281813,-23.107831083014467,20.311837861986287,3.6899999380111694,3.5999999046325684,3.644999921321869,3.7399998903274536,99.76816932281092,13.56550171804056,33.461038919349825,18.04352617177953,244.39748445450152,3.664999902248383,3.6674998998641968,100.0,4.0,96.0,3.5836196690586184,3.697680027630946,0.0,0.0,61.96514873986484,1.0,0.931482918228061,0.8578538078580961,4.431775326069929,58.59517830682397,96.96969915903271,83.32143484818003,-3.030300840967281,0.0752794104463911,5.205474351713772,0.5866059041318417,-0.1498962552453697,0.7365021593772114,4.545920278537921,-1.2588297483071902,5.804750026845111,3.648915382295848,2.399997711181645,2.3716504265574034,39.6363605152477,-2.399993104221082,3.5496554374694824,1
2022-11-02,3.849999904632568,3.910000085830689,3.829999923706055,3.849999904632568,3.5496554374694824,11149953,-76407544.26795422,521507882,0.0819224267383602,387112.5007747721,0.0466371034545817,0.0229413983949847,346835.3898181929,3.676912281513328,72.51919436957462,1330.9239071726545,3.638499987125397,3.81482639527417,3.462173578976624,9.692258280758164,1.0997397659479369,1.0,0.0,3.6783333142598464,3.758333404858907,3.598333223660787,4.34980105195593,1.5729149747659017,1.0,0.0,3.509999990463257,3.910000085830689,3.7100000381469727,10.993543954453958,0.849999582767584,0.0999750168834534,2.188429215632415,0.0342184325420653,0.0025172793755885,0.0317011531664767,3.668333311875661,3.62499998166011,3.697214689756116,3.66299625721405,1.0799998543480496,0.6800000624222645,0.399999791925785,-0.006717187903368,24.611764107213137,-0.0385000824928285,3.533806289674734,-18.491502058292195,22.02530834796693,3.7200000286102295,3.660000085830689,3.690000057220459,3.7399998903274536,99.88408466140548,15.131670748082358,35.78137212070337,17.03563101352811,243.48206688708316,3.664999902248383,3.6674998998641968,100.0,8.0,92.0,3.6049300879045343,3.697680027630946,0.0,0.0,62.43316788887822,1.0,1.0,0.9364794795399304,7.341130705910364,55.19534003955619,84.21048338724917,86.8301814611731,-15.789516612750838,0.1177205906194798,8.450702995658956,0.9341650970752212,0.0669160152187485,0.8672490818564729,4.910892907104808,-0.0248852172247906,4.935778124329598,3.6630613405069177,0.260416424134724,0.2600779281037413,39.99999653209338,-0.26041668420353403,3.4297971725463867,2
2022-11-03,3.759999990463257,3.775000095367432,3.690000057220459,3.7200000286102295,3.4297971725463867,6866010,-78426965.77100039,514641872,0.0479986769757311,204299.2222686424,-0.1702225770940083,0.0055603098009669,-202802.77444964217,3.6813717691225873,67.24955222974056,1285.9836611431874,3.639999985694885,3.818549704642468,3.461450266747303,9.81042415655376,0.7240273560408972,0.0,0.0,3.689499990145366,3.765000073115032,3.613999907175701,4.092699995735237,0.7019867877305369,0.0,0.0,3.509999990463257,3.910000085830689,3.7100000381469727,10.989013652181953,0.5249999701976842,0.1059774999363189,2.3394830220533933,0.0335013677039501,0.0087140970412608,0.0247872706626892,3.678333322207133,3.6334615212220416,3.700720126502903,3.6672187587989526,0.975438551874915,0.7964913842272744,0.1789471676476406,0.0188134727776395,24.49443141993608,0.0500000715255737,8.919804271467783,-13.418148259681296,22.33795253114908,3.7350000143051143,3.680000066757202,3.7075000405311584,3.7399998903274536,99.94204233070272,14.977573452531033,31.938769221123295,24.60288102482186,89.51893768759207,3.664999902248383,3.704999923706055,96.0,4.0,92.0,3.6354370876971496,3.697680027630946,0.0,0.0,53.25834656210754,0.4511891590054588,0.8170630530018196,0.9161819904099602,7.2722990922376916,48.38442686066869,49.99999999999994,77.06006084876061,-50.00000000000006,0.1373235471108378,3.3333368654605247,0.913536112989403,0.2362400347728794,0.6772960782165236,1.7595696383116872,0.332005753882505,1.4275638844291825,3.666155625324039,-3.3766202400658307,-3.434944755295377,35.27272831309924,3.3766168867517337,3.466676712036133,3
2022-11-04,3.7100000381469727,3.7899999618530273,3.670000076293945,3.759999990463257,3.466676712036133,5940794,-75456568.77100037,520582666,0.0918127318352636,209060.980998364,-0.0050499408049881,0.0080862495527701,-167959.6393801352,3.693168482340451,73.25346265867887,1299.811429152254,3.646499979496002,3.832432771661518,3.460567187330486,10.197877044344018,0.8052178414720356,0.0,0.0,3.708499995867412,3.791000072161357,3.6259999195734656,4.449242355986533,0.8121208907271318,0.0,0.0,3.509999990463257,3.910000085830689,3.7100000381469727,10.969425411123073,0.6249998509884229,0.1073797384985953,2.165538726293721,0.0357486629477881,0.0141210102225663,0.0216276527252217,3.684166649977366,3.640384600712703,3.7098401055737273,3.6740914426259375,1.0175439183548098,0.7719300652547173,0.2456138531000925,0.0419489869886457,24.48095995475397,-0.0665000557899473,14.473291013837017,-8.37267976405932,22.845970777896333,3.7350000143051143,3.680000066757202,3.7075000405311584,3.7399998903274536,99.97102116535136,14.633304415826077,29.389548842524576,23.96944523928269,90.00399386651941,3.664999902248383,3.704999923706055,92.0,24.0,68.0,3.662893387510504,3.697680027630946,0.0,0.0,55.42874004676126,0.5810157170580214,0.6774016253544933,0.831488226118771,7.861537368094668,53.55392249794324,60.52630258069205,64.91226198931373,-39.47369741930795,0.154352966476889,1.8970171316345783,0.972993282993466,0.3835906844169967,0.5894025985764693,-1.628986533223988,-0.0601927035387936,-1.5687938296851942,3.676341998518471,1.0752677834782398,1.0695278889458093,36.727272380482056,-1.0752688172043037,3.4297971725463867,4
2022-11-07,3.7899999618530273,3.799999952316284,3.714999914169312,3.7200000286102295,3.4297971725463867,4588658,-79505372.53962791,515994008,0.0993203675357695,152974.24871908507,0.0509406836035716,0.0098666861457454,15063.979756795548,3.7039097714343634,72.15115083419506,1285.9836611431874,3.656499981880188,3.8355279253082255,3.4774720384521496,9.792312009583627,0.6773467468657087,0.0,0.0,3.718666656812032,3.803666718800863,3.6336665948232016,4.571534360743172,0.5078433577988,0.0,0.0,3.509999990463257,3.910000085830689,3.7100000381469727,10.939425607811716,0.5249999701976842,0.105141768463433,2.2320834803759864,0.0339110920314906,0.0180790265843512,0.0158320654471394,3.695833325386048,3.6484615252568178,3.711403170656265,3.677492078624775,1.0494698938136406,0.8021204247454451,0.2473494690681955,0.0602366808532684,24.43320410570869,-0.1165000200271602,19.040599715628137,-3.1959260590344343,22.23652577466257,3.754999995231629,3.695000052452088,3.725000023841858,3.7399998903274536,99.98551058267569,14.398631341761057,28.378040604963616,22.593814905054412,82.2864816172329,3.664999902248383,3.7399998903274536,88.0,20.0,68.0,3.670000076293945,3.697680027630946,0.0,0.0,52.78899210747283,0.4231137552675122,0.4851062104436641,0.6598569629333256,7.578683733158632,48.33044960444598,49.99999999999994,53.50876752689734,-50.00000000000006,0.1537794274442339,3.910617538763665,0.9221254949425202,0.4912976465221014,0.4308278484204187,-5.669727129208953,-1.1820995886728256,-4.487627540536128,3.677835324197583,-1.063828775385156,-1.0695278889458093,35.27272831309924,1.0638297872340416,3.4113574028015137,0
2022-11-08,3.7100000381469727,3.740000009536743,3.6649999618530273,3.700000047683716,3.4113574028015137,6719902,-79953354.61323881,509274106,0.0322833373057688,111921.08292663848,-0.0613848042530282,0.0008819524202962,-84943.93485166828,3.707629935897031,65.46544823800727,1285.9836611431874,3.663499987125397,3.837772772924093,3.4892272013267007,9.514004990372118,0.6047210566785812,0.0,0.0,3.727499993642172,3.8100000460942582,3.644999941190084,4.426562178017651,0.3333337668213826,0.0,0.0,3.5199999809265137,3.910000085830689,3.715000033378601,10.64556042786267,0.4615385085638091,0.1021275963854612,2.4619577688409766,0.0304895084529999,0.0205611229580809,0.0099283854949189,3.709166665871938,3.653076914640574,3.709648844045104,3.679159335592104,0.9640288263378676,0.8956836821418568,0.0683451441960109,0.0732870032798894,24.372004171004285,-0.0334998726844788,23.25669281882706,2.053575106815804,21.203117712011256,3.759999990463257,3.7100000381469727,3.7350000143051143,3.7399998903274536,99.99275529133784,13.651202653789698,26.91049197553449,24.87300318979896,35.980849960645095,3.664999902248383,3.7399998903274536,84.0,16.0,68.0,3.670000076293945,3.910000085830689,0.0,1.0,51.46912879372954,0.3441634117769264,0.4494309613674866,0.537312932388548,6.967905115883546,47.198727837399424,44.73684870965389,51.75438376344865,-55.26315129034611,0.1362941398340114,4.519776484600167,0.8287085627970798,0.5587798297770971,0.2699287330199827,-6.969883665118519,-2.3396564039619645,-4.630227261156554,3.678470156786193,-0.5376338917391199,-0.5390843438307646,34.54545627940784,0.5376344086021447,3.4390170574188232,1
2022-11-09,3.740000009536743,3.759999990463257,3.7200000286102295,3.7300000190734863,3.4390170574188232,5046099,-82476404.11323881,514320205,-0.0054862847633705,117558.47474139722,0.0297259233947239,0.0044868982180018,4785.80602634613,3.716386905655837,72.23332229400994,1296.410545614759,3.6704999923706056,3.843644447324311,3.4973555374169,9.43437980185798,0.6718219238346081,0.0,0.0,3.738166666030884,3.817666697502136,3.6586666345596313,4.253423593638967,0.4486374608521354,0.0,0.0,3.5199999809265137,3.910000085830689,3.715000033378601,10.625258294913992,0.5384614914361897,0.0979148310248692,2.4502711059226456,0.02985448190319,0.0224197947471027,0.0074346871560872,3.7174999912579856,3.6542307596940256,3.71277979404947,3.68292531214628,1.0113637123061712,0.8598487523577706,0.1515149599484005,0.0837293585090276,24.06298854872528,-0.0505001068115236,25.532123554936494,7.15296612040963,18.379157434526864,3.759999990463257,3.7100000381469727,3.7350000143051143,3.702499985694885,99.99637764566891,13.148468439754769,27.18444776713349,23.812085926128447,60.60607946802258,3.6174999475479126,3.7399998903274536,80.0,12.0,68.0,3.670000076293945,3.905100083351136,0.0,0.0,53.35314193066558,0.4568595392872988,0.4080455687772458,0.4475275801961322,6.973391334342346,46.4467569126566,52.631575645172965,49.12280811827562,-47.36842435482703,0.1084559054935678,2.7548182225875784,0.810618716723091,0.6091476071662959,0.2014711095567951,-9.637861067460417,-3.799297336661655,-5.838563730798762,3.680525028422674,0.8108100271120522,0.8075406231589755,35.636364329944946,-0.810810810810807,3.4113574028015137,2
2022-11-10,3.670000076293945,3.7300000190734863,3.670000076293945,3.700000047683716,3.4113574028015137,3720604,-82476404.11323878,510599601,-0.0164236502583044,84818.97641367395,-0.0645055324986345,0.0029618500429295,10989.87640675651,3.729997323261877,75.63878946295951,1285.9836611431872,3.677499997615814,3.8433764590208415,3.5116235362107857,9.021153583280428,0.5678217086297807,0.0,0.0,3.7438333352406814,3.825333340962728,3.662333329518636,4.35382659558516,0.231084144297739,0.0,0.0,3.5299999713897705,3.910000085830689,3.7200000286102295,10.333109848736342,0.4473684870965388,0.0941233422003364,2.398413103656156,0.0266235718526943,0.023260550168221,0.0033630216844732,3.724166671435038,3.65769230402433,3.7108136792239694,3.684190107371275,1.0037594834098371,0.7932332525339597,0.2105262308758776,0.0901961330312391,23.759864662546708,-0.057500112056732,28.65539801939278,12.273350978330775,16.382047041062002,3.787500023841858,3.7100000381469727,3.7487500309944153,3.695000052452088,98.5058861006474,12.268637984648077,25.99058599622352,26.426085755922653,20.787350591332533,3.629999995231629,3.7399998903274536,76.0,8.0,68.0,3.670000076293945,3.9002980809211736,0.0,0.0,51.21210977367305,0.0975912449362792,0.2995380653335015,0.385671531826078,6.387098758542338,42.789124211892094,40.00001362391318,45.7894793262467,-59.99998637608681,0.0975441322607149,2.209949299826521,0.7226438125281948,0.6318468482386757,0.0907969642895191,-13.226142220240009,-5.684666313377326,-7.541475906862683,3.68083401785288,-0.8042887730928872,-0.8075406231589755,34.54545627940784,0.8042895442359281,3.44823694229126,3
2022-11-11,3.7699999809265137,3.7699999809265137,3.700000047683716,3.740000009536743,3.44823694229126,30465406,-78124203.25609593,541065007,-0.0036016852571237,246789.8480455763,0.0080418929161754,-0.0047992077917069,299431.02193462005,3.734658244119277,80.29970225201157,1285.9836611431872,3.68199999332428,3.8495231319530623,3.5144768546954976,9.09957300013652,0.6731104630894796,0.0,0.0,3.752500001589457,3.83299998442332,3.672000018755596,4.2904721012532745,0.4223602812530268,0.0,0.0,3.5299999713897705,3.910000085830689,3.7200000286102295,10.32048112791648,0.5526315129034599,0.0917110013045826,2.479238394115464,0.0269797096891259,0.024004382072402,0.0029753276167239,3.73416668176651,3.659615379113418,3.715303883887473,3.688324174198347,1.0198413419254844,0.8293653677019339,0.1904759742235504,0.0956881917552872,23.6017567619197,-0.0319998979568478,32.57061202248021,17.02070383169067,15.54990819078954,3.787500023841858,3.7100000381469727,3.7487500309944153,3.649999976158142,97.95161551426972,11.741613481553276,27.619615837162968,25.044199919317283,51.36877296398191,3.607499957084656,3.7399998903274536,72.0,4.0,68.0,3.670000076293945,3.8955921185398106,0.0,0.0,53.870191108016535,0.3113568134910553,0.2886025325715444,0.3320620555607639,6.60771766100265,44.385623248089566,51.428569482298045,48.02005291712808,-48.57143051770195,0.0889853063751671,3.31492065666538,0.7314896526141172,0.651775409113764,0.0797142435003532,8.67107681867111,-2.8135176869676384,11.48459450563875,3.682479518839066,1.0810800361494175,1.0752781438702286,36.00000034679065,-1.081081081081095,3.44823694229126,4
2022-11-14,3.759999990463257,3.799999952316284,3.7200000286102295,3.740000009536743,3.44823694229126,7024470,-81636438.25609593,548089477,-0.0224914495055899,211534.15546763685,0.0284718446417246,0.000213636642165,329355.42219786486,3.744478266957119,86.9881179179019,1285.9836611431872,3.691499996185303,3.84926881430063,3.533731178069975,8.547680795251875,0.653705953846937,0.0,0.0,3.752166668574015,3.8306666533152263,3.673666683832805,4.18424828506055,0.4225053413871212,0.0,0.0,3.5299999713897705,3.910000085830689,3.7200000286102295,10.293921572087235,0.5526315129034599,0.0905398935447298,2.544142766610374,0.0269512739804711,0.0245937604540158,0.0023575135264552,3.7416666746139526,3.663846144309411,3.7191032878335135,3.6921520138530433,1.0846774340854362,0.7862906241702229,0.2983868099152132,0.1000978662264912,23.54676181627245,-0.0414999008178704,33.71086635525702,21.077021562389024,12.633844792867992,3.787500023841858,3.7100000381469727,3.7487500309944153,3.625,98.06097762158842,11.5499283936389,28.217065398805342,23.529820921812423,61.38545498074908,3.597499966621399,3.7399998903274536,68.0,36.0,32.0,3.670000076293945,3.8909802754060743,0.0,0.0,53.87019110801654,0.3113568134910559,0.2401016239727968,0.2760807406259476,6.790481972062842,46.33186417100355,45.16129776540388,45.529960290538384,-54.83870223459611,0.0788970821044023,2.465751008706511,0.7299611142593619,0.6674125501428836,0.0625485641164783,5.15030602501645,-1.220752944570821,6.371058969587271,3.682834151777172,0.0,0.0,36.00000034679065,0.0,3.6510744094848633,0
2022-11-15,4.099999904632568,4.119999885559082,3.9600000381469727,3.9600000381469727,3.6510744094848633,17986582,-99623020.25609592,566076059,-0.1386634727383397,746607.6410580085,0.2490742971497212,0.0155256345903693,1058034.3701898495,3.781863031595569,88.26849377149779,1285.9836611431872,3.709500002861023,3.9001279131051834,3.518872092616863,10.277822353262396,1.157039241958601,1.0,0.0,3.771833340326945,3.857333318392436,3.686333362261455,4.533603176543288,1.600390328029656,1.0,0.0,3.5299999713897705,4.119999885559082,3.8249999284744254,15.905106179114782,0.7288137784945602,0.1194858917924907,2.4931130185364228,0.0441717180980907,0.0285093519828308,0.0156623661152598,3.7675000031789145,3.680769223433275,3.756164326343277,3.711992608245186,1.0548387444106224,0.6935486996955937,0.3612900447150287,0.1151560740833189,23.749652549854883,0.0404999971389772,38.86300256497199,25.00248781519983,13.860514749772154,3.892499923706055,3.8149999380111694,3.853749930858612,3.7299998998641968,98.90735496338448,13.546930694288262,41.44518294487888,17.971043578423696,268.996613828951,3.607500016689301,3.7399998903274536,100.0,32.0,68.0,3.6649999618530273,3.8909802754060743,1.0,0.0,65.76706565214002,1.0,0.5409045423273704,0.3565362329572372,10.850987782030948,48.16646797625576,68.62748031293607,55.07244918687935,-31.37251968706392,0.1293382560505582,8.493148895338152,1.1899732235450906,0.771924684823325,0.4180485387217656,10.567616116065604,1.136920867556464,9.43069524850914,3.693217078601111,5.882353691156261,5.715842092309131,44.00000138716265,-5.882352941176464,3.614194869995117,1
2022-11-16,3.910000085830689,3.990000009536743,3.849999904632568,3.920000076293945,3.614194869995117,8453347,-99623005.8601426,557622712,-0.1877400641705091,591644.6126882349,-0.1987380058581953,0.0011341385662706,972647.1090097632,3.796784214101749,82.42787162264304,1272.9939397053522,3.721000003814697,3.932177669971357,3.5098223376580373,11.350586720782829,0.9711674205444192,0.0,0.0,3.7775000095367433,3.868999981880188,3.686000037193298,4.844472381863265,1.2786891247481926,1.0,0.0,3.5299999713897705,4.119999885559082,3.8249999284744254,15.855950377975145,0.6610172231181995,0.1215373131036591,2.490894850477185,0.0539692574942969,0.033601333085124,0.0203679244091728,3.7816666762034097,3.6946153824145984,3.781369826335687,3.7274005688413903,0.9727272201832216,0.7848487125393763,0.1878785076438454,0.1342870273057469,24.017366357578528,0.1189999103546148,42.114353036489725,28.690771011313377,13.423582025176348,3.892499923706055,3.819999933242798,3.8562499284744254,3.7299998998641968,99.45367748169224,14.302350919284631,37.893344643140345,23.16447940956437,159.48798012540755,3.617500007152557,3.7399998903274536,96.0,28.000000000000004,68.0,3.674099960327149,3.8909802754060743,0.0,0.0,62.605617573424176,0.7827923282548055,0.698049713915287,0.4930186267384847,13.175292503420096,50.75137838577242,60.784350391170015,58.191042823170015,-39.21564960882999,0.15519118940129,4.5333353678385295,1.447906027204168,0.9071209532994936,0.5407850739046742,7.629991749332296,2.4355350439116306,5.194456705420666,3.6974090624075457,-1.0101000370632662,-1.015236163435107,42.54545731977981,1.0101010101010104,3.595755100250244,2
2022-11-17,3.920000076293945,3.9800000190734863,3.869999885559082,3.900000095367432,3.595755100250244,7731119,-103137126.4867188,549891593,-0.1659928178412872,485035.06336982985,0.0071141078419635,0.0003304155215167,-124831.707489073,3.807272390211263,77.54638168618268,1266.4990789864353,3.737000012397766,3.9514854609060257,3.5225145638895063,11.479017810901194,0.8799793508215291,0.0,0.0,3.796333336830139,3.890333318710327,3.702333354949951,4.952145849166991,1.0514190346835717,1.0,0.0,3.5299999713897705,4.119999885559082,3.8249999284744254,15.788062943857224,0.627118945430021,0.1203835951447337,2.506910486935464,0.059434918001525,0.0387680500684042,0.0206668679331207,3.786666691303253,3.7065384663068337,3.799620636955956,3.7401857189544314,0.9910713639490308,0.8125002040040431,0.1785711599449877,0.1539472437013468,24.28810445021836,0.1129998922348018,47.20536615306492,32.32766824900537,14.877697904059552,3.892499923706055,3.819999933242798,3.8562499284744254,3.7299998998641968,99.72683874084612,15.003812556781256,35.33129128626313,21.598277407854,137.62378568599442,3.6049999594688416,3.7399998903274536,92.0,24.0,68.0,3.6830179588317873,3.8909802754060743,0.0,0.0,61.02601693232357,0.6742656755950389,0.8190193346166148,0.6859911969530907,14.581210987424328,49.01309612367647,51.64838965252723,60.35340678554445,-48.35161034747277,0.1876911717302656,1.5625047536257473,1.5890900203249811,1.0435147667045914,0.5455752536203897,4.644767402353703,2.877381515600045,1.767385886753658,3.714484915478991,-0.5102035851341391,-0.5115095676323955,41.81818528608845,0.5102040816326507,3.6049749851226807,3
2022-11-18,3.900000095367432,3.940000057220459,3.890000104904175,3.910000085830689,3.6049749851226807,6753452,-104487816.88671868,556645045,-0.1457355396483249,425392.1194018632,-0.007403518761477,-0.0040509465402363,-22127.919657030336,3.820157582685872,70.27379446156831,1269.746509345894,3.755500018596649,3.9625241906224975,3.548475846570801,11.02511894558365,0.8731449949109068,0.0,0.0,3.813666677474976,3.900666666030884,3.7266666889190674,4.562537626571543,1.0536403507329606,1.0,0.0,3.559999942779541,4.119999885559082,3.839999914169312,14.9114615898418,0.6250003193106304,0.1133452308618887,2.5295203478231025,0.0638375296837265,0.0437819459914687,0.0200555836922578,3.7916667064030967,3.720000010270339,3.816602090628991,3.752764560945264,0.977706947366887,0.9140128800726984,0.0636940672941884,0.173304743429108,24.464997419707228,-0.0354999899864196,52.90794720554874,36.09070685899656,16.81724034655219,3.892499923706055,3.8249999284744254,3.858749926090241,3.7299998998641968,99.86341937042306,15.655169791599551,34.19939984438081,20.90634387054637,115.75752686345146,3.612499952316284,3.7399998903274536,88.0,20.0,68.0,3.691757597366333,3.8909802754060743,0.0,0.0,61.54841662537715,0.7101572095450964,0.722405071131647,0.746491373221183,15.876091903691346,48.07267125491813,53.8461901228669,55.426310055521405,-46.1538098771331,0.2126617698108446,1.558446303490162,1.7010800610323094,1.175027825570135,0.5260522354621744,1.3961432966611886,2.5811338718122743,-1.1849905751510856,3.728239142556193,0.2564100056083429,0.2560818360068939,42.18182130293415,-0.2564102564102626,3.6602942943573,4
2022-11-21,3.940000057220459,3.9800000190734863,3.880000114440918,3.9700000286102295,3.6602942943573,5661939,-99958265.68671869,562306984,-0.1037243841196571,413152.6760617754,0.0264926404007251,-0.0043432775619388,104200.4163102544,3.825962358706053,68.56277276665378,1289.2310915026458,3.772500014305115,3.991029220721975,3.553970807888255,11.585378692549185,0.9518847103859644,0.0,0.0,3.8335000197092697,3.9219999949137376,3.745000044504801,4.61718923957016,1.271186707033498,1.0,0.0,3.559999942779541,4.119999885559082,3.839999914169312,14.844266153904616,0.7321430852218783,0.1120106982389567,2.5295203478231025,0.0713456963267398,0.0492946960585229,0.0220510002682168,3.8125000397364297,3.732307700010447,3.8402017733953353,3.768856077068596,0.9458598377902944,0.9203823019880168,0.0254775358022774,0.194432510180842,24.70317778465417,-0.0125000238418579,58.13302702988481,39.96585510466963,18.16717192521518,3.8949999809265137,3.8249999284744254,3.85999995470047,3.7299998998641968,99.93170968521152,16.518513719847167,34.57381590458847,19.556885073981345,116.86613688193606,3.619999945163727,3.7399998903274536,100.0,16.0,84.0,3.700322443130189,3.8909802754060743,0.0,0.0,64.6132361296743,0.9207260034245296,0.7683829628548883,0.7699357895343834,17.905524435336147,50.6447340521545,67.03299294490486,57.50919090676635,-32.96700705509514,0.2390882506090053,6.720430055840579,1.8930331874660569,1.3186288979493197,0.5744042895167374,-2.2181800860856997,1.6212710802326795,-3.839451166318379,3.7640386236239904,1.5345253570958173,1.5228705956848998,44.36363740400835,-1.5345268542199477,3.669514179229736,0
2022-11-22,4.010000228881836,4.059999942779541,3.9800000190734863,3.9800000190734863,3.669514179229736,9801591,-109759856.68671869,572108575,-0.1658685772251996,368133.1246993424,0.0734573220520667,-0.0024275476621185,111573.01203068651,3.836647950794302,68.31685932650718,1289.2310915026458,3.790500020980835,4.015041789117951,3.565958252843719,11.847606748146807,0.9219704860810882,0.0,0.0,3.864000018437704,3.952999981244405,3.7750000556310015,4.606623311698975,1.151685669171132,1.0,0.0,3.5999999046325684,4.119999885559082,3.859999895095825,13.718506214173765,0.7307694776523839,0.1098096198319921,2.5295203478231025,0.0772128267384006,0.0548783221944985,0.0223345045439021,3.830833375453949,3.7488461641164927,3.861709195807359,3.784496369068958,0.9588607088760251,0.9018990197371428,0.0569616891388824,0.2159224576628146,24.84447677317665,-0.0704999923706055,63.29698152581036,44.16195043476673,19.13503109104363,3.8949999809265137,3.8249999284744254,3.85999995470047,3.7299998998641968,99.96585484260576,17.801029505021994,37.7717899189544,18.40541078089495,136.86999326450731,3.619999945163727,3.7399998903274536,100.0,12.0,88.0,3.7087159919787664,3.8909802754060743,0.0,0.0,65.11234567797804,0.9550173851690894,0.8619668660462385,0.7842516333442578,19.715101152756525,47.74735290082036,69.23079341524453,63.369992161005456,-30.769206584755462,0.2250882534419789,5.851064605538045,2.0402404761031963,1.462951213580095,0.5772892625231012,-1.5494094230204194,0.98713497958206,-2.5365444026024795,3.80416377132778,0.2518889267302482,0.2515722182973468,44.72727342085405,-0.25188916876572875,3.8170320987701416,1
2022-11-23,4.03000020980835,4.139999866485596,4.019999980926514,4.139999866485596,3.8170320987701416,10876913,-98882943.68671869,582985488,-0.0937005087574655,564157.5955015491,0.0661951260168799,0.0144594311315163,461951.5374414011,3.8642393016560135,74.57365909860246,1289.2310915026458,3.816500020027161,4.074048025265621,3.5589520147887006,13.49655463838448,1.128037957737065,1.0,0.0,3.900333340962728,3.9973332961400354,3.803333385785421,4.973931543674921,1.735395032321294,1.0,0.0,3.609999895095825,4.139999866485596,3.8749998807907104,13.887068481818028,1.0,0.1148286425900038,2.363064904723363,0.0936931836722814,0.0626412944900551,0.0310518891822263,3.865833361943563,3.769615393418533,3.904523145142472,3.81082996147019,1.0253164404154038,0.7879748869699377,0.2373415534454661,0.2447124719104376,24.976781579604005,-0.116499972343445,72.11307085179459,48.99058074947804,23.122490102316554,3.919999957084656,3.834999918937683,3.8774999380111694,3.7399998903274536,99.98292742130288,19.41870461623597,39.01056403527875,16.540857724922255,166.71609888143766,3.6049999594688416,3.7399998903274536,100.0,8.0,92.0,3.7169416698503728,3.8909802754060743,0.0,0.0,71.93337464366482,1.0,0.9585811295312064,0.862976986144111,23.68333002385224,55.93142393598521,100.0,78.75459545338315,-0.0,0.2445882481687209,11.290318135623126,2.458603102725037,1.6620815914090834,0.7965215113159532,-0.1039469880306377,0.7689185860595206,-0.8728655740901583,3.8824975961809023,4.0200966493803225,3.9413931498686994,50.5454496903853,-4.020094005233446,3.734053373336792,2
2022-11-24,4.139999866485596,4.150000095367432,4.050000190734863,4.050000190734863,3.734053373336792,5537941,-104420884.68671869,577447547,-0.1423078242545494,412361.8112403725,0.0361148670081484,0.0173997745467404,316872.8231848504,3.879207778567714,70.12204601240867,1261.204428714007,3.836500024795532,4.101247064818904,3.5717529847721607,13.801487726432708,0.9032153974610696,0.0,0.0,3.9386666854222616,4.039666636784872,3.8376667340596513,5.128636639217515,1.0511562323079358,1.0,0.0,3.609999895095825,4.150000095367432,3.879999995231629,14.075334205175352,0.8148150601013279,0.1133457687942603,2.351872651060637,0.0983579543307078,0.0697846264581856,0.0285733278725221,3.8950000405311584,3.783461552399856,3.926904229079762,3.828546274749055,1.05769242525575,0.7884615149488501,0.2692309103068999,0.2717831660619429,25.0087068427484,-0.1065000057220459,79.51428850056317,54.20654480259837,25.3077436979648,3.935000061988831,3.840000033378601,3.887500047683716,3.745000004768372,99.99146371065144,20.972410818298695,37.15873991991769,15.485000592233792,135.7636006767558,3.597499966621399,3.7399998903274536,96.0,4.0,92.0,3.7338639977157815,3.8909802754060743,0.0,0.0,64.31603303480208,0.6323901240269331,0.8624691697320075,0.8943390551031508,24.60054359947506,50.09843290188395,79.38146863837957,82.87075401787472,-20.61853136162042,0.2667941668454334,9.459463203797943,2.569067924800119,1.8434788580872907,0.7255890667128284,-3.551984395801508,-0.0952620103126852,-3.4567223854888227,3.907811879684466,-2.173905281478483,-2.1978827373891896,47.27273420854048,2.173906933087764,3.7617127895355225,3
2022-11-25,4.079999923706055,4.099999904632568,4.045000076293945,4.079999923706055,3.7617127895355225,5310051,-102972697.32981797,582757598,-0.1341122499945564,376210.1399293776,-0.0284837880393225,0.0117265980008193,-81056.23273325725,3.891836565239936,66.14153524246177,1270.5466001465074,3.858000016212464,4.128451475990321,3.5875485564346064,14.020293345844474,0.9104246796743798,0.0,0.0,3.9725000143051146,4.071999955177307,3.873000073432922,5.009436904412311,1.0402008707674697,1.0,0.0,3.6649999618530273,4.150000095367432,3.9075000286102295,12.571283864082153,0.8556697888840932,0.1075111747486966,2.206113267633236,0.1032849419003314,0.0764846895466148,0.0268002523537166,3.9241666992505393,3.8026923216306248,3.950457412868423,3.847172470968092,1.0261439344569865,0.8235294942625243,0.2026144401944619,0.2974921585921153,25.037805796928996,-0.1579999685287476,85.10759344955798,59.9172922575207,25.19030119203728,4.0,3.840000033378601,3.920000016689301,3.745000004768372,99.99573185532572,22.34972633868676,35.804993975644,15.25206332460505,117.07986422270388,3.597499966621399,3.7399998903274536,92.0,8.0,84.0,3.7588321635748807,3.8909802754060743,0.0,0.0,65.62281878070026,0.6954550843031104,0.7759484027766813,0.8656662340132985,25.750566809068324,51.55310775803508,85.56697888840932,88.31614917559632,-14.43302111159068,0.2832206179113945,9.383375411335964,2.684697467549229,2.0117225799796783,0.6729748875695503,-6.615669500519554,-1.399343508354059,-5.216325992165495,3.9332561478419783,0.7407341125519329,0.7380041503099122,48.363633589311085,-0.740734355760253,3.7617127895355225,4
2022-11-28,4.099999904632568,4.110000133514404,4.054999828338623,4.079999923706055,3.7617127895355225,8826156,-103775089.06077926,591583754,-0.1246183615814569,322465.8342251808,0.006231506980321,0.0165563345174871,39333.359150904944,3.914009904591248,71.63715243162943,1270.5466001465074,3.874500012397766,4.156597484354833,3.592402540440699,14.561748409054138,0.8642356485554822,0.0,0.0,4.005333344141642,4.102333323160808,3.908333365122477,4.843540883359512,0.8848793593535689,0.0,0.0,3.6649999618530273,4.150000095367432,3.9075000286102295,12.51774763098421,0.8556697888840932,0.102260087791405,1.9831053990334644,0.1059680809716852,0.0823813678316288,0.0235867131400563,3.955833355585734,3.823461550932664,3.9703870299203663,3.864418948948681,1.066225123736914,0.7748344214013428,0.2913907023355712,0.32049828850427,25.04660437007977,-0.134500002861023,89.35442650134205,65.52745047267292,23.82697602866912,4.0,3.8550000190734863,3.927500009536743,3.745000004768372,99.99786592766286,23.687465598773308,35.13967851043795,14.676252514088972,106.8685266768252,3.597499966621399,3.7399998903274536,88.0,4.0,84.0,3.782302239482434,3.8909802754060743,0.0,0.0,65.62281878070026,0.6954550843031104,0.674433430877718,0.7709503344621357,26.66279983082982,53.55467421921082,85.41663148337081,83.45502633671992,-14.583368516629186,0.2977647178313316,10.270266787164704,2.742147846069172,2.157807633197577,0.5843402128715951,-5.72752420384048,-2.2649796474513435,-3.462544556389137,3.95494051045117,0.0,0.0,48.363633589311085,0.0,3.7432730197906494,0
2022-11-29,4.090000152587891,4.099999904632568,4.010000228881836,4.059999942779541,3.7432730197906494,9564397,-102712400.80485985,582019357,-0.1790747416761471,249072.4639682115,-0.0258770454468902,0.0125846938859433,-46884.25518396799,3.9304157757941063,65.51401668463456,1270.5466001465074,3.8855000138282776,4.178312201138604,3.592687826517952,15.072046648731115,0.7979724487463464,0.0,0.0,4.009666681289673,4.0996666431427,3.9196667194366457,4.489149298768121,0.7796293490216363,0.0,0.0,3.6649999618530273,4.150000095367432,3.9075000286102295,12.482309401320704,0.8144327261608524,0.1010340465873378,1.8722978993711528,0.1052672019255118,0.0869585346504054,0.0183086672751063,3.982500016689301,3.840000005868765,3.984173631898701,3.878906429973189,1.0129871617725037,0.811688399150053,0.2012987626224507,0.3389371585568267,25.03110999477025,-0.1455000042915344,88.96344522339874,70.73290516010725,18.230540063291485,4.009999990463257,3.8550000190734863,3.932500004768372,3.745000004768372,99.99893296383144,24.298883510126903,32.94769737722616,16.87969917742899,84.3233235195132,3.599999964237213,3.7399998903274536,84.0,4.0,80.0,3.8043641108355337,3.8909802754060743,0.0,0.0,63.81588751473301,0.6082533001792072,0.666387822928476,0.7055898855276251,26.90015033932207,54.61251242771186,81.24996895591542,84.07785977589855,-18.75003104408457,0.2903529665049387,8.556147925850802,2.7138371039860187,2.2690135273552654,0.4448235766307533,-4.281183976495228,-2.6682205132601204,-1.6129634632351078,3.959200601320572,-0.4901956201103785,-0.4914010196641616,47.63636155561968,0.490196109500161,3.6879537105560303,1
2022-11-30,4.079999923706055,4.079999923706055,3.984999895095825,4.0,3.6879537105560303,17206650,-114485335.4928704,564812707,-0.2068522423152972,66005.25262595425,-0.0124226133069457,0.0163049023996353,-301169.48424256576,3.946470051965218,59.427857095940986,1270.5466001465074,3.893000018596649,4.189452332750947,3.596547704442352,15.23001863540514,0.6804674416332255,0.0,0.0,4.0198333422342944,4.105333296457927,3.9343333880106615,4.253905420671503,0.3840154803918481,0.0,0.0,3.6649999618530273,4.150000095367432,3.9075000286102295,12.458261782624842,0.6907215379911299,0.1004306447896269,1.7994618158337212,0.0987321337111901,0.0893132544625624,0.0094188792486277,4.004166682561238,3.854615394885724,3.9866084577604393,3.887876324049249,1.028571337745265,0.8095239104417694,0.2190474273034955,0.3496616181138107,25.06531082277452,0.0670000195503233,88.56279006473483,75.32817448362613,13.2346155811087,4.015000104904175,3.875,3.945000052452088,3.745000004768372,99.99946648191572,24.525630796833163,30.766079609010323,17.50452862291115,60.845873759770456,3.599999964237213,3.7399998903274536,80.0,4.0,76.0,3.825102269907448,3.8909802754060743,0.0,0.0,58.60262318126387,0.2619932452055158,0.5219005432292779,0.6209072656784906,25.57750027881252,47.53060856507545,66.66664900603305,77.77774981510645,-33.33335099396695,0.2668088471188259,6.951871385034083,2.539487511484418,2.323108324181096,0.216379187303322,3.421300114566833,-1.4503163876947298,4.8716165022615625,3.960369158293828,-1.4778311237724773,-1.488859840004153,45.45454545454546,1.4778326064421776,3.6879537105560303,2
2022-12-01,4.0,4.03000020980835,3.954999923706055,4.0,3.6879537105560303,12991883,-111886991.93281144,577804590,-0.1759128651465915,56575.9308222465,-0.0230913382019148,0.0140811001769146,-254285.22905859776,3.998982017683157,45.02324198482172,1270.5466001465074,3.907000017166138,4.195797480147825,3.6182025541844505,14.783591590110138,0.661012465057145,0.0,0.0,4.027666680018107,4.109666649500529,3.9456667105356855,4.0718349355589165,0.3313006688128216,0.0,0.0,3.6649999618530273,4.150000095367432,3.9075000286102295,12.413619948386618,0.6907215379911299,0.0978876089208937,1.863275043692097,0.0924869135009816,0.0899479862702462,0.0025389272307353,4.007500012715657,3.869230783902682,3.988668695028064,3.8961817815270825,0.9905062608278652,0.8670885569772985,0.1234177038505667,0.3540570819508874,25.152652318594097,0.0130000591278069,90.3982223824536,79.49376061439335,10.904461768060258,4.015000104904175,3.879999995231629,3.9475000500679016,3.745000004768372,99.99973324095784,24.33035344674648,29.126381146451468,18.70342941085155,43.54671330072357,3.602499961853028,3.7399998903274536,76.0,4.0,72.0,3.844596139435047,3.8909802754060743,0.0,0.0,58.60262318126387,0.2619932452055156,0.3774132635300796,0.5219005432292778,24.500989996879053,51.31022255355425,65.11626230697108,71.01096008963988,-34.88373769302892,0.2349411824170282,1.0101000370632516,2.3737833265246664,2.3332433246498105,0.0405400018748558,5.5600748685990125,-0.0482381364359811,5.608313005034994,3.961976162854556,0.0,0.0,45.45454545454546,0.0,3.6602942943573,3
2022-12-02,3.9800000190734863,4.0,3.930000066757202,3.9700000286102295,3.6602942943573,10491933,-110388144.36138289,567312657,-0.1793578674674897,3528.2707300128604,-0.0183474341732529,0.0107368659758448,-78689.42245584726,4.009088160348001,38.981219393597016,1261.0175097330662,3.9175000190734863,4.199342125904073,3.635657912242901,14.3888758370571,0.5931372713025815,0.0,0.0,4.033000008265177,4.11699997584025,3.949000040690105,4.1656319069141805,0.1249999763473528,0.0,0.0,3.6649999618530273,4.150000095367432,3.9075000286102295,12.380347955406265,0.6288659439062686,0.0950988413530841,2.0231405969432847,0.0841467926727053,0.088787747550738,-0.0046409548780327,4.011666675408681,3.881538473642789,3.9857965925022434,3.901649799829538,0.9617834685080886,0.9044586712702216,0.0573247972378671,0.3517698983788518,25.185023637459704,-0.0174999237060542,89.98974893901972,83.033396382075,6.956352556944722,4.040000081062317,3.879999995231629,3.9600000381469727,3.745000004768372,49.999866620478926,23.814437346801597,27.645449949734235,19.56833794358836,24.34458250711173,3.5899999737739563,3.7399998903274536,72.0,28.000000000000004,44.0,3.86292037679099,3.8909802754060743,0.0,0.0,55.95207035324108,0.0,0.1746621634703438,0.3579919900765671,22.843072589968745,44.029477920998566,40.000015894561926,57.260975735855375,-59.99998410543808,0.2012353062629701,1.2755089628354217,2.1566977301853605,2.2979342057569205,-0.14123647557156,5.192856426883695,0.999980776227954,4.192875650655741,3.962140375059356,-0.7499992847442627,-0.7528259214184541,44.36363740400835,0.7499935836927989,3.6988234519958496,4
2022-12-05,3.809999942779541,3.859999895095825,3.799999952316284,3.839999914169312,3.6988234519958496,9737498,-107142311.69471608,557575159,-0.1382483363233422,-177815.17571258976,-0.0831835740103314,-0.012995839107016,-397549.83687537775,3.995223560897816,27.606646591663264,1219.7247088776749,3.9235000133514406,4.193112656717429,3.653887369985452,13.74347610289347,0.3451480276672702,0.0,0.0,4.021999994913736,4.101999966303508,3.942000023523967,3.9781189204842935,-0.6375009114546872,0.0,1.0,3.6649999618530273,4.150000095367432,3.9075000286102295,12.361415365463928,0.3608245446206402,0.1025889648471702,2.8006801959526237,0.0662831926646929,0.084286836573529,-0.0180036439088361,4.006666660308838,3.8888461589813232,3.963366334297177,3.897083141632484,0.867647174836039,1.0735293473133116,-0.2058821724772725,0.337723094988514,25.11999155066218,-0.0134999275207516,86.86039074528752,85.65155296201691,1.20883778327061,3.975000023841858,3.9075000286102295,3.941250026226044,3.745000004768372,24.999933310239463,22.37380129624663,24.400663213631987,26.247041831990884,-55.30746390646673,3.5899999737739563,3.7399998903274536,68.0,24.0,44.0,3.86292037679099,4.150000095367432,0.0,1.0,46.20051663234986,0.0,0.0873310817351719,0.2131355029118651,18.201274243181583,43.57641420764829,11.428555858384998,38.84827801997269,-88.571444141615,0.1433088260538437,-1.5384661469467809,1.7008411228539249,2.178515589176321,-0.4776744663223966,4.2643655937310605,1.6528577397285755,2.611507854002485,3.9566398180798346,-3.2745620529989417,-3.3293757657812506,39.6363605152477,-1.0526245853494913,3.718088150024414,0
2022-12-06,3.859999895095825,3.869999885559082,3.809999942779541,3.859999895095825,3.718088150024414,8815425,-101265361.69471608,566390584,-0.1055031805073536,-127226.10320234728,0.0068062385601529,0.0016858926371516,-272946.7853049716,3.990013461265032,34.13780628139881,1226.077435819969,3.9315000057220457,4.182997488858711,3.68000252258538,12.793970890023004,0.3578512402301724,0.0,0.0,4.005999986330668,4.083999959627787,3.928000013033549,3.894157442000584,-0.435898341135943,0.0,1.0,3.670000076293945,4.150000095367432,3.910000085830689,12.20908097100032,0.3958329401082625,0.0983300626404073,3.322381349871749,0.0531275707076561,0.0780549834003544,-0.0249274126926983,4.0024999777476,3.8930769241773167,3.947463805189277,3.894336234481621,0.953125221189158,0.9687500232830693,-0.0156248020939112,0.3168715494841936,25.012687158605434,0.0385000228881837,82.7758593503392,86.83630723963297,-4.060447889293769,3.975000023841858,3.9075000286102295,3.941250026226044,3.745000004768372,12.499966655119731,20.928957539991707,24.07037126955707,25.12612247027932,-55.64310189467107,3.622499942779541,3.7399998903274536,64.0,20.0,44.0,3.86292037679099,4.1430000925064085,0.0,0.0,47.71040035588199,0.0586753217566512,0.0195584405855504,0.0938505619303554,14.843072165580438,45.21078559733927,17.142833787577306,22.857135180174765,-82.8571662124227,0.0947205620653486,-1.2787772285749468,1.364226597519976,2.0156577908450526,-0.6514311933250765,2.761952125767582,1.874676616936377,0.887275508831205,3.952838595867751,0.5208328482694702,0.519481205159833,40.36363254893909,-0.5208331319022363,3.718088150024414,1
2022-12-07,3.869999885559082,3.880000114440918,3.829999923706055,3.859999895095825,3.718088150024414,5873082,-100090778.9006327,572263666,-0.0868428568918784,-109050.94560201195,0.0127702645093615,0.00208990382768,45913.62911455892,3.9883178485618753,39.106288341738285,1226.077435819969,3.937999999523163,4.174609358142931,3.701390640903396,12.016727204084184,0.3351711342223691,0.0,0.0,3.981666660308838,4.052666664123535,3.910666656494141,3.566345948668131,-0.3568081596907468,0.0,1.0,3.670000076293945,4.150000095367432,3.910000085830689,12.188928875866129,0.3958329401082625,0.0934970754498528,3.760522265259806,0.0422150170865291,0.0708869901375894,-0.0286719730510602,3.993333299954733,3.893846154212952,3.934007819021054,3.8917928019345247,0.950819906000528,0.9508195151503308,3.9085019731821546e-07,0.2918082200092123,24.87991531343957,0.0420000195503234,75.40192120546725,86.37937754017788,-10.977456334710638,3.955000042915344,3.9075000286102295,3.931250035762787,3.75,6.249983327559866,19.47537770136187,23.920140502283196,24.198671336093348,-56.6566011906984,3.644999921321869,3.7399998903274536,60.0,16.0,44.0,3.86292037679099,4.136140089702606,0.0,0.0,47.71040035588199,0.0586753217566512,0.0391168811711008,0.048668801163941,12.12237093572583,46.5734869221339,17.142833787577306,15.238074477846558,-82.8571662124227,0.0527499949230865,-2.770784199538453,1.0847190288636397,1.82947003844877,-0.7447510095851306,-0.8922677827873697,1.3212877369916276,-2.213555519778997,3.9288607728714458,0.0,0.0,40.36363254893909,0.0,3.7373530864715576,2
2022-12-08,3.849999904632568,3.910000085830689,3.799999952316284,3.880000114440918,3.7373530864715576,6260650,-97245021.4990453,578524316,-0.0719120733722108,-75584.47148131666,0.0,0.002618726596357,32438.957680268693,3.9861432370142102,44.05892212714023,1226.077435819969,3.947000002861023,4.15914144215313,3.734858563568916,10.74950286994346,0.3420867496617435,0.0,0.0,3.959666649500529,4.031666676203409,3.887666622797648,3.636671117855968,-0.0532396216210273,0.0,1.0,3.700000047683716,4.150000095367432,3.9250000715255737,11.401065299151982,0.4000001059638017,0.095147381256308,4.104247976222885,0.0347796718657495,0.0636655264832214,-0.0288858546174718,3.984999974568685,3.89500000843635,3.9256989413933407,3.890919269527591,0.9140625800355356,0.8984374083229316,0.0156251717126039,0.2655065994422247,24.849308499605023,0.1929998636245726,70.49400123649217,84.75564507205947,-14.261643835567298,3.955000042915344,3.9075000286102295,3.931250035762787,3.78000009059906,3.124991663779933,18.125624994062736,21.99649401475604,22.25262552946204,-62.99690459776177,3.690000057220459,3.7399998903274536,56.00000000000001,12.0,44.00000000000001,3.86292037679099,4.12941728695488,0.0,0.0,49.35873169649517,0.1227308316377689,0.0800271583836905,0.0462341600467806,10.268580989459844,49.18376861647118,22.85717983633593,19.0476158038302,-77.14282016366407,0.0164264538708853,-2.512560405862701,0.8938677329579318,1.6423495773506025,-0.7484818443926707,-3.5774391194037665,0.3415423657125487,-3.918981485116315,3.92124778716051,0.5181404116229027,0.5168026830771666,41.09091325239702,-0.5181409280739331,3.756617784500122,3
2022-12-09,3.900000095367432,3.924999952316284,3.859999895095825,3.900000095367432,3.756617784500122,6052463,-95848268.5294234,584576779,-0.0979459881994167,-47493.95490420966,0.04027279385068,0.0036030232713537,63637.18989369088,3.983714790964026,44.19647553992092,1232.3974163889288,3.955000007152557,4.146363506294633,3.763636508010481,9.677041658457542,0.3562946642601605,0.0,0.0,3.941666650772095,4.01466670036316,3.8686666011810313,3.704019444504029,0.2146128280866056,0.0,0.0,3.7200000286102295,4.150000095367432,3.935000061988831,10.872315195437512,0.4186047414240029,0.0921326488527231,4.386946901127262,0.0301533494804644,0.05696309108267,-0.0268097416022056,3.9649999936421714,3.901923087927012,3.92174527277397,3.8915919232935057,0.9678715197832825,0.9156626436806922,0.0522088761025901,0.2400364712634723,24.727006278191297,0.095000183582306,64.9091856996373,82.03950720520338,-17.130321505566073,3.9499999284744254,3.9075000286102295,3.928749978542328,3.8000000715255737,1.5624958318899664,16.976348135001412,22.049083244146825,21.16926614285816,-49.91626116739399,3.7075000405311584,3.7399998903274536,52.0,8.0,44.0,3.86292037679099,4.1228289402621074,0.0,0.0,51.02143501056518,0.1873448482129547,0.1229170005357916,0.0806870133635277,9.133755285419534,52.03176831706496,28.571457765528493,22.857157129813928,-71.42854223447151,-0.0052059194620919,-5.797096107684105,0.7748332835202635,1.4688463185845346,-0.6940130350642711,-5.954603659203244,-0.9176868392706096,-5.0369168199326335,3.9173953544526574,0.515463410737449,0.5141394458524573,41.81818528608845,-0.515463687343285,3.7373530864715576,4
2022-12-12,3.920000076293945,3.930000066757202,3.880000114440918,3.880000114440918,3.7373530864715576,4249852,-100098120.5294234,580326927,-0.1036108391246709,-52851.52690939512,0.0147065768077538,-0.0005934585318114,9404.140710329537,3.978830299974302,41.58117255722328,1226.077435819969,3.962000012397766,4.130237896052307,3.7937621287432246,8.492573605658587,0.2562977607194999,0.0,0.0,3.923166664441427,3.9956666787465407,3.850666650136312,3.695994613852921,0.2022997139087219,0.0,0.0,3.799999952316284,4.150000095367432,3.975000023841858,8.833925844420444,0.2285717983633593,0.0879193791990792,4.697073541756515,0.0245896699368248,0.050488406853501,-0.0258987369166761,3.950833320617676,3.906538477310768,3.915322940722732,3.8907332707859066,0.9087139901431244,0.9834023098305408,-0.0746883196874165,0.2147432809995458,24.58643897414382,0.1179999113082885,57.11936611286696,78.50127619292206,-21.3819100800551,3.9399999380111694,3.9075000286102295,3.9237499833107,3.8000000715255737,0.7812479159449832,15.973858796675048,21.58198743083792,20.348600284056904,-59.47920043061185,3.7075000405311584,3.7399998903274536,48.0,4.0,44.0,3.86292037679099,4.116372360503191,0.0,0.0,49.27899934381088,0.1196323669181005,0.1432360155896081,0.1153933915030301,7.696007576573318,49.11189819024919,22.85717983633593,24.761939146066805,-77.14282016366407,0.0011176410843347,-4.197532550315737,0.6320060570962218,1.301478266286872,-0.6694722091906502,-9.644251692228073,-2.6629998098621024,-6.981251882365971,3.910127319011081,-0.5128200112166859,-0.5141394458524573,41.09091325239702,0.512820284992813,3.718088150024414,0
2022-12-13,3.910000085830689,3.920000076293945,3.859999895095825,3.859999895095825,3.718088150024414,10422050,-110520170.5294234,569904877,-0.0638685557025262,-75078.92106884213,-0.0086356236272259,-0.0059385120778189,-75516.58631687422,3.9594799996616974,32.65889729095204,1226.077435819969,3.957000005245209,4.131022963549501,3.782977046940916,8.795701696922732,0.2213008240562974,0.0,0.0,3.905499990781149,3.975000055631002,3.835999925931295,3.5590866733533253,0.1726614875567331,0.0,0.0,3.799999952316284,4.150000095367432,3.975000023841858,8.845088263512867,0.171428337875773,0.0851274593989833,4.913177341711504,0.0183549784954837,0.0440617211818975,-0.0257067426864138,3.932499984900157,3.9119230875602136,3.906811702933977,3.888456724438493,0.882353106171953,1.0995471559373324,-0.2171940497653794,0.1892363592345811,24.47767038155707,0.1229999184608461,48.34176271828152,74.03227315442726,-25.690510436145736,3.915000081062317,3.9075000286102295,3.911250054836273,3.815000057220459,0.3906239579724916,14.904393115055589,20.55233784551454,20.968098270780068,-67.31016601836383,3.725000023841858,3.7399998903274536,44.0,8.0,36.0,3.86292037679099,4.110044912339453,0.0,0.0,47.530884969214526,0.0684969437043619,0.1251580529451391,0.1304370230235129,5.994891027178027,42.8252279417507,17.142833787577306,22.85715712981393,-82.8571662124227,0.0036176555296956,-5.392157664806846,0.4720376179095642,1.1355901366114105,-0.6635525187018463,-6.469876858810932,-3.4243752196518686,-3.0455016391590632,3.900384684077773,-0.5154695555459998,-0.5168026830771666,40.36363254893909,0.5154700666864613,3.756617784500122,1
2022-12-14,3.880000114440918,3.920000076293945,3.869999885559082,3.900000095367432,3.756617784500122,4665636,-109587025.53150226,574570513,-0.0597253431541148,-37692.45028837628,0.0053583416120508,-0.0081354067489688,-5373.691843208988,3.95135369541428,36.782364819036594,1238.7829654350362,3.956000006198883,4.131088523873065,3.780911488524701,8.851795621831428,0.3400811441682886,0.0,0.0,3.892999998728434,3.958000079790751,3.827999917666117,3.33933116278181,0.5538468300700031,0.0,0.0,3.799999952316284,4.150000095367432,3.975000023841858,8.847324127975535,0.2857145776552849,0.0826147315788969,5.019164198539927,0.0164519743566065,0.0385397718168393,-0.0220877974602328,3.9174999992052713,3.91961539708651,3.9057637633083546,3.889311788951748,0.8497652865934754,1.1032862115583906,-0.2535209249649152,0.1663570174017367,24.43770013398621,0.1039999365806578,40.21954767741542,68.45686485386744,-28.237317176452024,3.899999976158142,3.910000085830689,3.9050000309944153,3.830000042915344,0.1953119789862458,13.911317839266088,19.54798856381026,19.943431656438733,-51.13939033285008,3.7350000143051143,3.7399998903274536,40.0,4.0,36.0,3.86292037679099,4.10384401313899,0.0,0.0,51.25521543180393,0.2602522996936995,0.149460536772054,0.1392848684356004,5.476354164542797,50.08956612833333,32.25809180648128,24.08603514346486,-67.74190819351873,0.0041176480405473,-4.411760580993353,0.4230047692072704,0.9930730631305824,-0.5700682939233122,-9.562532420283706,-4.652006659778237,-4.910525760505469,3.9003576289571407,1.0362746465985009,1.030942128929624,41.81818528608845,-1.0362754437507107,3.775882482528688,2
2022-12-15,3.859999895095825,3.930000066757202,3.849999904632568,3.920000076293945,3.775882482528688,6093124,-105017177.99178036,580663637,-0.0113809609286307,-14898.905421054344,-0.0065647839950848,-0.0065697636029518,79595.56215081722,3.943358099841507,41.58888260492212,1238.7829654350362,3.957000005245209,4.131022963549501,3.782977046940916,8.795701696922732,0.3936923917631418,0.0,0.0,3.8834999958674112,3.949000064531962,3.81799992720286,3.373249323252328,0.7786262760537227,0.0,0.0,3.799999952316284,4.150000095367432,3.975000023841858,8.845088263512867,0.3428573569472067,0.0823532746334706,5.112773960972561,0.0163689698845974,0.0341056114303909,-0.0177366415457935,3.905833343664805,3.926923091594989,3.9079539653061377,3.89158499542154,0.8394497479765058,1.0458712505982333,-0.2064215026217274,0.1469069046023131,24.474218822751457,0.0429999947547914,33.15860059705816,62.14229281587172,-28.98369221881356,3.865000009536743,3.910000085830689,3.887500047683716,3.830000042915344,0.0976559894931229,13.289928446587092,18.26625971405464,20.27497748323828,-47.119485394217776,3.7350000143051143,3.702499985694885,36.0,4.0,32.0,3.86292037679099,4.097767131922536,0.0,0.0,53.04968094805912,0.3526443087639321,0.2271311840539979,0.167249924590397,5.50835472345008,52.20981466722206,38.7096947859424,29.370206793333683,-61.2903052140576,0.0040588175549225,-3.448272622135802,0.4206247558220005,0.8785834016688662,-0.4579586458468657,-10.57717891237366,-5.837041110297322,-4.740137802076339,3.901266051451412,0.5128200112166637,0.5115095676323955,42.54545731977981,-0.5128202849928556,3.718088150024414,3
2022-12-16,3.900000095367432,3.910000085830689,3.829999923706055,3.859999895095825,3.718088150024414,13895562,-108491099.55071896,566768075,-0.0232296829016485,-131875.66719657602,-0.0115144800664458,-0.0078373341062923,-181441.05245825383,3.925258036937698,32.83839700936103,1238.7829654350362,3.9544999957084657,4.132542113239815,3.776457878177117,9.00453244276471,0.2346130737969865,0.0,0.0,3.8734999895095834,3.940000081062317,3.806999897956848,3.4335919314745498,0.3984956704679737,0.0,0.0,3.799999952316284,4.150000095367432,3.975000023841858,8.850680071588759,0.171428337875773,0.0831179624289125,5.265335200496735,0.0113310576826362,0.02955070068084,-0.0182196429982038,3.894166668256124,3.933076931880071,3.900576416043013,3.889245358360376,0.8088893391169755,1.062222110136151,-0.2533327710191756,0.1272651726393924,24.540092355286493,0.0455000042915343,25.92819410183248,55.37204874437671,-29.44385464254423,3.865000009536743,3.9250000715255737,3.8950000405311584,3.830000042915344,0.0488279947465614,13.009453557815151,16.922000995991326,20.41827565280409,-71.49002775768865,3.7487500309944153,3.695000052452088,32.0,4.0,28.0,3.86292037679099,4.091811788330412,0.0,0.0,47.41081179486343,0.0687067658464099,0.2272011247680139,0.2012642818646886,3.957931456116927,49.411367609076784,19.999984105425533,30.322590232616424,-80.00001589457446,-0.0036764607709995,-3.50000262260437,0.291343349122441,0.7611353911595812,-0.4697920420371401,-3.446403556935026,-5.358913599624863,1.9125100426898365,3.8986086857460034,-1.530616837508969,-1.5424516965620194,40.36363254893909,1.5306178826193104,3.669926404953003,4
2022-12-19,3.849999904632568,3.865000009536743,3.799999952316284,3.809999942779541,3.669926404953003,5480048,-112284982.02774644,561288027,-0.0716033013850551,-152179.44883862924,-0.0444796048408585,-0.0091660883487186,-283672.8235912375,3.910481165115412,34.063884046415,1222.736568832624,3.946499991416931,4.135102743771422,3.75789723906244,9.55797556136703,0.1381281637374271,0.0,0.0,3.872666660944621,3.939666763941447,3.805666557947794,3.460153370416017,0.0323386430611315,0.0,0.0,3.799999952316284,4.150000095367432,3.975000023841858,8.868621406622257,0.0285713896459621,0.0813061719080672,5.391534664240714,0.0032662464258677,0.0242938098298455,-0.0210275634039778,3.878333330154419,3.9357692370047936,3.8866415740024784,3.8833753275766103,0.8181819955177366,1.0954542301906922,-0.2772722346729556,0.1055766936183374,24.56770239919579,0.0235000371932985,18.806367709095746,48.26432745090522,-29.457959741809475,3.865000009536743,3.935000061988831,3.900000035762787,3.830000042915344,0.0244139973732807,13.176778923443951,16.005849811385286,21.811585809119784,-94.75859700891428,3.7487500309944153,3.649999976158142,28.000000000000004,100.0,-72.0,3.86292037679099,4.085975551610129,0.0,0.0,43.28205913493469,0.0,0.1404503582034474,0.1982608890084864,1.3846466950190552,42.80812874291871,3.571425530374956,20.76036814058098,-96.42857446962503,-0.0189853072166443,-4.750001430511475,0.0841084404763414,0.6257300010229333,-0.5416215605465918,-6.0593545499855725,-5.4990017896970045,-0.5603527602885681,3.897078269849744,-1.295335587438995,-1.3037982179375571,38.54545246471057,1.2953362891919369,3.6602940559387207,0
2022-12-20,3.829999923706055,3.829999923706055,3.759999990463257,3.799999952316284,3.6602940559387207,6401792,-111370440.31346077,554886235,-0.0095440236029912,-139584.93599707563,-0.0410041308048337,-0.0112076253128534,-87787.59985541768,3.886773704453885,37.59479372704148,1222.736568832624,3.937499988079071,4.135780092668673,3.739219883489469,10.071370422344268,0.1532681984221701,0.0,0.0,3.867666665712992,3.935666767756144,3.79966656366984,3.516337260704248,0.0024513834275739,0.0,0.0,3.759999990463257,4.150000095367432,3.955000042915344,9.90476459898196,0.1025639771631742,0.0801755480415403,5.4806514955228245,-0.0038872801105593,0.0186575918417645,-0.0225448719523239,3.8641666571299234,3.938076927111699,3.873312093743064,3.8771993738536232,0.800000532282726,1.111627671782052,-0.3116271394993261,0.0827530933245061,24.421232623482453,-0.0975000739097589,12.835930144788607,41.31255066638537,-28.47662052159676,3.8450000286102295,3.955000042915344,3.900000035762787,3.830000042915344,0.0122069986866403,13.856087919075794,15.0602319595451,23.89894020111377,-105.54720561994628,3.7487500309944153,3.625,24.0,100.0,-76.0,3.86292037679099,4.080256039624252,0.0,0.0,42.48517790915181,0.0,0.0229022552821366,0.130184579417866,-0.9744400512573236,43.55294296415,14.81478865093164,12.795399428910727,-85.18521134906835,-0.0357794291832864,-4.282117759919939,-0.1002600004728605,0.4805320007237745,-0.5807920011966351,-7.227713489851562,-5.844744129727916,-1.3829693601236457,3.893059087804052,-0.262466945234685,-0.2628119936122441,38.18181644786487,0.26246708929318174,3.6988234519958496,1
2022-12-21,3.849999904632568,3.8550000190734863,3.815000057220459,3.839999914169312,3.6988234519958496,4865831,-110154011.56610116,559752066,-0.0692572674368513,-91839.50879988197,0.0328823939140234,-0.0072095015902864,34416.6375777432,3.870802771748388,45.38797315397784,1235.607467970345,3.922499990463257,4.101706611138153,3.743293369788361,9.137367551847,0.2698185592048774,0.0,0.0,3.865666667620341,3.932666746775309,3.798666588465372,3.46641782211464,0.3084572900901912,0.0,0.0,3.759999990463257,4.150000095367432,3.955000042915344,9.942641321921707,0.2051279543263496,0.0776579999131065,5.476005080926274,-0.0062567152820425,0.0136747304170031,-0.0199314456990456,3.8641666571299234,3.933461537727943,3.8681871430394095,3.874443858321452,0.8625596187114338,1.028435964334424,-0.16587634562299,0.0620105777113965,24.149468554532717,-0.0625000953674317,8.293207009632585,34.401351307845424,-26.10814429821284,3.8450000286102295,3.955000042915344,3.900000035762787,3.830000042915344,0.0061034993433201,14.003918705451952,16.50732305348091,22.761102065519356,-71.22389237133405,3.853749930858612,3.7299998998641968,20.0,96.0,-76.0,3.86292037679099,4.067445797657812,0.0,0.0,46.71151135637253,0.3138313805332052,0.1046104601777351,0.0893210245544397,-1.8517339707996017,48.24070200012287,33.33330021964329,17.239838133649982,-66.66669978035671,-0.0507941224995782,0.0,-0.1614867968367764,0.3521282412116643,-0.5136150380484408,-9.741619293768892,-6.624119162536111,-3.117500131232781,3.8924778996964458,1.0526305882884612,1.0471290063899683,39.6363605152477,-1.0526311675592268,3.718088150024414,2
2022-12-22,3.859999895095825,3.9049999713897705,3.849999904632568,3.859999895095825,3.718088150024414,4636665,-113104620.22053328,564388731,-0.0536560516503211,-65471.977319522906,0.0504133322054803,-0.0022980182775198,75368.49986463547,3.8605226694524175,53.014980321538,1242.042917539205,3.9129999756813048,4.084125672000163,3.7418742793624458,8.746521716451763,0.3451428344030688,0.0,0.0,3.866499988238016,3.928000060717265,3.804999915758768,3.1811753609896654,0.4471537765716896,0.0,0.0,3.759999990463257,4.110000133514404,3.935000061988831,8.944547539645917,0.2857138964596218,0.0763922056438417,5.380481424289726,-0.0064463686868498,0.0096505105962325,-0.0160968792830824,3.8641666571299234,3.931153838451092,3.866927566432704,3.8733739351195537,0.9095238808871172,0.942857032568398,-0.033333151681281,0.0444362450703023,23.90093382384861,-0.0530000805854795,3.22176705734081,27.54719368092359,-24.325426623582786,3.8450000286102295,3.955000042915344,3.900000035762787,3.8350000381469727,0.00305174967166,13.262597272605888,19.959051671477848,21.46069073566895,-38.44671630693422,3.8562499284744254,3.7299998998641968,16.0,92.0,-76.0,3.86292037679099,4.05514796537003,0.0,0.0,48.73975149485572,0.5920367065700443,0.3019560290344165,0.1431562481647627,-2.028676026635282,49.876735645186834,58.82344691402349,35.65717859486616,-41.17655308597651,-0.0576323649462531,0.0,-0.1664277396096775,0.2484170450473959,-0.4148447846570735,-12.025860838267818,-7.704467497682453,-4.321393340585365,3.8921221456794894,0.5208328482694702,0.519481205159833,40.36363254893909,-0.5208331319022363,3.689191102981568,3
2022-12-23,3.799999952316284,3.859999895095825,3.799999952316284,3.829999923706055,3.689191102981568,2339135,-113104620.22053324,562049596,-0.0637749959395393,-66143.69242770676,-0.1218398314049531,-0.0050591795199927,5969.485528269175,3.8626698902573136,57.33865040581651,1232.3897431859148,3.900499975681305,4.056893738786293,3.744106212576317,8.019164931678823,0.2746072139464962,0.0,0.0,3.8599999825159705,3.921000043551127,3.798999921480815,3.1606249384175387,0.2540981246508452,0.0,0.0,3.759999990463257,4.110000133514404,3.935000061988831,8.973212286458546,0.1999997275217365,0.0747529793574116,5.0572114014688685,-0.0089146547566163,0.0059374775256627,-0.0148521322822791,3.861666659514109,3.928461524156424,3.861246390628604,3.870161045385221,0.9521276298936012,0.9521276298936012,0.0,0.0281383482956101,23.79260916991388,-0.020499861240387,-2.889803620340528,20.87950815501165,-23.76931177535217,3.8450000286102295,3.955000042915344,3.900000035762787,3.8350000381469727,0.00152587483583,13.280164171772766,18.88640068094108,24.785886364294605,-76.47328799048013,3.8562499284744254,3.7299998998641968,12.0,88.0,-76.0,3.86292037679099,4.043342046373759,0.0,0.0,45.91661561019111,0.3248082459157695,0.410225444339673,0.2722639778506082,-2.9682627412086786,49.76093176931376,41.17641283981671,44.44438665782784,-58.823587160183294,-0.0677647338194002,-0.7772013524633868,-0.2303432506315513,0.1526649859116065,-0.3830082365431578,-16.63407083529036,-9.490388165204036,-7.143682670086324,3.889625171678764,-0.7772013524633858,-0.7802373027027576,39.272724498402,0.7772017735151451,3.65066170692444,4
2022-12-28,3.819999933242798,3.839999914169312,3.759999990463257,3.7899999618530273,3.65066170692444,2282471,-113675237.97053328,559767125,-0.0649931026598736,-69737.27249955467,-0.1051489995870904,-0.0130559822447958,-42017.583829657655,3.8625552506114222,51.31396024430034,1219.5188440481938,3.8859999775886536,4.026057157706004,3.745942797471304,7.208295467065766,0.1572827767373623,0.0,0.0,3.849999968210856,3.91400002638499,3.7859999100367223,3.3246783741598422,0.0312503764091987,0.0,0.0,3.759999990463257,4.099999904632568,3.9299999475479126,8.749354506694793,0.0882352322442977,0.075277673792276,4.805587840513864,-0.013937785759591,0.001962424868612,-0.015900210628203,3.854166646798452,3.9238461347726674,3.850285401586208,3.864223187345799,0.9010417391027938,0.98437490686784,-0.0833331677650462,0.011326490430763,23.737590924862246,0.0140001177787785,-6.880124003831073,14.743742963665802,-21.623866967496877,3.8450000286102295,3.955000042915344,3.900000035762787,3.840000033378601,0.000762937417915,13.797989885748818,17.53337084272496,26.59223627021966,-111.90621677515767,3.858749926090241,3.7299998998641968,8.0,100.0,-92.0,3.86292037679099,4.032008364137339,0.0,0.0,42.39092060768392,0.0,0.305614984161938,0.3392654858453425,-4.800364420331479,44.07849169355315,17.64703407420705,39.21563127601576,-82.35296592579296,-0.0771323856185461,-2.319591493127032,-0.3606879076041263,0.0499944072084599,-0.4106823148125862,-20.659378867440225,-11.724186305651273,-8.935192561788952,3.8844126245233817,-1.0443854477762526,-1.0498774243293596,37.818180431019165,1.0443860180078275,3.6121325492858887,2
2022-12-29,3.75,3.75,3.724999904632568,3.75,3.6121325492858887,22521704,-91153533.97053328,537245421,0.0699335992477902,-188470.13369464304,-0.0069377785999874,-0.0144636996097493,-261533.655114228,3.835719727837745,37.18915787954721,1219.5188440481938,3.8704999804496767,3.9981675772028353,3.742832383696518,6.596956331121135,0.0280713998139258,0.0,0.0,3.836166636149089,3.896666685740153,3.775666586558024,3.1541929915639524,-0.2121203761939927,0.0,1.0,3.724999904632568,4.079999923706055,3.902499914169312,9.171942148730942,0.0704228000682358,0.0742499121350943,4.601061282340663,-0.0209053322401162,-0.0026111265531336,-0.0182942056869826,3.8416666388511658,3.915384595210736,3.834856878265253,3.855762210505369,0.8256411008815375,1.0461538837741036,-0.220512782892566,-0.0071438329187824,23.61803118934411,0.0095001339912412,-11.354579588433351,9.013284378571491,-20.367863967004844,3.827499985694885,3.9375,3.882499992847442,3.840000033378601,0.0003814687089575,14.682191426056235,16.499115692147623,28.19989017911637,-177.24408715132617,3.85999995470047,3.7299998998641968,4.0,100.0,-96.0,3.86292037679099,4.021128029190376,0.0,0.0,39.153286436388825,0.0,0.1082694153052565,0.2747032812689559,-7.344637870978235,44.48826828263028,12.195158827353874,23.672868580459227,-87.80484117264612,-0.0885588554775012,-3.8461561974218377,-0.542184167456121,-0.0684413077244562,-0.4737428597316647,0.0439565830198015,-9.37055772791706,9.41451431093686,3.8757570223461335,-1.0554079750826784,-1.0610169046851192,36.36363636363635,1.0554020265824846,3.621764898300171,3
2022-12-30,3.7799999713897705,3.799999952316284,3.75,3.759999990463257,3.621764898300171,4763072,-94011377.17053328,542008493,0.1339569152904647,-154741.44679886466,0.0393653382512888,-0.0116518897346573,-224994.3469202999,3.8307951281197368,36.15386090233913,1222.7708911975922,3.85849997997284,3.980200488433748,3.7367994715119313,6.308177223925493,0.0953180855393792,0.0,0.0,3.823499965667725,3.883999991416931,3.762999939918518,3.164641103306039,-0.0247929601525863,0.0,1.0,3.724999904632568,4.03000020980835,3.877500057220459,7.90463410026838,0.1147542649523488,0.0718249161532133,4.420695621303217,-0.0253282787364494,-0.0071545569897968,-0.0181737217466526,3.831666628519694,3.906923055648804,3.8233404339880224,3.848668712724472,0.8743170224746494,1.0273224883793852,-0.1530054659047358,-0.025421009872735,23.451483763899184,0.0014999151229857,-15.325600319553857,3.62615094339238,-18.95175126294624,3.817499995231629,3.9375,3.877499997615814,3.840000033378601,0.0001907343544787,14.615059599380215,20.38933478699421,26.88608671276123,-130.98322642986744,3.85999995470047,3.7299998998641968,8.0,96.0,-88.0,3.86292037679099,4.003360341716907,0.0,0.0,40.37924859197139,0.088221599822385,0.029407199940795,0.1477638664693298,-9.114220641359111,43.928240094267416,17.07319909796455,15.638463999841845,-82.92680090203545,-0.1027647481245153,-3.092786609233189,-0.6581049351613226,-0.1863740332118295,-0.4717309019494931,-3.4059711651780864,-8.177640415369266,4.77166925019118,3.863306664544044,0.2666664123535112,0.2663114883115769,36.727272380482056,-0.2666665434574469,3.592867851257324,4
2023-01-03,3.819999933242798,3.839999914169312,3.6549999713897705,3.7300000190734863,3.592867851257324,6572448,-95254808.24228312,535436045,0.1135919518950796,-160803.1332505632,-0.077406540173108,-0.0200575564506421,-39738.18158320492,3.820971598776666,29.836646473517877,1222.7708911975922,3.844999980926514,3.960671977188919,3.729327984664109,6.016748860140816,0.0029049140288599,0.0,0.0,3.80766662756602,3.878666631380717,3.736666623751323,3.729318281211116,-0.0469479177440322,0.0,1.0,3.6549999713897705,4.0,3.827499985694885,8.972692596141346,0.2173914245336153,0.0831424188158461,4.338220523230445,-0.0308980689656781,-0.011903259384973,-0.018994809580705,3.820833305517832,3.8911538307483378,3.808980370155017,3.839878439120695,0.7391305950302555,1.000000000000001,-0.2608694049697458,-0.0442529860427057,23.63055559133057,0.0550001144409182,-20.763119934095663,-1.5617728383774134,-19.201347095718248,3.7799999713897705,3.902500033378601,3.841250002384186,3.840000033378601,9.536717723937783e-05,15.58662640448068,17.196913609010252,30.71669373594519,-157.95802708736056,3.8774999380111694,3.7399998903274536,4.0,100.0,-96.0,3.86292037679099,3.9866587154918474,0.0,0.0,37.91141500679034,0.0,0.029407199940795,0.0556946050622822,-11.346021595372545,41.57988740185648,27.27273515433046,18.847031026549647,-72.72726484566954,-0.129132392125971,-3.367872527341392,-0.8046626854352605,-0.3100317636565157,-0.4946309217787448,-4.307159260342703,-7.403544184363954,3.096384924021252,3.840765459851457,-0.7978715815388671,-0.8010716096175985,35.636364329944946,0.7978719727613708,3.544706106185913,1
2023-01-04,3.7799999713897705,3.7799999713897705,3.660000085830689,3.680000066757202,3.544706106185913,6840931,-99815428.90894982,528595114,0.07405447220699,-186695.00332890992,-0.0482388516007828,-0.0245536584798233,-144141.09481680446,3.8101282106872825,24.889485094938493,1222.7708911975922,3.8304999828338624,3.952397492617992,3.708602473049733,6.364574354805121,-0.1173215365235251,0.0,1.0,3.791666634877523,3.866666611035665,3.716666658719381,3.9560427316187177,-0.244444024121187,0.0,1.0,3.6549999713897705,3.930000066757202,3.7925000190734863,7.179221944911285,0.0909094061732184,0.0868281654901696,4.3220847394933815,-0.0388983501680462,-0.0173022775415877,-0.0215960726264585,3.8024999698003135,3.876923056749197,3.789137246555353,3.8280355967234,0.7420814860396834,1.0588235547956868,-0.3167420687560034,-0.0650918319957223,23.92234736061496,0.0895000934600824,-26.205049852799256,-6.563041456365747,-19.64200839643351,3.7799999713897705,3.882500052452088,3.831250011920929,3.840000033378601,4.768358861968892e-05,16.48879558064539,15.501467951950564,27.68833142757408,-185.5808178478712,3.887500047683716,3.745000004768372,4.0,100.0,-96.0,3.86292037679099,3.96012601596368,0.0,0.0,34.16378233449649,0.0,0.029407199940795,0.029407199940795,-14.445137668791563,37.0703776093222,9.09094061732184,17.81229162320564,-90.90905938267817,-0.1499559016788709,-5.641026236680207,-1.01614389901027,-0.4512541907272666,-0.5648897082830034,-4.70053894297232,-6.862943136085628,2.162404193113308,3.814626445625674,-1.340481288488138,-1.3495468447875858,33.81818424571643,1.3404819510563613,3.467647075653076,2
2023-01-05,3.680000066757202,3.680000066757202,3.575000047683716,3.5999999046325684,3.467647075653076,12201652,-106206804.73507231,516393462,0.0064413951367556,-299472.022594546,-0.0795998669706599,-0.0296225330043543,-356955.23710054724,3.780498826894615,24.653495397486225,1222.7708911975922,3.818499982357025,3.9762688332651823,3.660731131448868,8.263394088627024,-0.1924690028060526,0.0,1.0,3.770999972025554,3.8499999443689994,3.691999999682109,4.189868625271331,-0.5822792864380971,0.0,1.0,3.575000047683716,3.930000066757202,3.752500057220459,9.296844853050317,0.0704221284666395,0.0886453508485013,4.622070006369426,-0.0511048700240821,-0.0240627960380866,-0.0270420739859955,3.775833288828532,3.858461517554063,3.760039193951848,3.8111440639759295,0.6956523451777591,1.134782544696734,-0.4391301995189748,-0.0903044962357062,24.23853467002561,0.0414999127388,-30.87356080600705,-11.41965156200971,-19.453909243997337,3.740000009536743,3.84250009059906,3.7912500500679016,3.840000033378601,2.384179430984446e-05,18.08694200833134,14.183763327533253,32.21605184007284,-233.43845675823917,3.920000016689301,3.745000004768372,4.0,100.0,-96.0,3.86292037679099,3.935715932397768,0.0,0.0,29.19156247667065,0.0,0.0,0.01960479996053,-18.887854433245444,35.8241956192936,7.042212846663953,14.468629539438773,-92.95778715333604,-0.1723235305617834,-8.163269526359596,-1.3409325170134767,-0.6291898559845086,-0.7117426610289681,0.5629652023380464,-5.377761468400894,5.94072667073894,3.7757122340521736,-2.173917409602921,-2.1978951350272613,30.9090874411843,2.1739187459959055,3.554338455200196,3
2023-01-06,3.619999885559082,3.690000057220459,3.609999895095825,3.690000057220459,3.554338455200196,4503525,-101703279.73507231,520896987,-0.003107527528471,-198787.7426262709,0.0399686281924884,-0.0271503696771802,-152665.5182203184,3.770153800171197,24.328295017847964,1253.340216115129,3.8099999904632567,3.9760120637249887,3.6439879172015246,8.714544549988133,0.1385807041467169,0.0,0.0,3.757666643460592,3.837666638692221,3.6776666482289633,4.25796127343288,0.0770838107914011,0.0,0.0,3.575000047683716,3.930000066757202,3.752500057220459,9.317585825776394,0.3239436714310084,0.0887808310224402,4.736270149891632,-0.0529064916988764,-0.0298315351702445,-0.0230749565286318,3.7616666356722512,3.843461522689232,3.749263942147019,3.802170433845896,0.7245763020075664,1.1228813079882338,-0.3983050059806674,-0.1126918686279427,24.44621754788157,-4.7683715642676816e-08,-32.65402895208733,-15.969344446645254,-16.68468450544208,3.740000009536743,3.837499976158142,3.788749992847442,3.8550000190734863,1.192089715492223e-05,19.38799991585063,13.960202999853314,29.872095672622777,-149.40801666838829,3.927500009536743,3.745000004768372,4.0,96.0,-92.0,3.86292037679099,3.8996443439263615,0.0,0.0,39.80553581704835,0.4448788932415758,0.1482929644138586,0.0592333881182179,-19.2908254742764,41.47538905804964,32.39436714310084,16.175840202362227,-67.60563285689916,-0.1818823498838089,-4.404140997292591,-1.3914813293985215,-0.7816481506673112,-0.6098331787312103,-3.1640346652606954,-4.935016107772854,1.7709814425121584,3.771618101463973,2.5000043047800125,2.469265458822445,34.181820262562134,-2.500005844187399,3.583235502243042,4
2023-01-09,3.700000047683716,3.759999990463257,3.680000066757202,3.7200000286102295,3.583235502243042,24172772,-101703279.73507231,545069759,-0.010127413818781,-66791.99819231138,0.0231665563866106,-0.0250267025070591,309114.7300229727,3.7536608447104944,35.307595248834886,1253.340216115129,3.802999997138977,3.97177206051605,3.634227933761904,8.87573302677052,0.2541063169225238,0.0,0.0,3.745999979972839,3.8299999713897694,3.661999988555908,4.484783335078406,0.3452383689329217,0.0,0.0,3.575000047683716,3.930000066757202,3.752500057220459,9.33473624350658,0.4084506285519329,0.0879027402908017,4.719470222261418,-0.0513219355588741,-0.0341296152479704,-0.0171923203109036,3.7541666428248086,3.83038460291349,3.744761801602898,3.796083737161772,0.800847557795794,1.072033926557789,-0.271186368761995,-0.1305197116510907,24.569558462939234,-0.0030000448226927,-35.00359590527671,-20.2166069980472,-14.786988907229514,3.7174999713897705,3.827499985694885,3.772499978542328,3.8550000190734863,5.960448577461115e-06,19.407736217918348,18.7485956416881,27.92703559699208,-82.03899106712117,3.932500004768372,3.745000004768372,4.0,92.0,-88.0,3.86292037679099,3.8671799143020977,0.0,0.0,42.87915382318574,0.7001974113193785,0.3816921015203182,0.1766616886447256,-18.59726051414876,41.53222845671512,43.28357146720636,27.5733838189904,-56.71642853279364,-0.1868529298726251,-2.3622025071121957,-1.3519705863297449,-0.8957126377997979,-0.4562579485299469,12.11538971717842,-1.524934942782599,13.64032465996102,3.7687295471797246,0.8130073421291018,0.8097202416641913,35.27272831309924,-0.8130077483354938,3.641029357910156,0
2023-01-10,3.7200000286102295,3.785000085830689,3.7100000381469727,3.7799999713897705,3.641029357910156,3980981,-98253108.01324944,549050740,-0.006423317858018,-23127.6224210612,0.0518089338959137,-0.0205036015097477,260735.7203952137,3.739752314345478,42.17445463338422,1273.5553614570229,3.79799998998642,3.963239227803721,3.632760752169119,8.70138168788631,0.4455334615602884,0.0,0.0,3.734666657447815,3.820666646957398,3.648666667938232,4.605497485998029,0.7635658108824767,0.0,0.0,3.575000047683716,3.930000066757202,3.752500057220459,9.347025276710326,0.577464542793782,0.0866124710300931,4.565839321208019,-0.0447092886114006,-0.0362455499206565,-0.0084637386907441,3.752499977747599,3.8219230633515577,3.750183058493186,3.794892347104587,0.8497854437368978,1.0429184154107234,-0.1931329716738256,-0.1412596065738369,24.66210963287642,0.0419999241828921,-37.75084700867058,-24.090056263417207,-13.660790745253376,3.7074999809265137,3.8025001287460327,3.755000054836273,3.8625000715255737,50.00000298022429,19.04277450922768,19.64824824864302,26.204382206047462,-40.67384879490858,3.945000052452088,3.745000004768372,4.0,88.0,-84.0,3.86292037679099,3.83796192764026,0.0,0.0,48.53878409861752,0.989719385460656,0.7115985633405368,0.4138612097582379,-16.09811326775986,46.20465959850238,62.12120336387019,45.933047324725806,-37.87879663612981,-0.1819264348815465,-0.5263152941442201,-1.178143792287357,-0.95219886869731,-0.2259449235900471,6.039287062400092,-0.0120905417460603,6.051377604146152,3.7690523484816416,1.6129016752173708,1.6000326086675454,37.45454441417346,-1.6128958208561954,3.669926404953003,1
2023-01-11,3.759999990463257,3.819999933242798,3.740000009536743,3.809999942779541,3.669926404953003,6243119,-93570768.76324944,555293859,0.0144941476169036,6932.522408080778,0.0416456946043935,-0.0143517944065154,113757.82585298124,3.738386120781005,47.53802393137232,1273.5553614570229,3.793499982357025,3.952153696192044,3.6348462685220064,8.36450320668999,0.551999918639389,0.0,0.0,3.730666661262512,3.8186666488647463,3.6426666736602784,4.717654810384676,0.9507573448511164,0.0,0.0,3.575000047683716,3.930000066757202,3.752500057220459,9.358113107276548,0.6619714999147066,0.0859512162976893,4.399446577155838,-0.0366257721899923,-0.0363215943745236,-0.0003041778154686,3.749999980131785,3.814615368843079,3.759385656075702,3.7960114282656954,0.9025423506216472,0.9745762917338658,-0.0720339411122187,-0.144994845706129,24.75152744344272,0.0664999127387999,-38.50535408226452,-27.60397071657648,-10.901383365688035,3.7074999809265137,3.787500023841858,3.747500002384186,3.8625000715255737,75.00000149011214,18.18687271925025,21.24302547580477,24.470466314828336,-5.486996713412742,3.9475000500679016,3.745000004768372,36.0,84.0,-48.0,3.575000047683716,3.83796192764026,1.0,0.0,51.145266318008055,1.0,0.8966389322600116,0.6633098657069555,-13.214348594747488,51.220928599469055,71.21210588677282,58.87229357261648,-28.78789411322718,-0.1655146788148318,-0.7812492724042338,-0.9648488388962972,-0.9547288627371072,-0.0101199761591898,2.944088222726432,0.5791452111484381,2.364943011577994,3.7693891779055706,0.7936500427734305,0.7905172057463661,38.54545246471057,-0.7936504818360817,3.6602940559387207,2
2023-01-12,3.839999914169312,3.849999904632568,3.7799999713897705,3.799999952316284,3.6602940559387207,6290662,-96266766.7632494,549003197,0.0240703475684405,-3044.4893655839287,0.0389465421445,-0.0086410320529916,33037.60822745672,3.739075856763686,53.28856192300425,1273.5553614570229,3.7894999742507935,3.943184703505304,3.635815244996283,8.111082216586905,0.5341607722394528,0.0,0.0,3.73199999332428,3.818999981880188,3.645000004768372,4.66237881626645,0.8908044134299281,0.0,0.0,3.575000047683716,3.930000066757202,3.752500057220459,9.367991067044985,0.6338025142077317,0.0843560879922001,4.212125171468236,-0.0306728651481797,-0.0351918485292549,0.0045189833810751,3.744999984900157,3.8080769043702345,3.765634009343484,3.796306874491664,0.970338905998007,0.9194914894657378,0.0508474165322692,-0.1440879003388437,24.836138185908155,0.0404999494552615,-39.0005178110469,-30.675741630200207,-8.32477618084669,3.712499976158142,3.752500057220459,3.732500016689301,3.8625000715255737,87.50000074505607,16.969775881746045,22.511600370185967,23.03424670552821,20.799088248133117,3.9600000381469727,3.745000004768372,32.0,80.0,-48.0,3.579900045394897,3.83796192764026,0.0,0.0,50.23195625285812,0.9583983608528855,0.9827059154378474,0.8636478036794651,-11.18816584521278,51.39788613569211,68.18180504580528,67.17170476548277,-31.818194954194723,-0.1219852896297681,-1.5544027049267966,-0.8079659037650104,-0.925376270942688,0.1174103671776776,0.4387227833270838,0.5510607255841673,-0.1123379422570834,3.769577903426537,-0.262466945234685,-0.2628119936122441,38.18181644786487,0.26246708929318174,3.669926404953003,3
2023-01-13,3.829999923706055,3.880000114440918,3.809999942779541,3.809999942779541,3.669926404953003,6596948,-102863714.7632494,555600145,0.0492858094206608,6814.640127585382,0.0318330763224309,-0.0087159833095339,849.4647489312702,3.740365513173278,54.01408294621748,1273.5553614570229,3.7869999766349793,3.93761205459628,3.636387898673679,7.954163131267293,0.5763549857882961,0.0,0.0,3.741166663169861,3.832666659355164,3.649666666984558,4.891522053057934,0.8761381556250636,0.0,0.0,3.575000047683716,3.930000066757202,3.752500057220459,9.37417537004923,0.6619714999147066,0.0839204954054435,4.134723311582165,-0.024861638281906,-0.0331258064797851,0.0082641681978791,3.743333319822947,3.806923059316782,3.772459537564416,3.7973211758463217,0.954356788182986,0.9211617969916132,0.0331949911913728,-0.139310477842131,24.91597509182298,0.002999985218048,-38.39368179121806,-33.23886179371845,-5.154819997499608,3.727500081062317,3.752500057220459,3.740000069141388,3.8625000715255737,93.75000037252804,16.081264225762574,23.52138002535995,21.4824316203649,50.52793682617962,3.941250026226044,3.745000004768372,28.000000000000004,76.0,-48.0,3.5907040397644043,3.83796192764026,0.0,0.0,51.17097769945577,1.0,0.986132786950962,0.9551592115496068,-9.260797502965302,51.31047575670686,71.21210588677282,70.20200560645031,-28.78789411322718,-0.0760735175188851,-0.5221927238881343,-0.6547151829043015,-0.8712440533350108,0.2165288704307092,-1.300433717750025,0.1807618369173289,-1.481195554667354,3.770547021523761,0.2631576470721208,0.2628119936122441,38.54545246471057,-0.26315779188981026,3.6602940559387207,4
2023-01-16,3.819999933242798,3.839999914169312,3.755000114440918,3.799999952316284,3.6602940559387207,24075836,-101447520.89551328,531524309,0.0465757887359645,-28552.898518489044,-0.0167698920321212,-0.0135147850407912,-45830.73815354276,3.746264399548456,42.47706985274691,1273.5553614570229,3.781999969482422,3.92364739179766,3.640352547167184,7.490609384358249,0.5635379823354751,0.0,0.0,3.74399999777476,3.838999978701274,3.649000016848246,5.07478530891972,0.7947366620254491,0.0,0.0,3.575000047683716,3.930000066757202,3.752500057220459,9.386568533528283,0.6338025142077317,0.0840284258377385,4.119759614827507,-0.0208230792836667,-0.0306652610405614,0.0098421817568946,3.744166652361552,3.804615369209877,3.7766965244493194,3.797519603732985,0.8897960907516732,1.0040817271864009,-0.1142856364347276,-0.132369066911438,25.04148531863134,-0.0319999694824217,-38.70750431859,-35.23268228088449,-3.474822037705515,3.727500081062317,3.752500057220459,3.740000069141388,3.8625000715255737,96.87500018626402,15.353956340727754,21.83796989257401,24.575902816867305,17.676787745677778,3.941250026226044,3.745000004768372,24.0,72.0,-48.0,3.6080618042449952,3.83796192764026,0.0,0.0,50.15192364719076,0.953635979759434,0.97067811353744,0.9798389386420832,-7.952255052116014,54.85869041585819,73.77044438868317,71.05478510708711,-26.22955561131683,-0.0516764577697301,0.2638519937706697,-0.5483336876838651,-0.8066619802047816,0.2583282925209165,12.562796658857254,2.657168801305314,9.90562785755194,3.771005245804704,-0.262466945234685,-0.2628119936122441,38.18181644786487,0.26246708929318174,3.6602940559387207,0
2023-01-17,3.809999942779541,3.815000057220459,3.765000104904175,3.799999952316284,3.6602940559387207,4075502,-99817339.52903973,535599811,0.0301019955761927,-24473.913015847756,-0.0092012297997944,-0.0054691706404227,-63191.11128891338,3.746234507914796,41.931557058215645,1273.5553614570229,3.775999963283539,3.9031848127405806,3.648815113826497,6.736485735897318,0.5943508174723737,0.0,0.0,3.749166671435038,3.830666653315226,3.66766668955485,4.3476318351561964,0.8118606882390207,0.0,0.0,3.575000047683716,3.910000085830689,3.742500066757202,8.87182313041294,0.6716414298850173,0.0806255784855931,4.074410562580422,-0.0174216660595911,-0.0280165420443674,0.0105948759847762,3.748333315054576,3.802307679102971,3.7802816671980826,3.7977033332576737,0.9382717454481664,0.987654231352032,-0.0493824859038656,-0.124009588105754,24.99800364351511,-0.0159999728202819,-38.952681230739785,-36.64908576732232,-2.303595463417466,3.727500081062317,3.752500057220459,3.740000069141388,3.8625000715255737,98.437500093132,14.678599018909708,20.890819411441537,23.510003454803613,19.60148076052842,3.931250035762787,3.75,20.0,68.0,-48.0,3.624378102856751,3.83796192764026,0.0,0.0,50.15192364719075,0.9536359797594336,0.969090653172956,0.9753005178871194,-6.8752566397908526,52.081796544466485,73.77044438868317,72.91766488804642,-26.22955561131683,-0.0348676330902995,1.333332061767578,-0.4587421536333341,-0.7370780148904922,0.2783358612571581,6.390545493271954,3.4038441396986423,2.986701353573312,3.771928423705037,0.0,0.0,38.18181644786487,0.0,3.708455801010132,1
2023-01-18,3.799999952316284,3.849999904632568,3.799999952316284,3.849999904632568,3.708455801010132,4912585,-94904754.52903973,540512396,0.0829661552645676,14112.21966494346,0.0356226040197302,0.0045859439029215,64639.2154820865,3.748505043019656,44.75300194460991,1273.5553614570229,3.775499963760376,3.901432431727759,3.649567495792993,6.671035315913751,0.7957932218539858,0.0,0.0,3.76183332602183,3.8363333145777374,3.6873333374659216,3.960834098659692,1.0917220949945083,1.0,0.0,3.575000047683716,3.9049999713897705,3.740000009536743,8.74056222682033,0.8333330925064287,0.0775630158686621,3.976838833092976,-0.0105696034792068,-0.0245271543313353,0.0139575508521284,3.755833307902018,3.801153824879573,3.791007549880311,3.801577153359518,1.0,0.9409283116399206,0.0590716883600793,-0.1122631287826,24.93664133398543,-0.0454999446868895,-36.1258020087183,-37.23266812317914,1.1068661144608356,3.745000004768372,3.752500057220459,3.7487500309944153,3.8625000715255737,99.218750046566,13.72757749975052,23.08224351701676,22.46089944203693,76.36072146068192,3.931250035762787,3.78000009059906,16.0,64.0,-48.0,3.639715423551801,3.83796192764026,0.0,0.0,55.31250775090531,1.0,0.969090653172956,0.969619806627784,-4.427222667364578,56.04995852380183,90.16386778950051,79.23491885562231,-9.836132210499471,-0.0182941107188954,2.393614744616595,-0.2780320654512126,-0.6452688250026363,0.3672367595514236,1.858215176650654,3.094718347089045,-1.2365031704383909,3.781016215285782,1.3157882353605377,1.3072069344937098,39.99999653209338,-1.315788959449037,3.689191102981568,2
2023-01-19,3.839999914169312,3.839999914169312,3.799999952316284,3.829999923706055,3.689191102981568,3216454,-93296527.52903973,537295942,0.1175798760598985,2906.3284769507154,-0.0062180158189869,0.0046373555301359,47930.37905494765,3.751837299997059,52.00093760813028,1266.9394955949613,3.7764999628067017,3.9038223328456576,3.649177592767746,6.742876806191182,0.7100964696266038,0.0,0.0,3.782333318392436,3.8503333012262977,3.714333335558573,3.5956631586749483,0.8504898334318618,0.0,0.0,3.575000047683716,3.9049999713897705,3.740000009536743,8.738247767935846,0.7727270756870805,0.0748067095134243,3.806723703962776,-0.0066761671328241,-0.020956956891633,0.0142807897588089,3.7641666332880654,3.7984615105849047,3.7970063766227335,3.8036825437555577,1.0384616168371676,0.8974359601364003,0.1410256567007674,-0.099537969811688,24.87380250220133,-0.0964998960494996,-31.67482023032693,-37.12386715409465,5.4490469237677175,3.78000009059906,3.752500057220459,3.76625007390976,3.8625000715255737,99.609375023283,12.844486089102702,22.023857887108463,21.431004181346967,63.06302315246199,3.928749978542328,3.8000000715255737,12.0,60.0,-48.0,3.654132505005148,3.83796192764026,0.0,0.0,52.9511045095779,0.9095973282537878,0.954411102671074,0.9641974696723288,-2.9926755506427205,53.31831894668954,83.60649842917381,82.51360353578586,-16.39350157082618,-0.0103823430397929,2.680962576976294,-0.1755185154393156,-0.5513187630899722,0.3758002476506565,-3.615822233128995,1.7526102310454368,-5.368432464174432,3.793820565572541,-0.5194800369331842,-0.5208340256466659,39.272724498402,0.5194803190944413,3.65066170692444,3
2023-01-20,3.829999923706055,3.849999904632568,3.7699999809265137,3.7899999618530273,3.65066170692444,5407530,-96000292.5290397,531888412,0.0957642662597893,-28409.00326534272,-0.0147941569278737,0.0007688201601957,-73184.29283127429,3.753449143056376,47.6801649689452,1266.9394955949613,3.775999963283539,3.903027464273302,3.648972462293776,6.728151600896854,0.5551061717360588,0.0,0.0,3.796333312988281,3.8643332719802856,3.728333353996277,3.5824019329050047,0.4534312135688302,0.0,0.0,3.575000047683716,3.9049999713897705,3.740000009536743,8.739404844143403,0.6515150420483773,0.0753260309326873,3.670782597128305,-0.0067405525120221,-0.0181136760157108,0.0113731235036887,3.7733332912127175,3.794999966254601,3.795928466658163,3.802669019170185,0.9916666716337228,0.9333333730697784,0.0583332985639444,-0.0885447451041149,24.879337116519185,-0.1760000586509704,-27.847338332006803,-36.32872742373132,8.48138909172452,3.795000076293945,3.752500057220459,3.773750066757202,3.8625000715255737,99.8046875116415,12.291715127145592,20.411210752921328,22.607620021725435,35.39424061018471,3.9237499833107,3.8000000715255737,8.0,56.00000000000001,-48.00000000000001,3.6676845615712943,3.83796192764026,0.0,0.0,48.4921510966187,0.7388931915486948,0.8828301732674942,0.935443976370508,-2.991496796117857,46.745277697465085,70.49175970851967,81.42070864239803,-29.50824029148033,-0.0108382435405958,2.989127529901285,-0.1772584592043464,-0.476506702312847,0.2992482431085006,-5.9745551978247065,0.2071771452714081,-6.181732343096114,3.793485565079884,-1.0443854477762526,-1.0498774243293596,37.818180431019165,1.0443860180078275,3.6602940559387207,4
2023-01-23,3.819999933242798,3.819999933242798,3.7300000190734863,3.799999952316284,3.6602940559387207,4993745,-93225989.75126192,536882157,0.1053866669044788,-17216.659602302832,-0.0630787914051408,0.001792230786479,-43299.36065781231,3.7553780807184007,48.29589819306812,1270.2823407139567,3.773999965190888,3.898161099167104,3.6498388312146712,6.57981638163244,0.6047026001324096,0.0,0.0,3.802666640281677,3.871666598320007,3.733666682243347,3.629030076284518,0.4806761624122179,0.0,0.0,3.575000047683716,3.9049999713897705,3.740000009536743,8.744036214885428,0.6818180504580528,0.0767934192563497,3.4521093081504137,-0.0059164614472355,-0.0156742331020158,0.0097577716547802,3.7899999618530273,3.792692276147696,3.796554849067105,3.8024713105143406,1.0407240678153349,0.9909502311258724,0.0497738366894624,-0.0785018953634842,24.97564104190878,-0.0839999079704285,-24.734431335068532,-34.88245901555332,10.14802768048478,3.805000066757202,3.752500057220459,3.778750061988831,3.8625000715255737,99.90234375582077,12.347503373366678,18.74803229268773,24.38696258299761,12.640443089074154,3.911250054836273,3.815000057220459,4.0,52.0,-48.0,3.680423494743472,3.83796192764026,0.0,0.0,49.63402937418818,0.7826082357624973,0.8103662518549933,0.8825358425978539,-2.674083899833489,52.79355074477506,73.77044438868317,75.9562341754589,-26.22955561131683,-0.0089411896817823,5.555557027275219,-0.1555951633579919,-0.412324394521876,0.2567292311638841,-8.324024867416885,-1.4990632572662503,-6.824961610150634,3.793943842652199,0.2638519937706807,0.2635045154823157,38.18181644786487,-0.26385213935354557,3.669926404953003,0
2023-01-24,3.7699999809265137,3.819999933242798,3.759999990463257,3.809999942779541,3.669926404953003,3843636,-90663565.75126192,540725793,0.1404016358529047,-9266.233467083764,0.023415283949548,0.0069103833257884,23290.9178059397,3.759673845392792,52.89283467920854,1273.6251858329522,3.771499967575073,3.890541932135851,3.652458003014296,6.312711949315856,0.661707576595022,0.0,0.0,3.806499965985617,3.873999913533528,3.739000018437704,3.5465623618065414,0.5259257741751626,0.0,0.0,3.575000047683716,3.880000114440918,3.727500081062317,8.086969889417903,0.7704912906884667,0.0751140716086688,3.05232787584624,-0.0044056619555647,-0.0134205188727256,0.0090148569171608,3.799999952316284,3.789230731817392,3.7986233250228647,3.8030289869784295,1.0669856077257691,0.933014392274232,0.1339712154515373,-0.0688623218786557,24.99313400574223,-0.0514999389648438,-22.238683271892214,-33.07505114773417,10.836367875841958,3.805000066757202,3.752500057220459,3.778750061988831,3.8625000715255737,99.95117187791038,12.399306744857686,17.71186968122248,23.039148666250757,39.10543068560524,3.9050000309944153,3.830000042915344,4.0,48.0,-44.0,3.6923980919253183,3.83796192764026,0.0,0.0,50.80844450329958,0.8275689030270863,0.7830234434460929,0.8254066228561935,-2.089244455449225,61.03091043438801,77.04912906884667,73.77044438868319,-22.95087093115333,-0.0037941525964177,3.2520293685164203,-0.1158461313508202,-0.3530287418876648,0.2371826105368446,-11.540999597627094,-3.5074505253384194,-8.033549072288675,3.7943527879184846,0.2631576470721208,0.2628119936122441,38.54545246471057,-0.26315779188981026,3.592867851257324,1
2023-01-25,3.829999923706055,3.829999923706055,3.7300000190734863,3.7300000190734863,3.592867851257324,5200191,-95863756.75126192,535525602,0.1059699591765113,-67373.18343705926,-0.0192300262173496,0.0112225148081677,-99075.43765293698,3.775891509790768,56.09533413261307,1273.6251858329522,3.766499972343445,3.8836792780628655,3.649320666624024,6.2221854018235785,0.3442559757208519,0.0,0.0,3.803833301862081,3.873333247502644,3.734333356221517,3.654205646001442,-0.0311751117795234,0.0,1.0,3.575000047683716,3.880000114440918,3.727500081062317,8.09770527005837,0.5081965162753866,0.0776026549110588,2.2914413651542174,-0.0095535404619404,-0.0126471231905685,0.0030935827286281,3.800833284854889,3.781923037308913,3.788065893338345,3.7976194338002855,1.1201923672088103,0.8269231562784128,0.2932692109303975,-0.0638655308488063,25.04706383640441,0.0134999990463255,-21.55037791755628,-31.1361467151241,9.58576879756782,3.805000066757202,3.742500066757202,3.773750066757202,3.8625000715255737,89.1150276122799,12.869986392161907,16.11343869984405,23.66733985266343,-6.148606950584278,3.887500047683716,3.830000042915344,16.0,44.0,-28.0,3.703654213276254,3.83796192764026,0.0,0.0,42.30897852239353,0.1614398166207625,0.5905389851367822,0.7279762268126229,-4.087837386555717,53.78779785560174,44.44445425590063,65.08800923781017,-55.55554574409937,-0.0113235571805168,0.2688169458695616,-0.2515665571149716,-0.3327363049331262,0.0811697478181546,-12.52599571968391,-5.311159564207518,-7.214836155476393,3.7898256651657554,-2.0997355618775027,-2.1220935350857006,35.636364329944946,2.0997302177961643,3.5158090591430664,2
2023-01-27,3.759999990463257,3.7699999809265137,3.630000114440918,3.650000095367432,3.5158090591430664,9081863,-102350801.75126186,526443739,0.0668127425380309,-161541.0639615989,-0.1233224795144512,-0.0004411357423279,-303975.3383703569,3.7729145615934327,49.945580280013424,1273.6251858329522,3.759499979019165,3.886539281710973,3.632460676327357,6.758308466593044,0.0690314676971453,0.0,0.0,3.791166647275289,3.867666586240132,3.714666708310445,4.035693815771672,-0.4226579381503261,0.0,1.0,3.575000047683716,3.880000114440918,3.727500081062317,8.112782775883275,0.2459017418623081,0.0838423760685125,2.1723922926895614,-0.0198596666476245,-0.0140896318819797,-0.0057700347656447,3.789999961853028,3.773846121934744,3.76682500134282,3.786684667990445,1.000000218732803,0.9082569008011752,0.0917433179316277,-0.0661740630537862,25.23661986488049,0.0504999637603758,-21.22629660943161,-29.228659472703384,8.002362863271774,3.740000009536743,3.740000009536743,3.740000009536743,3.8625000715255737,61.87700546747126,14.443179333043648,14.183570025500202,29.387590283585983,-113.57033396945018,3.8950000405311584,3.830000042915344,12.0,40.0,-28.0,3.703654213276254,3.880000114440918,0.0,1.0,35.85043168265413,0.0,0.3296695732159497,0.5677440005996082,-8.05734103113646,44.52913117648749,7.999992370605646,43.16452523178433,-92.00000762939436,-0.0312058911604036,-3.4391501853515125,-0.5244605344485638,-0.3710811508362137,-0.15337938361235,-8.588743915578952,-5.966676434481805,-2.6220674810971474,3.77211674685649,-2.144770061581014,-2.168104504679591,32.72727619517934,2.1447711216901837,3.3905882835388184,4
2023-01-30,3.660000085830689,3.660000085830689,3.5199999809265137,3.5199999809265137,3.3905882835388184,8146147,-110496948.75126186,518297592,-0.1247000050633744,-289749.489431734,-0.1890465951839171,-0.0155992179973656,-484922.068954495,3.768739953057568,33.505133211457746,1228.2631541652647,3.747999978065491,3.912511327940464,3.5834886281905183,8.778620642355724,-0.1929612981482903,0.0,1.0,3.76449998219808,3.847999914487203,3.681000049908956,4.436176527240577,-0.9640730511311688,0.0,1.0,3.5199999809265137,3.880000114440918,3.700000047683716,9.605126350620106,0.0,0.0894581489520788,3.0045762960505527,-0.0380783254476764,-0.0188873705951191,-0.0191909548525573,3.765833298365275,3.762692277248089,3.728851921278773,3.7669302467264494,0.8434781184493172,1.0695651885466977,-0.2260870700973802,-0.0798258583962172,25.481434891277708,0.0519999742507932,-24.97872037723717,-27.70323903477529,2.724518657538116,3.684999942779541,3.712499976158142,3.6987499594688416,3.8350000381469727,35.412894245367006,16.781528363442124,12.563163576637978,35.00661763220093,-217.80252239786705,3.900000035762787,3.830000042915344,8.0,100.0,-92.0,3.703654213276254,3.875000114440918,0.0,0.0,28.29236978455414,0.0,0.0538132722069209,0.3246739435198842,-14.649318450521085,34.60203668073767,0.0,17.481482208835445,-100.0,-0.0674117558142719,-7.611547669511546,-1.0108582573507268,-0.4990365721391164,-0.5118216852116104,-6.5270787149936895,-6.078756890584182,-0.4483218244095077,3.716277653514493,-3.5616468779251287,-3.6266209531061744,27.99999930641868,3.5616489262579307,3.3135294914245605,0
2023-01-31,3.5299999713897705,3.539999961853028,3.4200000762939453,3.440000057220459,3.3135294914245605,8939910,-116456888.75126188,509357682,-0.1409040403127699,-350527.00778991415,-0.1476523715351855,-0.029846454099587,-493316.5703575832,3.7424187233340858,28.12718087581267,1228.2631541652647,3.731999981403351,3.9440942407635022,3.519905722043199,11.366251898018358,-0.188373002324062,0.0,1.0,3.731333319346111,3.818333260218302,3.644333378473918,4.66320928345464,-1.1743302306011718,0.0,1.0,3.4200000762939453,3.880000114440918,3.650000095367432,12.325831737383826,0.0434782157998942,0.0925123226127791,4.10137505820958,-0.0583000226898224,-0.0267699010140597,-0.0315301216757627,3.73583330710729,3.7488461274367113,3.684413172962109,3.742713195651932,0.740585652179986,1.188284761750852,-0.4476991095708661,-0.1044722124411066,25.77585344247957,0.0779999613761903,-29.553459840014725,-26.658881102472503,-2.8945787375422185,3.634999990463257,3.662500023841858,3.648750007152557,3.785000085830689,17.706447122683503,19.541167003812525,11.364678291415492,39.61683044186626,-244.58488348273383,3.900000035762787,3.830000042915344,4.0,100.0,-96.0,3.703654213276254,3.860800109100342,0.0,0.0,24.82404943619693,0.0,0.0,0.1278276151409569,-21.443431132901345,30.45143156728014,4.347821579989427,4.11593798353171,-95.65217842001056,-0.1153823354664971,-9.473681568769171,-1.5576941016360026,-0.7107680780384937,-0.8469260235975089,-3.98603842793662,-5.66021319805467,1.67417477011805,3.647741928184039,-2.272725117600638,-2.298949617224033,25.09091117165305,2.2727263138487075,3.3135294914245605,1
2023-02-01,3.430000066757202,3.4649999141693115,3.4049999713897705,3.440000057220459,3.3135294914245605,10426348,-114719122.6539711,519784030,-0.1193029372148216,-300451.72096278355,-0.0258959513217064,-0.0346708573800227,-203179.5800608916,3.709294301458929,21.186765219112843,1228.2631541652647,3.7174999833107,3.964876146773314,3.470123819848085,13.308737838503417,-0.0608865506804955,0.0,1.0,3.6956666469573975,3.783666586875916,3.60766670703888,4.762331039298021,-0.9526520698404336,0.0,1.0,3.4049999713897705,3.880000114440918,3.642500042915344,12.77740807487848,0.0736843690316946,0.0892610846294553,4.980164794512555,-0.0734788450568619,-0.0361116898226202,-0.0373671552342417,3.7049999833107,3.733461517554063,3.6468111551557016,3.720290000212564,0.6978721280180775,1.285106600566849,-0.5872344725487715,-0.1352806396099883,25.949753642533164,0.0824999690055845,-35.07815432674135,-26.54247580447507,-8.535678522266277,3.6274999380111694,3.6549999713897705,3.64124995470047,3.777500033378601,8.853223561341752,22.181934471114825,10.80942520624968,38.9026940914039,-207.59177890731456,3.900000035762787,3.830000042915344,64.0,96.0,-32.0,3.703654213276254,3.834352107131958,0.0,0.0,24.82404943619693,0.0,0.0,0.0179377574023069,-26.49582504980431,31.54764534513404,7.36843690316946,3.9054194943863143,-92.63156309683052,-0.1729264574892379,-9.711283231389052,-1.975083798646441,-0.9636312221600832,-1.0114525764863576,-0.4554677470548158,-4.619264107854699,4.163796360799883,3.596207746625424,0.0,0.0,25.09091117165305,0.0,3.275000095367432,2
2023-02-02,3.450000047683716,3.4800000190734863,3.369999885559082,3.400000095367432,3.275000095367432,8827263,-118731487.09752876,510956767,-0.1145478972243223,-307971.50129190536,-0.012461396993621,-0.0383428530327456,-102642.49342830964,3.6794401332612057,14.810124933538615,1213.9810383237357,3.703499984741211,3.9868565682719153,3.420143401210507,15.30209718904612,-0.0355440935800459,0.0,1.0,3.653999988238017,3.747999946276347,3.5600000301996864,5.145044244165846,-0.8510638630658274,0.0,1.0,3.369999885559082,3.880000114440918,3.625,13.770763628542936,0.0588239144012245,0.0913349895179502,5.864109557529564,-0.0877245991953041,-0.046434271697157,-0.0412903274981471,3.671666661898295,3.715769217564509,3.608840222880583,3.6965648220758873,0.6460903161392586,1.288065898533323,-0.6419755823940645,-0.1707614502733826,26.12071524834008,0.096499967575073,-42.58368396585293,-27.75457177508907,-14.829112190763858,3.609999895095825,3.625,3.6174999475479126,3.759999990463257,4.426611780670876,24.81470913259944,9.85844932625889,38.27942664759962,-175.9154608810945,3.900000035762787,3.8350000381469727,60.0,100.0,-40.0,3.703654213276254,3.800003936272583,0.0,0.0,23.17650479578405,0.0,0.0,0.0,-31.16572108208023,27.7375663504414,5.882391440122457,5.8662166410938,-94.11760855987755,-0.2298088101779711,-10.5263121570576,-2.3731383978826184,-1.2455326573045904,-1.127605740578028,0.6030745295554734,-3.574796380372665,4.177870909928138,3.521389745417049,-1.1627895694091062,-1.1696028347801146,23.636367104270263,1.1627901956763225,3.294264793395996,3
2023-02-03,3.430000066757202,3.4600000381469727,3.380000114440918,3.4200000762939453,3.294264793395996,5821275,-118731487.09752876,516778042,-0.0788925100521776,-247343.3741119206,-0.0068711699812642,-0.0411074420544381,-68399.73292762019,3.655830356250651,13.638220944834046,1221.1220962445002,3.69449999332428,4.000929333221092,3.388070653427468,16.58840657466558,0.0520991607351138,0.0,0.0,3.6136666695276896,3.7116666237513223,3.5156667153040564,5.4238513502100005,-0.488095324982512,0.0,1.0,3.369999885559082,3.880000114440918,3.625,13.804309914829425,0.0980395456772393,0.0902014829367607,6.571006308092622,-0.0962906519740731,-0.0564055477525402,-0.0398851042215329,3.6400000055631,3.699999992664044,3.579787892636485,3.6760785446105584,0.6378599926688701,1.3374488528036088,-0.6995888601347388,-0.2065860987632873,26.180530334191022,0.1554999113082882,-49.06122106754572,-30.111669856815613,-18.949551210730103,3.5999999046325684,3.625,3.612499952316284,3.759999990463257,2.213305890335438,27.25942846112087,9.222946297378195,35.81182847132564,-150.3515229397708,3.900000035762787,3.8350000381469727,56.00000000000001,96.0,-39.99999999999999,3.703654213276254,3.757003531201233,0.0,0.0,25.82722435175728,0.0824844197231069,0.027494806574369,0.0091649355247896,-34.04850067747839,27.29719504346028,10.41670598917382,7.88917811082193,-89.58329401082618,-0.2719852777088389,-9.999996862913394,-2.619385054088232,-1.5203031366613189,-1.099081917426913,-1.6369472788010595,-3.187226560058344,1.550279281257284,3.488637939641777,0.5882347166332069,0.5865113711324588,24.363639137961645,-0.588235037177995,3.4002206325531006,4
2023-02-06,3.430000066757202,3.5299999713897705,3.424999952316284,3.5299999713897705,3.4002206325531006,12830064,-105901423.09752876,529608106,-0.0251261206033577,-10393.507228400063,0.0470573574724716,-0.0365483528041101,446905.2349419395,3.598431713100053,28.50171289794612,1221.1220962445002,3.6864999890327455,4.0012235846420365,3.3717763934234544,17.074384730535016,0.2513691063741221,0.0,0.0,3.5828333377838133,3.6833333015441903,3.4823333740234377,5.610083098229808,0.2371473360925038,0.0,0.0,3.369999885559082,3.880000114440918,3.625,13.834266388147975,0.3137255176953255,0.0921813241526671,6.933172485599071,-0.0931296971124839,-0.0637503776245289,-0.0293793194879549,3.613333344459534,3.689999993030842,3.572128212444683,3.665257909557167,0.7217740121293605,1.2379034227313797,-0.5161294106020191,-0.2351265206500357,26.34735818444466,0.1434999346733096,-53.17595557827906,-33.27183921717234,-19.90411636110672,3.5999999046325684,3.625,3.612499952316284,3.759999990463257,1.106652945167719,28.179370260929343,13.96436225274952,32.691297116951226,-96.657379833619,3.900000035762787,3.840000033378601,52.0,92.0,-40.0,3.703654213276254,3.7183031666370177,0.0,0.0,38.41362940122095,0.4741449839519843,0.1855431345583638,0.0710126470442442,-32.28311513970121,37.12520083389432,33.333349890178475,16.544149106491602,-66.66665010982153,-0.2822058796882629,-8.31168678362181,-2.540877051779852,-1.7244179196850258,-0.8164591320948262,3.640743797498681,-1.8216324885469388,5.46237628604562,3.493535009166664,3.216371129880957,3.165728945763968,28.36363532326438,-3.216372872317791,3.3905882835388184,0
2023-02-07,3.509999990463257,3.569999933242798,3.509999990463257,3.5199999809265137,3.3905882835388184,7506621,-110905837.09752876,522101485,-0.061180431335517,-19632.454540240557,0.0499558512907646,-0.0323228470119273,391397.2792515374,3.585492285911103,35.075300472089936,1217.6628301210194,3.67649998664856,3.998945240066938,3.354054733230181,17.540881522608924,0.2573231361557921,0.0,0.0,3.5578333377838134,3.655333304405213,3.4603333711624145,5.480861938414037,0.3059827189264059,0.0,0.0,3.369999885559082,3.880000114440918,3.625,13.871895300800594,0.2941177020573177,0.0889631860153545,7.301491034308241,-0.0903895784731223,-0.0690782177942476,-0.0213113606788746,3.587500015894572,3.681153838451092,3.564108484518811,3.654498062991933,0.7839998916625364,1.1840003112794757,-0.4000004196169393,-0.2576740063676301,26.43774202120103,0.1134999752044678,-58.00359305377185,-37.24571808182563,-20.757874971946222,3.5999999046325684,3.625,3.612499952316284,3.759999990463257,0.5533264725838595,28.35138346939164,16.53059254581521,31.099461657115484,-68.64865338332076,3.882499992847442,3.840000033378601,48.0,88.0,-40.0,3.703654213276254,3.683472838529224,0.0,0.0,37.78589079901569,0.4546111731329503,0.3370801922693472,0.1833727111340266,-31.11633652448541,37.75916136508645,31.25001862645078,25.00002483526771,-68.74998137354922,-0.2599117727840649,-8.093993445294213,-2.473378749012676,-1.874210085550556,-0.5991686634621198,2.473147222274951,-0.9626765463825612,3.435823768657512,3.4970722422349403,-0.2832858511134684,-0.2836878648922791,27.99999930641868,0.2832859997984798,3.361691236495972,1
2023-02-08,3.5199999809265137,3.569999933242798,3.4800000190734863,3.490000009536743,3.361691236495972,6535278,-115988831.09752876,515566207,-0.1159417520375732,-44836.12575223428,-0.0206570772518104,-0.0363428242456088,-76963.53441884847,3.5687312190641185,29.436427505326503,1207.2850317505763,3.661999988555908,3.990548220323406,3.33345175678841,17.94365007068498,0.2382424216775528,0.0,0.0,3.5295000076293945,3.629999971389771,3.4290000438690185,5.694855562721903,0.3034825256910933,0.0,0.0,3.369999885559082,3.880000114440918,3.625,13.926822241278929,0.2352942551432942,0.0890668588307502,7.677289996544599,-0.0896058413198366,-0.0731837424993654,-0.0164220988204711,3.562500019868215,3.670769223800072,3.552707180675416,3.642313021995253,0.7403100811011774,1.2054265578861243,-0.4651164767849471,-0.2763389121416836,26.19471139595785,0.1379999637603761,-64.11916881601836,-41.97558373721031,-22.14358507880805,3.569999933242798,3.625,3.597499966621399,3.759999990463257,0.2766632362919297,28.76979834033325,15.325149529577834,31.262359932165456,-68.93990627749059,3.877499997615814,3.840000033378601,44.0,84.0,-40.0,3.703654213276254,3.6521255432322097,0.0,0.0,35.89099666872052,0.427024779347282,0.4519269788107389,0.3248501018794833,-30.756187437641916,38.93048064824104,25.00002483526769,29.861131117299,-74.9999751647323,-0.2317647064433381,-7.915566103847837,-2.460135654973188,-1.9913951994350825,-0.4687404555381054,0.564358255358277,-0.6572695860343934,1.2216278413926704,3.495959069790449,-0.8522719191002448,-0.8559245244474711,26.909091255881567,0.8522723676932458,3.3424265384674072,2
2023-02-09,3.5,3.539999961853028,3.4600000381469727,3.470000028610229,3.3424265384674072,5090810,-119806938.59752882,510475397,-0.1728125413027558,-52976.12248770186,-0.0392864040359893,-0.0387048519753946,-84872.00760228356,3.556848965767841,28.995473117859504,1200.3664995036145,3.644999992847443,3.976330554092534,3.313669431602352,18.18000339617332,0.2359133374543087,0.0,0.0,3.502166676521301,3.6006666421890268,3.4036667108535767,5.625087254017558,0.3367174663817543,0.0,0.0,3.369999885559082,3.880000114440918,3.625,13.991775854118128,0.1960786238672776,0.0881601653182807,8.038020195020739,-0.089566093124707,-0.0764602126244337,-0.0131058805002733,3.535000026226044,3.66076922416687,3.539983003434618,3.629549096559325,0.7386363677413694,1.223485038683437,-0.4848486709420676,-0.2921557123017121,25.90886807979852,0.1649999499320982,-70.44636661481417,-47.44448040447504,-23.00188621033913,3.5149999856948853,3.625,3.569999992847442,3.759999990463257,0.1383316181459648,29.328005011174145,14.325171937835371,30.85373621260532,-70.62391406594794,3.841250002384186,3.840000033378601,40.0,80.0,-40.0,3.703654213276254,3.623912977464897,0.0,0.0,34.643691083503214,0.4149975140760832,0.432211155518772,0.4070727755329527,-30.839895754351357,38.75126966109409,20.83336230781221,25.694468589843577,-79.16663769218779,-0.2069852857028737,-8.684208627552856,-2.467692011925458,-2.0866545619331576,-0.3810374499923004,-2.4761959231630395,-1.0210548534601227,-1.4551410697029168,3.492489457781426,-0.5730653544946285,-0.5747136743136316,26.18181922219014,0.5730656587201963,3.3424265384674072,3
2023-02-10,3.450000047683716,3.509999990463257,3.440000057220459,3.470000028610229,3.3424265384674072,6409851,-120722631.59752887,516885248,-0.1609596536186467,-45408.10498945874,-0.0273016745965155,-0.0395982460945833,-29173.66837314772,3.538825426669906,28.86133626669257,1200.3664995036145,3.62849999666214,3.960178969960213,3.296821023364068,18.281878109587115,0.2610641903587439,0.0,0.0,3.481166672706604,3.5726666450500497,3.389666700363159,5.256856734889063,0.4389800684613251,0.0,0.0,3.369999885559082,3.880000114440918,3.625,14.055401112056924,0.1960786238672776,0.0863441421107324,8.37404025464976,-0.0885142551584405,-0.0788710211312351,-0.0096432340272054,3.506666700045268,3.652692299622756,3.5292163919231734,3.617730647081614,0.744274811244264,1.2557253707547584,-0.5114505595104945,-0.3048716595254647,25.626815795535418,0.1015000224113462,-76.3816334206232,-53.15591518707348,-23.22571823354972,3.46999990940094,3.625,3.54749995470047,3.740000009536743,0.0691658090729824,30.01588024948749,13.495390456625548,30.72153419623229,-70.03583422992385,3.831250011920929,3.840000033378601,36.0,76.0,-40.0,3.703654213276254,3.5985216682743157,0.0,0.0,34.643691083503214,0.4149975140760832,0.4190066024998162,0.4343815789431091,-30.907000333489844,38.23534199410521,21.73915973006861,22.52418229104952,-78.26084026993138,-0.186573533450856,-8.923882395684998,-2.446678976220745,-2.1586594447906755,-0.28801953143007,-3.5328946994356647,-1.523422822655231,-2.0094718767804336,3.490316346614274,0.0,0.0,26.18181922219014,0.0,3.361691236495972,4
2023-02-13,3.490000009536743,3.5199999809265137,3.4600000381469727,3.490000009536743,3.361691236495972,6929476,-120722631.59752887,523814724,-0.1172842429884148,-19122.74887228788,0.0129879702792397,-0.0341649059742704,39939.3045210561,3.524057330780089,34.95023980720855,1200.3664995036145,3.6125,3.938437026055544,3.286562973944456,18.04495645982251,0.3120802782891241,0.0,0.0,3.473500005404154,3.556999961535136,3.3900000492731728,4.807828184889621,0.598802471864213,0.0,0.0,3.369999885559082,3.849999904632568,3.609999895095825,13.28719775981968,0.2500002483526769,0.0837097221776133,8.662725637854415,-0.0850860160493254,-0.0801140201148532,-0.0049719959344722,3.4866666992505397,3.6484615344267626,3.523183102325261,3.6082691183745865,0.785156236903269,1.230468943540585,-0.4453127066373157,-0.3133714284891469,25.388409799411622,0.0375000953674322,-78.41239072043533,-58.584685284898,-19.827705435537325,3.46999990940094,3.625,3.54749995470047,3.740000009536743,0.0345829045364912,30.45853283664789,13.6563490291316,29.162258383622657,-57.0543989762194,3.7912500500679016,3.840000033378601,32.0,72.0,-40.0,3.703654213276254,3.575669490002792,0.0,0.0,37.17580728411012,0.5066348087216779,0.4455432789579482,0.4322536789921788,-30.24791454124747,39.68195181696839,26.08698131005813,22.886501115979662,-73.91301868994186,-0.1739264642491056,-6.434316576662055,-2.358083980378216,-2.1985443519081835,-0.1595396284700325,-3.7811519065157873,-1.9749686394273425,-1.8061832670884448,3.490311847588388,0.5763683216603477,0.5747136743136316,26.909091255881567,-0.5763686294029498,3.3135294914245605,0
2023-02-14,3.470000028610229,3.4800000190734863,3.414999961853028,3.440000057220459,3.3135294914245605,7623473,-122481877.38970885,516191251,-0.1548716155960184,-70844.25424545817,-0.0362368132168524,-0.0384257700575847,-69279.40190957117,3.5089661376154893,30.08492491107107,1200.3664995036145,3.5945000052452087,3.916771545002149,3.2722284654882685,17.931369552742876,0.2602953891906265,0.0,0.0,3.47133333683014,3.5493333101272584,3.39333336353302,4.49394890830883,0.2991455747662586,0.0,0.0,3.369999885559082,3.849999904632568,3.609999895095825,13.353735383865756,0.1458336851662921,0.0828387547282235,8.904122081065353,-0.0854190327036046,-0.0811750226326035,-0.0042440100710011,3.4691666960716248,3.638846149811378,3.5103857107706764,3.595804743474281,0.7220076658515024,1.2509654116146909,-0.5289577457631884,-0.3207225066946967,25.19202615596564,-0.074500024318695,-79.99829189647264,-63.575811681534816,-16.42248021493782,3.46999990940094,3.625,3.54749995470047,3.734999895095825,0.0172914522682456,31.267666312765535,12.782961644431705,31.13448023965196,-70.93163832274425,3.788749992847442,3.8550000190734863,28.000000000000004,68.0,-40.0,3.703654213276254,3.555102529558421,0.0,0.0,33.664323270058205,0.5481684503602727,0.489933591052678,0.4514944908368142,-30.673112949115666,37.82884738259293,15.217427360084573,21.01452280007045,-84.78257263991543,-0.1797794012462392,-5.753425552330929,-2.3755192174609685,-2.2339393250187407,-0.1415798924422278,-3.1848577019271462,-2.216946451927303,-0.967911249999843,3.490102433268438,-1.4326633862365212,-1.443025092776562,25.09091117165305,1.4326641468004766,3.371323585510254,1
2023-02-15,3.4800000190734863,3.509999990463257,3.450000047683716,3.5,3.371323585510254,7912793,-117206682.0563755,524104044,-0.1245161544791051,7100.228821943376,0.0246436354008907,-0.0352919370848533,28794.99104877553,3.495590037901306,36.51099666498785,1200.3664995036145,3.5795000076293944,3.889820729097422,3.269179286161367,17.33877473427047,0.3719067046936063,0.0,0.0,3.4763333400090537,3.5543333133061727,3.398333366711934,4.487485270725846,0.6517094108532242,0.0,0.0,3.369999885559082,3.849999904632568,3.609999895095825,13.409694595625291,0.2708335609899538,0.0815548725796809,8.932849732654926,-0.0799201866958703,-0.0809240554452568,0.0010038687493865,3.4675000309944157,3.630384610249446,3.508787909113649,3.5887080958095194,0.7588933000012064,1.233201753856917,-0.4743084538557109,-0.3232557675661719,25.02754377782937,-0.1394999504089353,-79.90406620052931,-67.72252081872108,-12.181545381808236,3.475000023841858,3.625,3.550000011920929,3.724999904632568,0.1535375768042889,31.421195297341185,14.5994388329705,29.253961108230477,-47.8253861434231,3.772499978542328,3.8550000190734863,24.0,64.0,-40.0,3.703654213276254,3.536592265158487,0.0,0.0,40.88079333512466,1.0,0.6849344196939836,0.5401370965682033,-28.85130424412314,35.89766034762116,32.5000208616207,24.601476510587812,-67.4999791383793,-0.1784852778210357,-0.5681812794001605,-2.2269904534501404,-2.232549550705021,0.0055590972548804,-2.371561664139408,-2.2478694943697244,-0.1236921697696833,3.490371484940487,1.744184354113676,1.7291480476206766,27.27272727272727,-1.744185293514505,3.458014726638794,2
2023-02-16,3.5199999809265137,3.5899999141693115,3.509999990463257,3.5899999141693115,3.458014726638794,8716426,-108490256.0563755,532820470,-0.0946994398652022,118154.1378278308,0.0642463931759731,-0.0218941604641087,362150.1522974472,3.485613103402968,44.71157479885513,1200.3664995036145,3.566500008106232,3.851124253337997,3.281875762874467,15.960983854470628,0.5412823335621747,0.0,0.0,3.4910000006357835,3.565999952952068,3.416000048319499,4.2967603725365375,1.159999843173453,1.0,0.0,3.369999885559082,3.849999904632568,3.609999895095825,13.458573334711978,0.4583333747254465,0.082399376738644,8.824298069897248,-0.0675217223207953,-0.0782435888203645,0.0107218664995692,3.4800000190734863,3.623076915740967,3.521282063737597,3.588803786058393,0.8724279480078501,1.1193417995842685,-0.2469138515764182,-0.3170753074824515,24.91879361678114,-0.1264999508857727,-76.0080000469535,-70.7166073719886,-5.2913926749648965,3.502499938011169,3.625,3.5637499690055847,3.700000047683716,50.07676878840214,30.182461548733567,20.332824627714317,26.996248271055496,-5.015990343109864,3.755000054836273,3.8625000715255737,20.0,60.0,-40.0,3.369999885559082,3.536592265158487,1.0,0.0,49.717154170533725,1.0,0.8493894834534244,0.6747524980666952,-24.26466055844545,45.377753951749575,75.86202644142418,41.19315822104317,-24.137973558575823,-0.1611323461813083,4.360460885284209,-1.8814548341455832,-2.162330607393133,0.2808757732475502,-0.8657099881074708,-1.9714375931172736,1.105727605009803,3.5021310772059078,2.571426119123177,2.538921009654937,30.5454514243386,-2.57142748032652,3.4002206325531006,3
2023-02-17,3.569999933242798,3.569999933242798,3.5,3.5299999713897705,3.4002206325531006,7435148,-109552420.0563755,525385322,-0.1100767159563146,37545.19605850944,-0.0141220860335919,-0.0093995526676569,99872.25837706936,3.4828612601399005,45.03351127328927,1180.3046825101285,3.5515000104904173,3.8093584419827606,3.293641578998074,14.5210998581265,0.4583103818319681,0.0,0.0,3.502333323160808,3.5763332764307663,3.4283333698908494,4.225751602829996,0.6869369304061064,0.0,0.0,3.369999885559082,3.849999904632568,3.609999895095825,13.515416518531952,0.3333334989017847,0.0831594304817107,8.533460283611657,-0.0618246676353209,-0.0749598045833558,0.0131351369480349,3.487500011920929,3.612307686072129,3.52262328029947,3.584447947934791,0.9356224396846652,1.0300432162093636,-0.0944207765246983,-0.3078311972663679,24.849676151764516,-0.1514999151229852,-73.06103521896057,-72.92606066539764,-0.1349745535629267,3.502499938011169,3.625,3.5637499690055847,3.684999942779541,75.03838439420107,29.1496654303404,18.77258008647463,25.77729817462549,-15.60195890462862,3.747500002384186,3.8625000715255737,16.0,56.00000000000001,-40.00000000000001,3.3743998861312865,3.536592265158487,0.0,0.0,44.89905765994674,0.8184635031887788,0.9394878343962596,0.8246039125145558,-21.95180583757932,48.665023988883455,72.72730228329108,60.36311652877868,-27.272697716708915,-0.1431764756931977,2.616276531170526,-1.7248030528924738,-2.0748250964930017,0.3500220436005279,-1.0231805474519209,-1.7817861839842033,0.7586056365322826,3.5033801744659208,-1.6713076382739778,-1.685431575159302,28.36363532326438,1.6713085008133959,3.380955934524536,4
2023-02-20,3.5,3.555000066757202,3.490000009536743,3.509999990463257,3.380955934524536,3546006,-110916272.51996352,521839316,-0.1022929366325531,22050.16056939337,-0.0229129918587095,-0.00048959697648,-144354.8629962446,3.4854231392777213,47.29873428793748,1173.6174101789666,3.5375000119209288,3.771326819247133,3.303673204594725,13.219890122303172,0.4411957470314608,0.0,0.0,3.5046666622161866,3.5746666193008423,3.434666705131531,3.9946713243416414,0.5380952251200688,0.0,0.0,3.369999885559082,3.829999923706055,3.5999999046325684,13.003534603443986,0.3043480289004755,0.0813434931555855,8.066847690480735,-0.0582520487090976,-0.0716182534085042,0.0133662046994065,3.496666669845581,3.6011538413854747,3.520681235709284,3.578933284418381,1.013513615104147,0.9369369640277728,0.0765766510763741,-0.2973826201521376,24.79823645746422,-0.1174999356269834,-70.88616013324776,-74.35745700756165,3.471296874313893,3.502499938011169,3.625,3.5637499690055847,3.649999976158142,87.51919219710054,28.31220585093198,17.715277616899648,25.191963662226964,-18.94996935858125,3.732500016689301,3.8625000715255737,12.0,52.0,-40.0,3.378711886692047,3.536592265158487,0.0,0.0,43.38960882344851,0.7615904095735828,0.8600179709207874,0.8829650962568238,-20.575964463506217,50.97267505888088,63.63640304438812,70.74191058970115,-36.36359695561188,-0.1292500012061177,3.2352909414826723,-1.6276371778906815,-1.9853875127725376,0.3577503348818562,-5.380789837993498,-2.5015869147860625,-2.879202923207435,3.5034437108809864,-0.5665717022269479,-0.5681828079570739,27.636363289572973,0.5665719995969596,3.4002206325531006,0
2023-02-21,3.509999990463257,3.559999942779541,3.5,3.5299999713897705,3.4002206325531006,3620554,-110916272.51996352,525459870,-0.1224723003529811,29244.567765681863,0.0124289146196479,0.0022478934479023,539.2511484782808,3.4922015889492126,54.162591612823455,1173.6174101789666,3.524000012874603,3.724439485802076,3.32356053994713,11.375679466242122,0.5149670083131239,0.0,0.0,3.504333329200745,3.5743332862854005,3.4343333721160887,3.9950512984232143,0.6833332708903338,0.0,0.0,3.369999885559082,3.829999923706055,3.5999999046325684,13.053349502451931,0.3478262447003697,0.0792091381179811,7.561278812966796,-0.0531937072119745,-0.0679333441691982,0.0147396369572237,3.505833327770233,3.590384611716637,3.5221148873524357,3.57530859456441,1.036036235347184,0.8648649229166555,0.1711713124305284,-0.2849300358557359,24.71933969252447,0.0059999585151673,-66.85935310991982,-74.66192192910626,7.802568819186433,3.502499938011169,3.609999895095825,3.5562499165534973,3.649999976158142,93.75959609855028,27.444343033935063,17.217838408950215,23.85629115154696,-0.9997575330282952,3.740000069141388,3.8625000715255737,8.0,48.0,-40.0,3.3829376472415924,3.536592265158487,0.0,0.0,45.36756388691448,0.8361159057488107,0.8053899395037242,0.8682985816069237,-18.848658733163884,51.26060479283702,72.72730228329108,69.69700253699011,-27.272697716708915,-0.1063529470387627,3.216371129880958,-1.487807438296255,-1.8858714978772813,0.3980640595810263,-8.957967105820723,-3.7928629529929943,-5.165104152827729,3.5036170462410245,0.5698000279445559,0.5681828079570739,28.36363532326438,-0.5698003287130575,3.371323585510254,1
2023-02-22,3.5,3.5299999713897705,3.450000047683716,3.5,3.371323585510254,5006392,-109664674.51996352,520453478,-0.1304968425329391,3610.827118302175,-0.0639181649476765,-0.0014275899773873,-21917.28285808249,3.4992810068540208,56.22737307077781,1173.6174101789666,3.5085000157356263,3.6600618539558063,3.3569381775154463,8.639694316113724,0.4719585885357302,0.0,0.0,3.502333331108093,3.571333289146424,3.4333333730697637,3.940227928933272,0.483091793281982,0.0,0.0,3.369999885559082,3.829999923706055,3.5999999046325684,13.11101713221811,0.2826089210005283,0.0792882166767884,6.91834753542474,-0.0510175831617085,-0.0645501919677003,0.0135326088059917,3.503333330154419,3.5788461520121646,3.518712596990522,3.569730180152231,1.0231484741751649,0.902777909619424,0.1203705645557408,-0.2727061907546489,24.73878954799229,0.0114999651908873,-62.85974917235093,-73.81896443549924,10.959215263148309,3.502499938011169,3.609999895095825,3.5562499165534973,3.649999976158142,96.87979804927514,27.260171788533984,15.999761017223069,26.59014350645803,-26.678479724616125,3.740000069141388,3.8625000715255737,4.0,44.0,-40.0,3.387078892580147,3.536592265158487,0.0,0.0,42.94376635648957,0.7164751899471647,0.7713938350898527,0.812267248504788,-18.12833206143953,53.27780741787779,57.142857142857146,64.5021874901788,-42.85714285714285,-0.0975882425027738,-0.8498575533404166,-1.4291719706258843,-1.794531592427002,0.3653596218011177,-10.15994237814044,-5.066278838022484,-5.093663540117955,3.5035934374195845,-0.8498575533404162,-0.8534894344956356,27.27272727272727,0.8498579993954394,3.419485330581665,2
2023-02-23,3.5299999713897705,3.5799999237060547,3.509999990463257,3.549999952316284,3.419485330581665,6141438,-108787326.23424923,526594916,-0.0881871173721697,46962.36712331839,0.0626887816291765,0.003540977994787,45187.54433914555,3.5071771005315173,56.47264081105313,1173.6174101789666,3.499500012397766,3.614299791212271,3.3847002335832617,6.560924612533247,0.7199478972869654,0.0,0.0,3.5079999923706056,3.57599995136261,3.440000033378601,3.876850578101169,0.8088234211333648,0.0,0.0,3.369999885559082,3.7699999809265137,3.569999933242798,11.43020699958112,0.4500000596046306,0.079359387379715,6.24836100463975,-0.0447426455226036,-0.060588682678681,0.0158460371560773,3.505833327770233,3.56923076739678,3.5235260362714094,3.568268681794013,1.0601852822778703,0.8287038518978023,0.231481430380068,-0.257953788848837,24.801990140064383,-0.009500002861023,-56.48821133847672,-71.60858420414962,15.120372865672898,3.502499938011169,3.609999895095825,3.5562499165534973,3.649999976158142,98.43989902463758,26.19225911281221,19.291674229032736,24.70773501506845,62.63724166716042,3.740000069141388,3.8625000715255737,4.0,40.0,-36.0,3.39113731301193,3.536592265158487,0.0,0.0,47.93628259504768,0.8890618367235593,0.8138843108065116,0.7968893618000296,-15.971466444195636,56.15423971031599,77.14287271305425,69.00434404640085,-22.85712728694575,-0.0961617680156932,0.8522719191002408,-1.2539034896920505,-1.686405971880012,0.4325024821879615,-9.6091405782433,-5.974851186066648,-3.634289392176653,3.5051807773857124,1.4285700661795575,1.418462155992373,29.090907356955785,-1.4285708224036284,3.3905882835388184,3
2023-02-24,3.539999961853028,3.559999942779541,3.490000009536743,3.5199999809265137,3.3905882835388184,5331404,-109548955.37710638,521263512,-0.050408411295485,17404.605038943188,-0.0262594492879021,-0.001695936773811,42680.66895290441,3.5099373859816967,46.697535254243775,1163.6995258970437,3.4930000066757203,3.585541800830973,3.4004582125204674,5.298699912876592,0.6458798940373731,0.0,0.0,3.512999987602234,3.5809999465942384,3.4450000286102296,3.87133272029512,0.5514705701888936,0.0,0.0,3.369999885559082,3.660000085830689,3.5149999856948853,8.302324641207184,0.5172413509609487,0.0784234419660233,5.8633609694029865,-0.0417096562521459,-0.056812877393374,0.015103221141228,3.508333325386048,3.556538462638855,3.5229835662183486,3.5646932224704946,1.0048078058299346,0.9134615583003768,0.0913462475295576,-0.243229197987506,24.91559177243581,-0.0229999780654912,-51.08476428176245,-68.5721812665193,17.48741698475684,3.502499938011169,3.609999895095825,3.5562499165534973,3.649999976158142,99.2199495123188,25.46068932989366,18.085222931151343,24.949360394511757,49.353688675014894,3.7487500309944153,3.8625000715255737,12.0,36.0,-24.0,3.395114565035078,3.536592265158487,0.0,0.0,45.37102539924496,0.7292609136523067,0.778265980107677,0.7878480420013471,-14.93678061124267,51.26384682723307,60.00002724784493,64.76191903458546,-39.99997275215507,-0.0944852955201089,0.8595980317419155,-1.1700770206317856,-1.5831401816303667,0.4130631609985811,-10.105930718573587,-6.801067092568036,-3.3048636260055515,3.5054489945743974,-0.8450696279642567,-0.8486605863890162,27.99999930641868,0.8450700690074626,3.332794189453125,4
2023-02-27,3.509999990463257,3.5199999809265137,3.430000066757202,3.4600000381469727,3.332794189453125,6099475,-111582113.71043973,515164037,-0.0077098751021561,-37362.93153594025,-0.0737767007313784,-0.0105339762039641,-149022.30122315034,3.5050852060540745,38.765392748437,1163.6995258970437,3.490000009536743,3.582736106051577,3.3972639130219093,5.314389470568711,0.3382508401948329,0.0,0.0,3.5109999895095827,3.581999945640564,3.440000033378601,4.044429298953009,0.1408451910271276,0.0,0.0,3.369999885559082,3.5899999141693115,3.4799998998641968,6.303725730918607,0.4090915494713069,0.0795810891863521,5.48341340356529,-0.0436443791109573,-0.0541791777368906,0.0105347986259333,3.507499992847442,3.5423076978096595,3.513293792668906,3.5569381717798634,0.8691589076588571,0.9906542076899184,-0.1214953000310613,-0.231910695672438,25.014250055369303,-0.0199999809265141,-48.44561888925792,-65.06632871016211,16.620709820904196,3.509999990463257,3.609999895095825,3.559999942779541,3.649999976158142,99.02392094153042,25.491445084447765,16.644013523992008,28.273807898955617,-45.29258690433522,3.76625007390976,3.8625000715255737,8.0,32.0,-24.0,3.3990122720177625,3.536592265158487,0.0,0.0,40.68199078491492,0.4371607449405599,0.6851611651054754,0.7591038186732213,-15.48779737102457,44.88628076373784,25.71433631742631,54.28574542610852,-74.2856636825737,-0.0967794158879447,-0.2881841608301511,-1.2270210221033448,-1.5119163497249626,0.2848953276216177,-9.416955847292892,-7.324244843513007,-2.092711003779886,3.5049672827241354,-1.7045438382004785,-1.7192384096632152,25.818183205344457,1.7045447353865342,3.3135294914245605,0
2023-02-28,3.4800000190734863,3.509999990463257,3.430000066757202,3.440000057220459,3.3135294914245605,8140903,-117687790.96043973,507023134,-0.0087952370956143,-55285.07056289136,-0.0049134504742399,-0.0094094314341377,-151025.42265354944,3.500302048610902,38.11012923758882,1163.6995258970437,3.490000009536743,3.582736106051577,3.3972639130219093,5.314389470568711,0.2304180669913882,0.0,0.0,3.512499992052714,3.584999934832255,3.4400000492731726,4.128110630239293,5.4808914875295575e-08,0.0,0.0,3.369999885559082,3.5899999141693115,3.4799998998641968,6.303725730918607,0.3181825570822771,0.0796229726383224,5.0681167484305165,-0.0462582558507622,-0.0525949933596649,0.0063367375089027,3.5049999952316284,3.528846163016099,3.502017833369145,3.5482760892199074,0.8962264384354421,1.0,-0.1037735615645578,-0.2240116251147494,25.053718265151826,0.0,-44.467416405097495,-61.12892317733635,16.66150677223885,3.509999990463257,3.5999999046325684,3.5549999475479126,3.649999976158142,95.29972763853952,25.520003999390863,15.464327533222775,26.269831211720955,-64.3156617607248,3.773750066757202,3.8625000715255737,4.0,28.000000000000004,-24.000000000000004,3.402832024860793,3.536592265158487,0.0,0.0,39.2266991357375,0.3465043580266284,0.5043086722064984,0.6559119391398837,-16.379790104790708,43.00217793933826,14.285772673953431,33.33337874640824,-85.71422732604657,-0.1006176387562467,-0.8645524824904789,-1.303682540129852,-1.4702695878059406,0.1665870476760886,-6.193022693728775,-7.098000413556162,0.9049777198273868,3.504696867633589,-0.5780341244511877,-0.579711207560818,25.09091117165305,0.578034433975219,3.3231618404388428,1
2023-03-01,3.4200000762939453,3.450000047683716,3.380000114440918,3.450000047683716,3.3231618404388428,9965579,-107722211.96043973,516988713,0.0501605793014461,-33150.67548807365,-0.0386329048890311,-0.0093627529236406,-18087.51909266413,3.49296590807288,36.18575155634307,1163.6995258970437,3.490500009059906,3.582255030405,3.398744987714813,5.257414187476573,0.2793038419997269,0.0,0.0,3.5064999977747595,3.5799999396006266,3.433000055948893,4.192211143448466,0.1156462938099912,0.0,0.0,3.369999885559082,3.5899999141693115,3.4799998998641968,6.302822748580423,0.363637053276792,0.0786606686987699,4.591711673877343,-0.0469812853296005,-0.0514722517536521,0.0044909664240515,3.501666665077209,3.515384628222539,3.4940150971098483,3.540996382439449,0.8666666969420638,1.028571422083844,-0.1619047251417802,-0.2177918574653412,25.098277464772757,-0.0504999518394471,-40.831000926122165,-57.2203677194662,16.38936679334404,3.4800000190734863,3.5999999046325684,3.539999961853028,3.649999976158142,85.30367802355624,26.089544456456384,14.496152565883454,29.097083915765467,-128.53594550374177,3.778750061988831,3.8625000715255737,4.0,24.0,-20.0,3.402832024860793,3.5899999141693115,0.0,1.0,40.37519516591804,0.4180491240122044,0.400571408993131,0.5300137487683683,-16.77896906154849,50.11972684761354,33.333333333333336,24.444480774904378,-66.66666666666667,-0.1048823335591482,-1.1461307089892208,-1.3267815116273685,-1.4415719725702263,0.1147904609428578,-1.526884659492168,-5.983777262743364,4.456892603251196,3.5035983849776247,0.2906973923522793,0.2902756845473808,25.454547188498758,-0.29069754891908417,3.3038971424102783,2
2023-03-02,3.450000047683716,3.450000047683716,3.4049999713897705,3.430000066757202,3.3038971424102783,5055610,-107160465.61131074,511933103,0.0852574631067306,-42859.4509286191,0.0111262090038203,-0.0066179040950452,-338.1774169136079,3.490770705234623,42.1692316973746,1156.953448215752,3.4920000076293944,3.57862555632758,3.4053744589312087,4.961371621358787,0.1421382501817803,0.0,0.0,3.4930000066757203,3.562999963760376,3.4230000495910646,4.0080135671843,0.0500001532691793,0.0,0.0,3.380000114440918,3.5899999141693115,3.4850000143051147,6.013739956173586,0.238095238095238,0.0752946094582875,4.100531290763396,-0.0486078022279037,-0.0508993618485024,0.0022915596205987,3.5008333325386047,3.500769248375526,3.4841666309017487,3.5327744331296524,0.9073169892064936,1.0,-0.0926830107935063,-0.213642288839044,25.001051722305217,0.0079999923706055,-39.42726597173169,-53.48328224755189,14.056016275820191,3.4800000190734863,3.5999999046325684,3.539999961853028,3.649999976158142,65.6412728888944,26.61840345230294,13.893941696582676,27.888309372355238,-128.61958538011243,3.778750061988831,3.8625000715255737,4.0,20.0,-16.0,3.402832024860793,3.5857999181747435,0.0,0.0,38.79606115537485,0.3196780628371676,0.3614105149586669,0.4220968653860987,-17.563381503530266,50.76093350566424,23.80952380952381,23.809543272270208,-76.19047619047619,-0.116985266348895,-0.2906973923522806,-1.3759101563934986,-1.4284396093348808,0.0525294529413822,-3.635483077452957,-5.514118425685282,1.8786353482323253,3.4937614493939955,-0.5797095840604838,-0.5813964224045565,24.727275154807348,0.5797098953814555,3.3231618404388428,3
2023-03-03,3.440000057220459,3.4800000190734863,3.440000057220459,3.450000047683716,3.3231618404388428,4811921,-109566426.11131074,516745024,0.0680358838849059,-22988.33962168915,0.0270162354001962,-0.005615885157834,-1250.0346103501324,3.488994949348293,40.76941341437259,1163.6995258970437,3.4935000061988832,3.5760287103511583,3.410971302046608,4.724700386766037,0.2364555825637046,0.0,0.0,3.485333347320557,3.5523333072662355,3.418333387374878,3.844680165080151,0.2363185017909863,0.0,0.0,3.380000114440918,3.5899999141693115,3.4850000143051147,6.011157846164847,0.3333333333333333,0.0727651437440871,3.586347716732392,-0.0477327636871045,-0.0502660422162228,0.0025332785291183,3.496666669845581,3.4900000187066884,3.4789102334835897,3.5266429971706943,0.9113300805033148,0.9704433601677716,-0.0591132796644567,-0.2095769154086573,24.722015183678607,0.0964999079704282,-37.21448319498361,-49.74198480996698,12.527501614983372,3.4800000190734863,3.569999933242798,3.524999976158142,3.639999985694885,41.94498227110864,26.47417965792357,16.077304210133665,26.567652359144457,-79.37353643371668,3.773750066757202,3.8625000715255737,56.00000000000001,16.0,40.00000000000001,3.402832024860793,3.581683922100067,0.0,0.0,41.26978178267282,0.4737767786733072,0.4038346551742265,0.3886055263753414,-17.542537278529956,48.70845513464648,33.333333333333336,30.15873015873018,-66.66666666666667,-0.1186617248198564,-1.428570066179548,-1.3534900959750935,-1.4134497066629237,0.0599596106878297,-5.628281751297091,-5.536951090807644,-0.0913306604894463,3.491312551437264,0.583089811581905,0.5813964224045565,25.454547188498758,-0.5830901265440218,3.3424265384674072,4
2023-03-06,3.450000047683716,3.509999990463257,3.440000057220459,3.470000028610229,3.3424265384674072,5428674,-110341950.96845366,522173698,-0.0348802410752302,-4193.808753410949,0.0193417029146508,-0.001645991148441,59528.36455776875,3.49186578839194,47.9526884085948,1163.6995258970437,3.490500009059906,3.571857168396159,3.4091428497236533,4.661633526720124,0.3740124371541187,0.0,0.0,3.4808333476384483,3.548333295186361,3.4133334000905355,3.878378583893293,0.4197531300262895,0.0,0.0,3.380000114440918,3.5899999141693115,3.4850000143051147,6.016324285441061,0.4285714285714264,0.0724886226939582,3.05651592360404,-0.044907788987929,-0.0491943915705641,0.004286602582635,3.486666679382324,3.483076939216027,3.477539432733842,3.522447221721771,0.9653466608627828,0.9108911101437972,0.0544555507189855,-0.2042551510489573,24.4174922266004,0.0394999623298644,-36.02578674038611,-46.3160329911299,10.290246250743792,3.4800000190734863,3.5149999856948853,3.497500002384186,3.6374999284744254,20.97249113555432,25.74441828083209,17.86189259849572,24.79720390607045,-40.41979950349003,3.740000009536743,3.8625000715255737,52.0,12.0,40.0,3.402832024860793,3.577650245946884,0.0,0.0,43.71948798148387,0.4508181387407955,0.4147576600837568,0.3933342767388834,-16.851086895159444,46.95282865560584,42.85714285714265,33.333333333333286,-57.14285714285735,-0.1091764309827016,-3.3426152765479715,-1.2749031046085657,-1.385740386252052,0.1108372816434863,-6.425480159209275,-5.7146569044879705,-0.7108232547213049,3.4908295760095727,0.5797095840604616,0.5780357339155495,26.18181922219014,-0.5797098953814555,3.3905882835388184,0
2023-03-07,3.450000047683716,3.539999961853028,3.450000047683716,3.5199999809265137,3.3905882835388184,9431113,-105102443.74623153,531604811,0.0449066701864561,63770.33539557519,0.0190857279175228,-0.0020429845401101,167365.41274537245,3.493548309227179,48.86793674370796,1163.6995258970437,3.490500009059906,3.571857168396159,3.4091428497236533,4.661633526720124,0.6812991758026045,0.0,0.0,3.478166683514913,3.548666628201803,3.4076667388280235,4.053856591809161,0.7966902853427336,0.0,0.0,3.380000114440918,3.5899999141693115,3.4850000143051147,6.016324285441061,0.6666666666666666,0.0742397518414936,2.8995721528258107,-0.0381941198623421,-0.0469943372289197,0.0088002173665775,3.4858333468437195,3.483076939216027,3.4840718247634834,3.522265944625825,0.9514563219162386,0.9223301150659814,0.0291262068502572,-0.1951932790015897,24.20181329596578,0.0194999814033507,-33.70449407058623,-43.07656020204493,9.372066131458702,3.4800000190734863,3.4799998998641968,3.4799999594688416,3.6374999284744254,38.26365722846204,24.508332227661395,19.168846045890284,22.702454510313927,26.52034683805097,3.6987499594688416,3.8350000381469727,48.0,8.0,40.0,3.402832024860793,3.5736972433167646,0.0,0.0,49.40164789073549,0.9711103751831156,0.6319017641990728,0.4834980264856854,-14.590096270237051,50.963863086292704,66.66666666666667,47.61904761904757,-33.333333333333336,-0.0954999629188986,-0.2832858511134722,-1.084362182265585,-1.3254647454547586,0.2411025631891739,-2.054145231735072,-4.98255456993739,2.9284093382023184,3.491035110118652,1.440920804150836,1.4306381987611028,27.99999930641868,-1.4409215735073246,3.3424265384674072,1
2023-03-08,3.509999990463257,3.5199999809265137,3.4549999237060547,3.470000028610229,3.3424265384674072,5516624,-108072918.0271251,526088187,0.0617400084593448,15255.867918082831,-0.0088369959334212,-0.0072632266193525,57533.8072227322,3.485670190159816,40.392684089722096,1147.1697187605048,3.48950001001358,3.5713473509763545,3.407652669050806,4.691064091010317,0.3808759015627633,0.0,0.0,3.4770000139872232,3.545999972025554,3.408000055948893,3.968936310656226,0.4492754374350066,0.0,0.0,3.380000114440918,3.5899999141693115,3.4850000143051147,6.01804840595419,0.4285714285714264,0.0733157823793901,2.9614621062092725,-0.036487462243739,-0.0448929622318835,0.0084054999881445,3.4825000166893005,3.48423078426948,3.481906933047598,3.518394395291337,0.9054725518370934,1.0298507356463034,-0.1243781838092099,-0.1863494328827479,24.101622427857,0.0404999613761902,-32.80547851319228,-40.44514544367999,7.639666930487714,3.470000028610229,3.4799998998641968,3.474999964237213,3.6374999284744254,60.79794610525834,23.360538035431464,17.9870420920283,21.30279537389904,-18.079171994607577,3.648750007152557,3.785000085830689,44.0,4.0,40.0,3.402832024860793,3.569823300739248,0.0,0.0,44.557062183237136,0.5432043668696079,0.6550442935978397,0.5672345726268898,-14.015758325420766,49.131711051295454,44.99999999999978,51.50793650793639,-55.00000000000022,-0.0710735187811009,-1.1396000558891315,-1.0370486689204066,-1.267781530147888,0.2307328612274815,-3.353845502405416,-4.656812756430996,1.3029672540255794,3.490735943871781,-1.4204531985004154,-1.4306381987611028,26.18181922219014,1.4204539461554333,3.3424265384674072,2
2023-03-09,3.509999990463257,3.509999990463257,3.4600000381469727,3.470000028610229,3.3424265384674072,3359399,-110088557.42712516,529447586,0.0768359234507635,13076.458215499571,-0.0037208078395015,-0.0065202781769175,-78361.06205724148,3.481085692798245,42.46966103604629,1147.1697187605048,3.48950001001358,3.5713473509763545,3.407652669050806,4.691064091010317,0.3808759015627633,0.0,0.0,3.4703333536783854,3.537333313624065,3.4033333937327064,3.861298216476091,0.4975124980042766,0.0,0.0,3.380000114440918,3.5899999141693115,3.4850000143051147,6.01804840595419,0.4285714285714264,0.0709841993730795,2.9888923890730505,-0.0347345257933375,-0.0428612749441743,0.0081267491508367,3.477500021457672,3.485384629322932,3.4800751015956948,3.5148096273890324,0.9378238572393188,1.041450761840454,-0.1036269046011352,-0.1776701766819829,23.95135624430132,0.0104999899864197,-34.57115858139001,-38.61030036586083,4.0391417844708215,3.4600000381469727,3.4799998998641968,3.4699999690055847,3.6374999284744254,79.0094434588277,22.294729142646528,17.11303100647272,20.267668018614668,-20.427098339104266,3.64124995470047,3.777500033378601,40.0,4.0,36.0,3.402832024860793,3.5660268370132813,0.0,0.0,44.557062183237136,0.5432043668696079,0.6858397029741106,0.657595253590341,-13.55115253367386,51.42822993715243,44.99999999999978,52.22222222222209,-55.00000000000022,-0.0497205790351418,-1.6997151066808456,-0.9882334884561026,-1.211871921809531,0.2236384333534284,-7.119327763889688,-5.149315757922734,-1.9700120059669537,3.4895755573546587,0.0,0.0,26.18181922219014,0.0,3.255735397338867,3
2023-03-10,3.440000057220459,3.440000057220459,3.359999895095825,3.380000114440918,3.255735397338867,6231659,-113204359.06949504,523215927,0.0595251816240711,-68912.86083420248,-0.1091204899426921,-0.0126779566114877,-161627.88775452564,3.473016794933224,41.20961062750884,1147.1697187605048,3.4850000143051147,3.5795514973622846,3.390448531247945,5.426196996789557,-0.0552525273490916,0.0,1.0,3.457333358128866,3.525333340962728,3.389333375295004,3.9336665452858903,-0.0686269353691511,0.0,1.0,3.359999895095825,3.5899999141693115,3.4749999046325684,6.599713576166133,0.0869574682022204,0.074885792787212,3.1963683729722208,-0.0401447878152945,-0.0423179775183984,0.0021731897031038,3.4675000309944157,3.484615399287297,3.4646789497257293,3.504823737541024,0.8613859679976021,1.0643565232889036,-0.2029705552913014,-0.1740688299701245,23.89826976640548,0.0649999380111694,-37.71131754355628,-37.41760021633843,-0.2937173272178484,3.4499999284744263,3.4749999046325684,3.4624999165534973,3.620000004768372,76.73050509393818,22.73560298936368,15.346304566013956,27.560596102283213,-181.84826206325133,3.6174999475479126,3.759999990463257,36.0,100.0,-64.0,3.402832024860793,3.562306302561834,0.0,0.0,36.98545542329352,0.0,0.3621362445797387,0.5676734137172296,-15.481622614378685,42.30298156032797,9.091007610970289,33.03033587032329,-90.9089923890297,-0.0496617688852198,-3.428568158830915,-1.1454153139084822,-1.1985806002293211,0.0531652863208391,-6.388996461958514,-5.39725189872989,-0.9917445632286236,3.478877537667642,-2.5936574474714646,-2.627885885060399,22.909095070578832,2.5936588323131957,3.197941303253174,4
2023-03-13,3.3499999046325684,3.369999885559082,3.289999961853028,3.319999933242798,3.197941303253174,4715549,-114383246.31949508,518500378,0.0510869379149207,-99487.27992197555,-0.1187560314946736,-0.0220483099053678,-245336.1081299601,3.4624997018308794,36.47326568116284,1126.805698446851,3.4765000104904176,3.595205478134337,3.357794542846498,6.829021561094375,-0.1591948979008815,0.0,1.0,3.4430000146230064,3.509999998410543,3.3760000308354696,3.891953732383182,-0.417911277189658,0.0,1.0,3.289999961853028,3.5899999141693115,3.439999938011169,8.629367220222266,0.0999999205271263,0.0763972287672798,3.607703347212642,-0.0487124458731993,-0.0435968711893585,-0.0051155746838407,3.4483333627382917,3.480769239939176,3.442420639497586,3.491133085370785,0.7788458474464569,1.12499991403174,-0.346154066585283,-0.1770148618941081,23.86504543265705,0.0434999704360961,-39.88029750276609,-36.90792033830161,-2.9723771644644827,3.414999961853028,3.439999938011169,3.4274999499320984,3.5850000381469727,41.20722630796901,23.86824946285751,14.06671746677377,31.74772753246688,-242.66904331028135,3.612499952316284,3.759999990463257,32.0,100.0,-68.0,3.402832024860793,3.5542140462631933,0.0,0.0,32.96380771638006,0.0,0.1810681222898693,0.4096813566145729,-18.478208103528075,40.40672408475008,10.344819081381178,21.478608897450428,-89.65518091861883,-0.0655735520755542,-6.478873863742369,-1.3953190749823765,-1.2379282951799324,-0.1573907798024441,-7.746033550228237,-5.86700822902956,-1.879025321198677,3.4633660471641736,-1.775153229781612,-1.7910980532380716,20.72727029973811,1.7751471490260684,3.043823719024658,0
2023-03-14,3.25,3.289999961853028,3.130000114440918,3.1600000858306885,3.043823719024658,14546218,-123474632.5694951,503954160,-0.0075775384977306,-417759.4771364474,-0.1319928202569476,-0.0269107852846015,-784730.1201409585,3.419559128242027,33.21388108972836,1126.805698446851,3.462500011920929,3.6443652899510126,3.280634733890845,10.504853568458945,-0.3316593727149005,0.0,1.0,3.416333349545797,3.491333325703939,3.3413333733876547,4.390670844114988,-1.2088889680085606,0.0,1.0,3.130000114440918,3.5899999141693115,3.3600000143051147,13.285192726200004,0.065217357502077,0.0877574877707398,4.602970564577852,-0.0676333914856495,-0.0484041752486167,-0.0192292162370327,3.418333371480306,3.4665384751099806,3.3989713235488326,3.466604715034482,0.6782606550334953,1.1304347014832548,-0.4521740464497594,-0.1927360817047116,24.09838373233368,-0.0024999737739563,-45.58641750455721,-37.43629995812772,-8.150117546429492,3.3350000381469727,3.3600000143051147,3.347500026226044,3.505000114440918,20.603613153984504,26.05340031919286,11.8250827120105,40.10805988168988,-319.3442572395249,3.612499952316284,3.759999990463257,28.000000000000004,100.0,-72.0,3.402832024860793,3.538361201198583,0.0,0.0,25.11975997155928,0.0,0.0,0.1810681222898693,-24.398526475140304,34.85722302285796,6.666663134538072,8.700829942296528,-93.33333686546192,-0.1055147241143621,-10.227269802458014,-1.9509980815616808,-1.3805422524562825,-0.5704558291053985,3.3889486694459547,-4.015816849334457,7.404765518780412,3.4109245982772767,-4.819272609316894,-4.939270806037532,14.90909403020686,4.819274952662084,3.1497795581817627,1
2023-03-15,3.180000066757202,3.2799999713897705,3.180000066757202,3.2699999809265137,3.1497795581817627,8468610,-116699744.5694951,512422770,0.0038530249153055,-225001.5216016041,0.0236165815323238,-0.0297016567200909,-406228.80283351074,3.396150825703495,34.36518499731832,1166.0299089708672,3.4510000109672547,3.650188318431838,3.2518117035026712,11.543802192498662,0.0456559866775221,0.0,0.0,3.398000009854635,3.475999983151754,3.3200000365575155,4.590934259617974,-0.3205132868478076,0.0,1.0,3.130000114440918,3.5899999141693115,3.3600000143051147,13.329463873269118,0.3043476683430264,0.090981727549574,4.970078741176699,-0.0729118228668408,-0.0533057047722615,-0.0196061180945792,3.402500033378601,3.456923090494596,3.379129578530014,3.452041401396855,0.6722687038439507,1.168067125873034,-0.4957984220290833,-0.2099989576562837,24.299823564215767,-0.0109999537467957,-48.45151902054193,-38.438994741328855,-10.012524279213077,3.3350000381469727,3.3600000143051147,3.347500026226044,3.505000114440918,10.301806576992252,28.08246897150426,10.668713625726843,36.18591221578873,-198.44852954997936,3.612499952316284,3.759999990463257,24.0,96.0,-72.0,3.402832024860793,3.50569231425797,0.0,0.0,36.33615083597692,0.4619241675833488,0.153974722527783,0.1116809482725508,-25.00922016261121,41.421435333130766,32.55812148263148,16.52320123285026,-67.44187851736852,-0.1408382415771485,-5.491331072996601,-2.1121363966648072,-1.5268610812979877,-0.5852753153668198,4.515028977308486,-2.3096476840058684,6.824676661314355,3.4020185519704693,3.48100924392567,3.4217924315860904,18.909090215509597,-3.4810110222498736,3.082353115081787,2
2023-03-16,3.2100000381469727,3.240000009536743,3.190000057220459,3.200000047683716,3.082353115081787,14968708,-125680969.3694951,497454062,-0.1247321910944967,-342545.3843343656,-0.0050104429152416,-0.0281838705506152,-25637.65745412308,3.36369348421046,31.564095455222244,1166.0299089708672,3.431500017642975,3.648043280220337,3.2149567550656126,12.620909891534913,-0.034535148320658,0.0,1.0,3.376166677474976,3.4546666383743285,3.2976667165756224,4.650242028812567,-0.6220810034359612,0.0,1.0,3.130000114440918,3.5799999237060547,3.3550000190734863,13.113793004559914,0.1555554731392216,0.0898835471652221,5.507567537019841,-0.0818004823231324,-0.0590046602824357,-0.0227958220406966,3.3825000325838723,3.445769245807941,3.351571189169045,3.4333716714921776,0.6749997963507248,1.1583332389592795,-0.4833334426085547,-0.2310759613182686,24.39116335823864,0.0185000300407409,-53.690286909972926,-40.26963959854989,-13.420647311423032,3.3350000381469727,3.3600000143051147,3.347500026226044,3.505000114440918,5.150903288496126,29.96660414865056,9.968823875638872,33.81204129321177,-182.49533952778052,3.597499966621399,3.759999990463257,20.0,92.0,-72.0,3.402832024860793,3.475636938272606,0.0,0.0,32.953356448128915,0.3226106842533931,0.2615116172789141,0.1384954466022323,-26.786571899105997,35.75623403792769,17.073160803505782,18.76598180689179,-82.92683919649421,-0.1805735314593599,-6.976744347227267,-2.3825117158836786,-1.6979912082151258,-0.6845205076685528,11.743598716033889,0.5010015960020826,11.242597120031803,3.385684475238489,-2.140670753856222,-2.163915436944963,16.36363809758967,2.1406718106615017,3.111250162124634,3
2023-03-17,3.200000047683716,3.240000009536743,3.180000066757202,3.2300000190734863,3.111250162124634,8088554,-120288600.03616177,505542616,-0.0775318813809994,-258945.1310602257,-0.0037089376889328,-0.0231790303332977,-244600.63408340132,3.34679232480602,38.29308516295713,1176.9614287794568,3.4165000200271605,3.644909710191188,3.188090329863133,13.370975491006234,0.0917423625509423,0.0,0.0,3.352166676521301,3.4326666355133058,3.271666717529297,4.802861358644785,-0.2587995011273811,0.0,1.0,3.130000114440918,3.5799999237060547,3.3550000190734863,13.171368553410964,0.2222221044846024,0.0868951867266539,5.851913406734326,-0.0854391724150818,-0.0642915627089649,-0.0211476097061168,3.364166696866353,3.436538476210374,3.332867932231267,3.418307104646349,0.7094014794998675,1.1282050498295009,-0.4188035703296333,-0.2517803677380379,24.44939423111797,0.0135000467300416,-57.96309497734842,-42.7071182915457,-15.255976685802716,3.3350000381469727,3.3600000143051147,3.347500026226044,3.505000114440918,2.575451644248063,31.780473866390334,9.467192458750183,32.94928569894163,-144.99251314336408,3.569999992847442,3.759999990463257,16.0,88.0,-72.0,3.402832024860793,3.447985992366071,0.0,0.0,35.71552807870842,0.4363650858787348,0.406966645905159,0.2741509952372853,-27.14743407723022,39.7801755556435,24.390229719293973,24.67383733514376,-75.60977028070602,-0.2073970486136045,-6.37681233534865,-2.4994586442788664,-1.8582846954278744,-0.6411739488509922,10.33778377818221,2.468358032438108,7.869425745744103,3.374208156737051,0.9374990919605032,0.9331318432827418,17.45454614812678,-0.9374995649088618,3.00529408454895,4
2023-03-20,3.180000066757202,3.200000047683716,3.115000009536743,3.119999885559082,3.00529408454895,5114890,-124801753.46226326,500427726,-0.0991513590456313,-302329.90989612084,-0.0872453330050029,-0.029059879085495,-98361.39040594986,3.32830886966536,39.60806441017888,1136.8791026052977,3.397000014781952,3.654844934833097,3.139155094730807,15.180742945489548,-0.037144825595023,0.0,1.0,3.319333338737488,3.4013333082199098,3.237333369255066,4.94074930802886,-0.7154483375822268,0.0,1.0,3.115000009536743,3.5799999237060547,3.347499966621399,13.688546133231592,0.0107524235381221,0.0897056690076629,6.497817375430917,-0.0960912716288397,-0.0706515044929399,-0.0254397671358998,3.3383333484331765,3.4230769322468686,3.300119001974008,3.3962102736028474,0.6390039047235586,1.1244812415972276,-0.485477336873669,-0.2770421836217338,24.55530656378322,0.0530000329017639,-64.17947540778884,-46.09322732901266,-18.08624807877618,3.3174999952316284,3.352499961853028,3.334999978542328,3.4975000619888306,1.2877258221240315,33.85243638698338,8.576398095281816,35.16728738098154,-158.59694425714275,3.54749995470047,3.740000009536743,12.0,100.0,-88.0,3.402832024860793,3.422547122132059,0.0,0.0,30.71831306206921,0.230564983626688,0.3298469179196054,0.3327750603678928,-29.315226089119108,37.0285114586386,1.1764415490140958,14.213277357271297,-98.8235584509859,-0.2324117337956144,-9.03790598147717,-2.829367556411694,-2.0525012676246384,-0.7768662887870557,6.227863469640868,3.2202591198786603,3.007604349762208,3.3424922654348923,-3.4055768688805554,-3.4649177998060443,13.45454129305752,3.4055788526926847,3.120882511138916,0
2023-03-21,3.25,3.3299999237060547,3.190000057220459,3.240000009536743,3.120882511138916,12007883,-128232577.17654896,512435609,-0.1166626309305328,-53290.28723821082,0.1195046701754379,-0.0177643380094615,287650.6372281385,3.3108557775601883,50.01318760541498,1136.8791026052977,3.3825000166893004,3.6414112092926647,3.123588824085936,15.308865710326266,0.2248091020714226,0.0,0.0,3.294333338737488,3.3813333034515383,3.2073333740234373,5.281794874309357,0.1877393607036152,0.0,0.0,3.115000009536743,3.5799999237060547,3.347499966621399,13.747225776053089,0.2688172539199354,0.1017351059215938,6.756847379138065,-0.0937692167168555,-0.075275046937723,-0.0184941697791324,3.3208333452542624,3.413461547631484,3.2908699262144285,3.384639142931284,0.7174718125380899,0.9182155013580118,-0.2007436888199218,-0.2971755899625488,24.78809369729642,0.0875000119209286,-68.63399383635482,-50.07417347603072,-18.559820360324096,3.3125,3.352499961853028,3.3324999809265137,3.4975000619888306,0.6438629110620158,33.39306921505989,16.903379775809686,29.67606802244373,-79.44216711713119,3.54749995470047,3.740000009536743,8.0,96.0,-88.0,3.402832024860793,3.3917924108725277,0.0,0.0,40.49898129507292,0.6333618446269231,0.4334306380441154,0.39008140062296,-27.37404780757405,41.59024734343931,29.41176800579382,18.32614642470064,-70.58823199420617,-0.2172646859112905,-6.08695754331841,-2.770434683197756,-2.196087950739262,-0.5743467324584941,9.630876460669947,4.502382588036919,5.128493872633031,3.334726128257592,3.846157960873065,3.774036760606836,17.818182164972484,-3.846160253808037,3.0919854640960693,1
2023-03-22,3.2300000190734863,3.25,3.180000066757202,3.2100000381469727,3.0919854640960693,6511775,-129162830.74797754,505923834,-0.1300432054251073,-73584.96958941253,-0.0483738150021257,-0.0220143397241719,401547.9926523749,3.2996016833364794,44.70435288978414,1126.3524543178291,3.368000018596649,3.631408456541158,3.10459158065214,15.641831145491745,0.2000855749295295,0.0,0.0,3.2675000111262,3.3549999634424843,3.180000058809916,5.35577365070159,0.1714285467757547,0.0,0.0,3.115000009536743,3.5799999237060547,3.347499966621399,13.806410677012524,0.2043011745065375,0.0985615886537142,7.055223910419248,-0.0932745079739798,-0.0788749391449744,-0.0143995688290054,3.299166679382324,3.4046153930517344,3.278428404973281,3.3717029129472613,0.6970800677665835,0.9781020309961642,-0.2810219632295807,-0.3141609794401785,24.9644858627742,0.1519999623298646,-72.51453556534793,-54.290104252026055,-18.224431313321872,3.277500033378601,3.352499961853028,3.314999997615814,3.4975000619888306,0.3219314555310079,33.05412912373082,16.00619682698496,28.859192159030005,-90.06327012329358,3.54749995470047,3.734999895095825,4.0,92.0,-88.0,3.402832024860793,3.364113170738949,0.0,0.0,39.01606259323067,0.5722908641999382,0.4787392308178499,0.4140055955938568,-26.43317358141796,42.03833294498145,22.352950416222765,17.64705332367691,-77.64704958377723,-0.2140882148462184,-7.492795052436615,-2.766391653778508,-2.310148691347111,-0.4562429624313964,6.886713332234479,4.979248736876431,1.9074645953580476,3.325951831043453,-0.9259250401687512,-0.9302383721960572,16.727274114435374,0.9259255015114718,3.0630884170532227,2
2023-03-23,3.2100000381469727,3.240000009536743,3.1700000762939453,3.180000066757202,3.0630884170532227,6774220,-134001559.3194061,499149614,-0.1674599149616265,-92105.17481778376,-0.0103332732751016,-0.0246821617724075,-123604.56144423375,3.286530093474154,39.53712344106808,1126.3524543178291,3.349500024318695,3.6111467465048617,3.0878533021325283,15.623031514345904,0.1760900420512618,0.0,0.0,3.239166680971781,3.3286666313807167,3.1496667305628456,5.52610959693403,0.1694600726355714,0.0,0.0,3.115000009536743,3.559999942779541,3.337499976158142,13.285562920194726,0.1460675662281371,0.0957054231126226,7.440030596932948,-0.094217118409098,-0.0819433749977991,-0.0122737434112989,3.270833353201548,3.392307703311627,3.2632855837092696,3.357502702118368,0.676258700350819,1.0143883078125335,-0.3381296074617145,-0.3294416164470121,25.05985201297508,0.120500004291534,-76.36041707126758,-58.58444864399397,-17.775968427273604,3.2424999475479126,3.352499961853028,3.29749995470047,3.4975000619888306,0.1609657277655039,32.83050106784985,15.140751613597685,28.071213177876725,-88.23458879322475,3.550000011920929,3.724999904632568,20.0,88.0,-68.0,3.402832024860793,3.3392018546187283,0.0,0.0,37.53591529452645,0.5113340183553737,0.5723289090607451,0.4948329259742368,-26.20076091659317,43.918838285126846,15.294132826651706,22.35295041622278,-84.7058671733483,-0.2097646825453814,-9.659088523057854,-2.8061665698631653,-2.409352267050322,-0.3968143028128432,4.878115201505107,4.959022029802167,-0.0809068282970599,3.314500966317517,-0.9345785368615966,-0.9389731240800449,15.636366063898263,0.9345790068678355,3.0534560680389404,3
2023-03-24,3.1600000858306885,3.2100000381469727,3.1600000858306885,3.1700000762939453,3.0534560680389404,6483299,-137891538.7194061,492666315,-0.1868076686581559,-88209.13958244932,-0.0154242167861188,-0.0271654417510339,-83698.11899293496,3.271338658640413,34.21113347787701,1122.8104689200331,3.332000029087067,3.5925072403612663,3.0714928178128678,15.636687214890316,0.189068198917137,0.0,0.0,3.2178333520889284,3.304333281517029,3.131333422660828,5.376283975175236,0.2235068507498467,0.0,0.0,3.115000009536743,3.539999961853028,3.3274999856948853,12.755100498385357,0.1294119363012802,0.0911348760329887,7.84970658660869,-0.0946796515401309,-0.0844906303062655,-0.0101890212338653,3.2458333571751914,3.3761538633933434,3.248933967183835,3.343613618723966,0.6642332882890335,1.0583939459068137,-0.3941606576177802,-0.3429191676910956,25.0798881935306,0.1379999995231622,-79.22187621257282,-62.95573516730583,-16.266141045267,3.222499966621399,3.347499966621399,3.284999966621399,3.4975000619888306,0.0804828638827519,32.71738275643021,14.53616581282708,27.748921325604712,-87.72903792768831,3.5637499690055847,3.700000047683716,16.0,84.0,-68.0,3.402832024860793,3.31678167011053,0.0,0.0,37.03160542609338,0.490565045608621,0.5247299760546444,0.5252660386444131,-26.17924919355169,37.73882459165674,12.94119363012802,16.862758957667513,-87.05880636987197,-0.2061617395457098,-8.645531695757272,-2.831656475195953,-2.4938131086794484,-0.337843366516505,2.92938529747919,4.553094683337571,-1.623709385858381,3.3063339003427217,-0.3144651023059386,-0.3149605828236534,15.272730047052562,0.3144652619446333,3.0919854640960693,4
2023-03-27,3.200000047683716,3.220000028610229,3.1600000858306885,3.2100000381469727,3.0919854640960693,5266778,-134380353.3860727,497933093,-0.15109382331811,-45511.98834376177,0.0056960712563861,-0.028121845798258,46069.98874982933,3.2474501905261173,31.173076278662705,1136.978410511217,3.3195000290870667,3.5782257646061093,3.060774293568024,15.588235171077722,0.2883859703395555,0.0,0.0,3.2048333644866944,3.289333295822144,3.120333433151245,5.273280805910689,0.5305720583355712,0.0,0.0,3.115000009536743,3.539999961853028,3.3274999856948853,12.803131453298064,0.2235295041622276,0.0880213827076439,8.084334661490331,-0.0907721845116085,-0.0857469411473341,-0.0050252433642743,3.224166691303253,3.363846173653236,3.242944131947395,3.333716316459004,0.6492534471954321,1.074626634635539,-0.4253731874401072,-0.3517560145682306,25.07962564005666,0.0605000853538513,-80.1587326784627,-66.797103519962,-13.361629158500705,3.222499966621399,3.347499966621399,3.284999966621399,3.4975000619888306,0.0402414319413759,32.42546806190631,14.640711533561475,26.387255136004303,-71.23861769491982,3.5637499690055847,3.684999942779541,12.0,80.0,-68.0,3.402832024860793,3.2966035040531514,0.0,0.0,40.47655740199667,0.7900683573881507,0.5973224737840486,0.5647937862998127,-25.08911597845769,41.76713977274731,23.45679884475888,17.230708433846218,-76.54320115524112,-0.1893676189815294,-7.492795052436615,-2.722852693357683,-2.5396210256150957,-0.1832316677425876,0.0456766956961296,3.6516110858092823,-3.605934390113153,3.303934893587926,1.2618284192532636,1.2539337069036982,16.727274114435374,-1.2618290618431587,3.072720766067505,0
2023-03-28,3.220000028610229,3.240000009536743,3.180000066757202,3.190000057220459,3.072720766067505,8132514,-139802029.3860727,489800579,-0.1465687992062239,-62246.00784959657,0.0147555566603727,-0.0264366634701298,15787.881348802926,3.2325331952050465,37.85874885562895,1136.978410511217,3.3070000290870665,3.5653873418687314,3.048612716305401,15.626689477411077,0.2735957493286997,0.0,0.0,3.20583336353302,3.2803333044052123,3.131333422660828,4.647773756405658,0.393736114906965,0.0,0.0,3.115000009536743,3.539999961853028,3.3274999856948853,12.851525508864617,0.1764707202317539,0.0852192387148336,8.34533054427323,-0.0882717779448061,-0.0862519085068285,-0.0020198694379775,3.208333353201548,3.3515384839131284,3.2347988896817124,3.3230706676265185,0.6591757965236956,1.0449436135410377,-0.3857678170173418,-0.3575851545030394,25.0762790022261,0.0129999041557313,-78.73997030486022,-70.16248699599737,-8.577483308862853,3.222499966621399,3.347499966621399,3.284999966621399,3.4975000619888306,0.0201207159706879,31.776164755325983,15.57895326215112,25.06279545684673,-61.382888545040224,3.5637499690055847,3.649999976158142,8.0,76.0,-68.0,3.402832024860793,3.2784431546015105,0.0,0.0,39.31828734012208,0.7304782944637442,0.6703705658201721,0.597474338552955,-24.54550436588701,37.69363847025358,18.98735476082692,18.461782411904625,-81.01264523917308,-0.1901029053856344,-5.62130327773337,-2.656331651467817,-2.56296315078564,-0.0933685006821773,0.8127368245237286,3.083836233552172,-2.2710994090284435,3.3028803099295065,-0.6230523579077274,-0.6250014291515615,16.00000208074397,0.6230526712452189,3.082353115081787,1
2023-03-29,3.180000066757202,3.220000028610229,3.1700000762939453,3.200000047683716,3.082353115081787,4998025,-138802424.38607264,494798604,-0.2130065212352853,-46213.69210892289,-0.0150058987197785,-0.0272427413901496,-35002.04548853281,3.2235347693066627,37.41051536130602,1140.5426026924383,3.2945000290870667,3.5481513676344214,3.040848690539712,15.398472381719392,0.313720712170205,0.0,0.0,3.2011667013168337,3.2706666469573973,3.1316667556762696,4.3421634750839,0.4916068018300958,0.0,0.0,3.115000009536743,3.539999961853028,3.3274999856948853,12.900286798117152,0.2000001121969908,0.0816973100749786,8.444379403863728,-0.0845091037265124,-0.0859033475507653,0.0013942438242528,3.1983333627382917,3.338846179155203,3.2294452216820204,3.313954325408533,0.6479397591953703,1.0524342455630031,-0.4044944863676328,-0.3599232626077808,25.005721785709863,-0.1344999432563782,-78.78270431164272,-72.95053337396067,-5.832170937682051,3.222499966621399,3.347499966621399,3.284999966621399,3.482499957084656,7.242981530874946,31.291995171394348,14.907445269626054,24.8445710641944,-59.83526198277589,3.5562499165534973,3.649999976158142,4.0,72.0,-68.0,3.402832024860793,3.262098840095034,0.0,0.0,40.23911419623394,0.9831027141509652,0.8345497886676201,0.700747609423947,-23.838872621262684,43.14301471995354,26.153854054105604,22.866002553230484,-73.84614594589439,-0.1851323148783517,-3.614454456987672,-2.55009862624146,-2.560390245876804,0.0102916196353439,-1.9950738071538463,2.0680542254109686,-4.063128032564816,3.300434122499439,0.31347931924397,0.3129889972640853,16.36363809758967,-0.3134794778833623,3.082353115081787,2
2023-03-30,3.2100000381469727,3.25,3.190000057220459,3.200000047683716,3.082353115081787,9068634,-144848180.38607264,503867238,-0.2513770415877337,-39611.73609336248,0.0165404970470572,-0.0182669566051675,15667.774745643255,3.2135418638827327,44.477538555598194,1140.5426026924383,3.2830000281333924,3.5318453590408687,3.034154697225916,15.159630141639791,0.3332297814329154,0.0,0.0,3.2015000343322755,3.271999979019165,3.1310000896453856,4.4041820353497885,0.4893617884721661,0.0,0.0,3.115000009536743,3.539999961853028,3.3274999856948853,12.945475134763424,0.2000001121969908,0.0795275733454349,8.402542027903264,-0.0805980728862367,-0.0848422926178596,0.0042442197316228,3.20166669289271,3.3273077194507303,3.2249151949130503,3.305513267799287,0.7198441168470547,0.9999998144601592,-0.2801556976131044,-0.3591448600375608,24.935799136126413,-0.0130000472068787,-77.48725833512947,-75.11988485815856,-2.3673734769709114,3.222499966621399,3.347499966621399,3.284999966621399,3.482499957084656,53.62149076543747,30.25781483220261,16.759066100171992,23.53367404738009,-46.04360290005148,3.5562499165534973,3.649999976158142,4.0,68.0,-64.0,3.115000009536743,3.262098840095034,1.0,0.0,40.23911419623394,0.9831027141509652,0.898894574255225,0.801271642914339,-23.26079777968437,37.64346904866642,33.33336449917582,26.1581911047028,-66.66663550082419,-0.1746323178796207,1.265821543245696,-2.43829222140429,-2.5359706409823013,0.0976784195780111,0.2678336396732678,1.7080101082634287,-1.440176468590161,3.300016082645888,0.0,0.0,16.36363809758967,0.0,3.0149266719818115,3
2023-03-31,3.180000066757202,3.2049999237060547,3.130000114440918,3.130000114440918,3.0149266719818115,13891542,-158739722.38607264,489975696,-0.3092569349898704,-172868.20417138535,-0.0283445185687348,-0.0118089913961719,-303877.18692172784,3.202709629431289,41.33404785188842,1140.5426026924383,3.2670000314712526,3.5119571553801445,3.0220429075623607,14.9958446005021,0.2203593942397656,0.0,0.0,3.1953333695729578,3.267333300908406,3.123333438237508,4.50656773537663,0.0462964066753731,0.0,0.0,3.115000009536743,3.539999961853028,3.3274999856948853,13.008875060368188,0.0352943684403327,0.079074796937405,8.301428680796489,-0.0821994186360299,-0.0843137178214936,0.0021142991854637,3.190000037352244,3.3111538795324478,3.210312874840415,3.292512293476445,0.732283327094396,0.9881888847295978,-0.2559055576352017,-0.3596380484935002,24.902603685716453,-0.0669999837875368,-78.27288554147451,-76.68581931745697,-1.5870662240175335,3.2300000190734863,3.337499976158142,3.283749997615814,3.482499957084656,51.65762323803763,30.031891391542725,15.647641594586348,27.278405367986185,-77.93272654027994,3.5562499165534973,3.649999976158142,28.000000000000004,64.0,-36.0,3.117700009346008,3.262098840095034,0.0,0.0,35.825631676904194,0.6961257322551476,0.8874437201856927,0.8736293610361793,-23.98888044946092,32.60293743642127,6.976795763910066,22.154671439063847,-93.02320423608994,-0.1686470326255347,-4.28134150771244,-2.496556164692056,-2.5280877457242523,0.0315315810321963,6.762606360669025,2.718929358744548,4.043677001924477,3.293122067287288,-2.187497881241174,-2.211778359218708,13.81818597966975,2.1874989847873536,3.043823719024658,4
2023-04-03,3.1600000858306885,3.190000057220459,3.150000095367432,3.1600000858306885,3.043823719024658,6439253,-161959348.88607275,496414949,-0.3225779973180875,-120575.97417954548,0.0015530092302438,-0.0022700035756582,-242159.16816504183,3.2018861501662386,49.70870098275906,1151.4743101041165,3.2515000343322757,3.481914857670997,3.021085210993553,14.172832286993318,0.3014451779279036,0.0,0.0,3.197500046094259,3.264999969800313,3.1300001223882044,4.222043642407783,0.2222222025992699,0.0,0.0,3.115000009536743,3.539999961853028,3.3274999856948853,13.070888753767528,0.1058825443360433,0.0771673115216186,7.816729735572279,-0.080124128629579,-0.0834757999831107,0.0033516713535317,3.186666707197825,3.2973077297210693,3.2025724457619957,3.2826965743915744,0.8684208710106424,0.9385962949306944,-0.0701754239200519,-0.35860122749988,24.77102321168494,-0.0215000152587889,-76.62526681382916,-77.57373853717634,0.9484717233471828,3.190000057220459,3.3274999856948853,3.258750021457672,3.482499957084656,38.09912840199716,29.822105339501405,14.801927096323928,25.80407821333261,-68.50207401585227,3.5562499165534973,3.649999976158142,24.0,60.0,-36.0,3.120346009159088,3.262098840095034,0.0,0.0,38.917748772994535,0.8383308293044124,0.8391864252368418,0.8751749065592532,-23.736926904543576,36.889925126126336,20.93027639932356,20.41347888746983,-79.06972360067644,-0.1644852666293874,-1.2499987892806712,-2.440802151945144,-2.510630626968431,0.0698284750232871,4.312701912651637,3.037683869525966,1.2750180431256708,3.290822815300681,0.9584655045652868,0.9539013645775808,14.90909403020686,-0.9584659989044297,3.0630884170532227,0
2023-04-04,3.1600000858306885,3.2100000381469727,3.150000095367432,3.180000066757202,3.0630884170532227,12437786,-161959348.88607284,508852735,-0.3487684670861523,-67814.33747274487,0.0048240004739698,-0.0036123307941121,140438.10610208457,3.196700641061132,51.29072915493611,1151.4743101041165,3.2345000386238096,3.430813553712017,3.038186523535602,12.138723929138278,0.3611914930000628,0.0,0.0,3.1901667197545374,3.249666651089986,3.130666788419088,3.7302082657314592,0.4145658426056227,0.0,0.0,3.115000009536743,3.5199999809265137,3.3174999952316284,12.521254183137584,0.1604939797832804,0.0754505746474108,7.598894482124868,-0.0759896536089663,-0.0819785707082819,0.0059889170993155,3.1825000445048013,3.286538500052232,3.1990997720689505,3.275089425677917,0.8333331493682453,0.9259257215202724,-0.0925925721520269,-0.3547636630777505,24.647859935858417,-0.1145001530647276,-75.6322225698729,-77.9201482043458,2.2879256344728987,3.190000057220459,3.3274999856948853,3.258750021457672,3.482499957084656,69.04956420099857,29.21332539862844,15.821218065128528,24.384765315823014,-57.25452465135173,3.559999942779541,3.649999976158142,20.0,56.00000000000001,-36.00000000000001,3.122939088975906,3.262098840095034,0.0,0.0,40.960113346968654,1.0,0.8448188538531868,0.8571496664252404,-22.959583480627696,37.59482201108524,30.23259682293255,19.379889662055405,-69.76740317706745,-0.1616617328980387,-1.5479861306820204,-2.320231411489997,-2.472550783872744,0.1523193723827471,8.061137682665276,4.0423746321538285,4.018763050511447,3.2862345710457057,0.632910771622841,0.6309163024485587,15.636366063898263,-0.6329110949545225,3.043823719024658,1
2023-04-05,3.190000057220459,3.190000057220459,3.1600000858306885,3.1600000858306885,3.043823719024658,14107125,-176066473.88607284,494745610,-0.3962041643765853,-98432.60796634476,-0.0010632904571119,-0.0033303913328171,-10003.882781953682,3.1918755320710464,51.73917621269304,1151.4743101041165,3.2190000414848328,3.385120467975885,3.0528796149937807,10.321244134835457,0.3224181188900262,0.0,0.0,3.185833390553793,3.2413333257039385,3.130333455403646,3.4841705981679496,0.267267253076819,0.0,0.0,3.115000009536743,3.509999990463257,3.3125,12.270890830567106,0.1139242492832352,0.0709055143216468,7.230178758610671,-0.0734798536683341,-0.0802788273002923,0.0067989736319582,3.1858333945274357,3.2757692703833947,3.193084435724603,3.266564289392937,0.8543687342741995,0.9320386192082176,-0.0776698849340182,-0.3496914185164168,24.48210744613058,0.0209999680519104,-75.78723031504498,-77.85646078698772,2.069230471942745,3.190000057220459,3.3274999856948853,3.258750021457672,3.472499966621399,84.5247821004993,28.6480297392464,15.36611621518724,23.683330586845013,-67.06111788374528,3.5549999475479126,3.649999976158142,16.0,52.0,-36.0,3.125480307196388,3.262098840095034,0.0,0.0,39.53647124910497,0.8609968893884107,0.8997759062309411,0.8612603951069898,-22.683446983625256,32.134139126536354,20.93027639932356,24.0310498738599,-79.06972360067644,-0.1546323208247915,1.282057748038625,-2.2494537734014624,-2.427931381778488,0.1784776083770256,12.03208792538733,5.64031729080053,6.3917706345868,3.281916706540444,-0.6289302046118661,-0.6309163024485587,14.90909403020686,0.6289305238892666,3.0149266719818115,2
2023-04-06,3.190000057220459,3.200000047683716,3.130000114440918,3.130000114440918,3.0149266719818115,9735197,-185801670.88607284,485010413,-0.4253827241169692,-126093.03989597832,-0.0071903903419375,-0.0035790665223174,-181146.6358049088,3.1871161303725093,44.36263925421715,1140.5426026924383,3.202000045776367,3.326193424732702,3.0778066668200323,7.757237800177634,0.2101297511167497,0.0,0.0,3.181500061353048,3.2369999965031937,3.1260001262029014,3.4889161766379364,0.036035972179024,0.0,0.0,3.115000009536743,3.440000057220459,3.277500033378601,10.149907652637626,0.0461541621642241,0.0708149562137619,6.946263632940089,-0.0730692690545633,-0.0788369156511465,0.0057676465965832,3.176666736602783,3.263461580643287,3.183379155527113,3.2564484245816763,0.8365382697630226,0.9230767114626458,-0.0865384416996232,-0.3450920473006383,24.44804192659592,0.0079999923706055,-75.48752325428643,-77.44153268051146,1.954009426225028,3.190000057220459,3.3274999856948853,3.258750021457672,3.472499966621399,92.26239105024963,28.5362885874435,14.33029392781895,24.9758277803623,-98.02231578613316,3.539999961853028,3.649999976158142,12.0,48.0,-36.0,3.12797070105246,3.262098840095034,0.0,0.0,37.43467926669586,0.6557798451244249,0.8389255781709452,0.8611734460850243,-23.01412444870192,28.71019462069327,6.976795763910066,19.379889662055405,-93.02320423608994,-0.1547499607591067,-3.39505848061874,-2.2438331435864773,-2.391111734140086,0.1472785905536087,11.151599561480245,6.7425737449364735,4.409025816543771,3.276720382733446,-0.9493661574342728,-0.9539013645775808,13.81818597966975,0.9493666424317837,3.082353115081787,3
2023-04-11,3.180000066757202,3.2300000190734863,3.140000104904175,3.200000047683716,3.082353115081787,5787715,-183872432.5527395,490798128,-0.3980307080205458,-50202.6536782186,0.0311002972118374,0.0048741927788854,37014.92180339663,3.189024281364658,48.850319467423226,1166.0499199863543,3.193000042438507,3.2866162282496303,3.099383856627384,5.863838682546853,0.5373867253005361,0.0,0.0,3.1825000603993736,3.241999991734822,3.123000129063924,3.739194357029,0.6470588863849368,0.0,0.0,3.115000009536743,3.369999885559082,3.2424999475479126,7.9862158669936765,0.3333336449917582,0.0737334510556425,6.255854167004157,-0.066330847471077,-0.0763357020151326,0.0100048545440555,3.1758334040641785,3.2546154260635376,3.185936215858898,3.2522670633299757,0.92682916050073,0.8731705138541076,0.0536586466466224,-0.3362923154457575,24.56605935404454,-0.0129999756813048,-72.89159433678572,-76.63407286476956,3.742478527983849,3.190000057220459,3.3274999856948853,3.258750021457672,3.472499966621399,96.13119552512482,27.766723462046773,15.802656814043894,22.62903954405732,-24.322144497201368,3.539999961853028,3.649999976158142,8.0,44.0,-36.0,3.130000114440918,3.262098840095034,0.0,0.0,44.80749531322592,1.0,0.8389255781709452,0.8592090208576103,-21.18812493823677,34.465758852425445,35.0,20.96902405441122,-65.0,-0.1413234822890339,-0.3115261789538638,-2.0395264650610017,-2.320794680324269,0.2812682152632675,6.962377035870944,6.786534403123368,0.1758426327475755,3.275563664104165,2.236419510652365,2.211778359218708,16.36363809758967,-2.236420664110341,3.120882511138916,1
2023-04-12,3.220000028610229,3.2699999809265137,3.2100000381469727,3.240000009536743,3.120882511138916,6015275,-183872432.5527395,496813403,-0.3885463635609699,-8657.878790548937,0.054860230093429,0.0002567327730276,204628.45215285604,3.1849984622493577,46.13188610197157,1166.0499199863543,3.1890000462532044,3.2659155537694367,3.112084538736972,4.823800965860832,0.8315323848885462,0.0,0.0,3.1868333896001184,3.246333320935567,3.127333458264669,3.7341099493698326,0.9467788343895912,0.0,0.0,3.115000009536743,3.3299999237060547,3.222499966621399,6.741922579208413,0.5813955809375952,0.0733600992743581,5.883543501521446,-0.0571046701000583,-0.0724894956321178,0.0153848255320594,3.180833399295807,3.2465385015194235,3.1942537225785665,3.251358392678625,0.9774011268994366,1.0225988731005624,-0.0451977462011258,-0.3220429598563079,24.63497918057072,-0.0189999699592591,-67.3525881076092,-75.3688081761861,8.016220068576914,3.200000047683716,3.3274999856948853,3.2637500166893005,3.4424999952316284,98.06559776256242,26.250634162815203,18.537217039176845,21.13218004705555,128.48482259113229,3.524999976158142,3.639999985694885,4.0,40.0,-36.0,3.130000114440918,3.262098840095034,0.0,0.0,48.53932516813104,1.0,0.8852599483748085,0.8543703682388996,-18.521125249390774,36.7631769085231,78.57142857142857,40.18274144511289,-21.428571428571427,-0.1187940849977384,1.8867906138356096,-1.7563326832454422,-2.207902280908504,0.4515695976630616,3.6741842210892153,6.164064366716538,-2.4898801456273225,3.2750274680391085,1.2499987892806708,1.2422508040835334,17.818182164972484,-1.2499994198784918,3.0919854640960693,2
2023-04-13,3.240000009536743,3.240000009536743,3.2100000381469727,3.2100000381469727,3.0919854640960693,5635693,-189508125.5527395,491177710,-0.3885843715881175,-31573.985929260507,-0.0079848058028271,0.0031416620015489,23008.571997865613,3.1851095296907617,46.48239759465736,1155.253171796333,3.191500043869018,3.267729931283139,3.115270156454898,4.777056955431396,0.6213434448450146,0.0,0.0,3.188500054677328,3.2449999888737997,3.132000120480856,3.5439820120805696,0.6902655620348297,0.0,0.0,3.115000009536743,3.3299999237060547,3.222499966621399,6.736641429234311,0.4418607745834604,0.0690240864858993,5.397899699780075,-0.0516185781954519,-0.0683153121447846,0.0166967339493327,3.184166729450226,3.236538501886221,3.1966762326660136,3.248294810861465,0.988165678803831,0.964497036411494,0.023668642392337,-0.3058424360078794,24.54557146033609,0.018499994277954,-62.70183262894638,-73.58204465588652,10.880212026940145,3.200000047683716,3.3274999856948853,3.2637500166893005,3.387500047683716,99.0327988812812,24.84283695638589,17.9880470099667,20.506133542383942,63.73575559669492,3.497500002384186,3.6374999284744254,4.0,36.0,-32.0,3.135600109100342,3.262098840095034,0.0,0.0,46.025768246391344,0.8022953028186351,0.9340984342728784,0.8860946536062108,-16.972937923835037,38.35244037822135,57.142857142857146,56.90476190476192,-42.85714285714285,-0.1019999763544867,1.26182841925327,-1.5890977020574797,-2.084141365138299,0.4950436630808192,0.5847267668396068,5.048196846741152,-4.463470079901545,3.274348924213491,-0.9259250401687512,-0.9302383721960572,16.727274114435374,0.9259255015114718,3.101617813110352,3
2023-04-14,3.2100000381469727,3.240000009536743,3.190000057220459,3.220000028610229,3.101617813110352,4126653,-188682794.9527396,495304363,-0.4347025186914586,-21168.20356148496,-0.0121163336565041,0.0030143005457345,-39326.68826445286,3.1855727120823785,47.57304669223048,1158.8520878596732,3.1890000462532044,3.2576731675256267,3.120326924980782,4.306874899742144,0.7257068106315532,0.0,0.0,3.190500052769979,3.2469999869664505,3.134000118573507,3.541760430150678,0.7610620371491732,0.0,0.0,3.115000009536743,3.3299999237060547,3.222499966621399,6.741922579208413,0.4883723767015033,0.0671216730689378,4.743458232245491,-0.0459343920999542,-0.0638391281358185,0.0179047360358643,3.1850000619888306,3.2250000421817484,3.200264508965124,3.246198901065078,0.9757575722546352,0.9515151445092712,0.024242427745364,-0.2878278408740676,24.464701688624867,0.0010000109672545,-58.72989877255513,-71.49789359337827,12.767994820823134,3.200000047683716,3.3174999952316284,3.258750021457672,3.352499961853028,99.5163994406406,23.885134927211823,17.07985057499442,21.49035712212126,61.27450739773635,3.4799999594688416,3.6374999284744254,4.0,32.0,-28.0,3.1409761039733888,3.262098840095034,0.0,0.0,47.01079009406303,0.8797725401259056,0.894022614314847,0.9044603323208446,-15.415123928623563,39.9114156358234,64.28571428571396,66.66666666666657,-35.714285714286035,-0.0842941038748796,0.31152617895385,-1.4150208751806037,-1.95031726714676,0.5352963919661562,-3.531344871888904,3.332288503015141,-6.863633374904044,3.2737818080349506,0.311526178953847,0.3110419415764509,17.090910131281056,-0.31152633562263077,3.101617813110352,4
2023-04-17,3.2300000190734863,3.25,3.2100000381469727,3.220000028610229,3.101617813110352,3783536,-190574562.9527397,499087899,-0.4202780186441727,-18144.17448127282,0.0158581510944091,0.0052487553943436,12855.60440958442,3.1873237597894675,52.220302252373614,1158.8520878596732,3.19000004529953,3.259857023246326,3.1201430673527337,4.37974777146041,0.7147243138226472,0.0,0.0,3.191833384831747,3.246333320935567,3.137333448727926,3.41496121713718,0.7584098789109235,0.0,0.0,3.115000009536743,3.3299999237060547,3.222499966621399,6.73980912589999,0.4883723767015033,0.0644095019473467,3.932645155787763,-0.0409575010895215,-0.0592628027265591,0.0183053016370376,3.1875000596046448,3.215384657566364,3.2033007427566784,3.2442582438462,1.0122699404450206,0.9018404764398296,0.1104294640051909,-0.26878946281452,24.399600435278032,0.0100000023841859,-54.064496471659474,-68.80807258562103,14.74357611396156,3.200000047683716,3.3125,3.256250023841858,3.352499961853028,99.7581997203203,22.777578763360538,17.41000122384819,20.594533701723787,85.7142733878775,3.474999964237213,3.6374999284744254,4.0,28.000000000000004,-24.000000000000004,3.146137059051514,3.262098840095034,0.0,0.0,47.01079009406303,0.8797725401259056,0.8539467943568155,0.894022614314847,-14.127770586617675,38.27229456345583,64.28571428571396,61.9047619047617,-35.714285714286035,-0.0626176469466268,0.9404379577318857,-1.2624611856103287,-1.8127460508394737,0.550284865229145,-7.365234321562862,1.1927839380995404,-8.558018259662402,3.2732206095619385,0.0,0.0,17.090910131281056,0.0,3.101617813110352,0
2023-04-18,3.2300000190734863,3.240000009536743,3.184999942779541,3.220000028610229,3.101617813110352,6889314,-188695648.27479956,505977213,-0.4465004892928224,-15552.149555376704,-0.0139709632714931,0.0038439672137808,0.0,3.1885976471833075,46.681963893682095,1158.8520878596732,3.189500045776368,3.258340423383637,3.120659668169097,4.316687670121256,0.7215268414698572,0.0,0.0,3.1978333791097,3.250333340962728,3.145333417256673,3.283470752165573,0.7111111010193057,0.0,0.0,3.115000009536743,3.3299999237060547,3.222499966621399,6.7408656868972585,0.4883723767015033,0.0634685584283323,3.3886241618900077,-0.0365914753566811,-0.0547285372525835,0.0181370618959024,3.1891667246818542,3.2057692729509792,3.2058698636572247,3.242461339013906,0.981481334309378,0.9259259259259248,0.0555554083834534,-0.2493419886820754,24.31726275992105,0.0105000019073484,-48.45518647150933,-65.6780636586966,17.222877187187272,3.200000047683716,3.277500033378601,3.2387500405311584,3.352499961853028,99.87909986016015,22.199060177232088,16.397831105685267,22.03983404217765,52.76971511080146,3.4699999690055847,3.6374999284744254,4.0,24.0,-20.0,3.1510915759265137,3.262098840095034,0.0,0.0,47.01079009406303,0.8797725401259056,0.8797725401259056,0.8759139829325227,-13.048796974591866,41.16137254379201,64.28571428571396,64.28571428571396,-35.714285714286035,-0.0493970744750078,0.6249993946403217,-1.1285092258897784,-1.6758986858495348,0.5473894599597564,-6.905070941786283,-0.4267870378776243,-6.478283903908658,3.269009571244937,0.0,0.0,17.090910131281056,0.0,3.082353115081787,1
2023-04-19,3.180000066757202,3.2100000381469727,3.1600000858306885,3.200000047683716,3.082353115081787,5407362,-185451231.07479957,500569851,-0.3951116870003683,-28780.004885001807,-0.0254281921049022,0.0009736994448326,-33586.067050263155,3.187561347569058,40.32713735505395,1151.6542557329924,3.193500053882599,3.2545819078465805,3.1324181999186176,3.825386123899968,0.5532072406065938,0.0,0.0,3.2001667102177933,3.253666671117147,3.146666749318441,3.3435733662582923,0.4984424050851954,0.0,0.0,3.130000114440918,3.3299999237060547,3.2300000190734863,6.262715074076188,0.35,0.0631216968634531,2.6345450864624222,-0.0343492431287164,-0.0506526784278101,0.0163034352990937,3.1891667246818542,3.1988461934603176,3.204966815045916,3.2393160581746323,0.91358024691358,0.9753086419753086,-0.0617283950617285,-0.231142875876115,24.213563417720025,-0.063499939441681,-44.04139567096686,-62.16797178104039,18.126576110073536,3.200000047683716,3.2424999475479126,3.221249997615814,3.352499961853028,99.93954993008008,22.08197944057809,15.3494485399106,23.29464760362835,-27.755945090730275,3.4624999165534973,3.620000004768372,8.0,20.0,-12.0,3.155847912126513,3.262098840095034,0.0,0.0,44.96113536432114,0.7185562318079288,0.82603377068658,0.8532510350564336,-12.6203645560755,48.67109473591604,50.0,59.52380952380933,-50.0,-0.0520147120251373,0.0,-1.0603856651169874,-1.5527960817030255,0.4924104165860381,-8.186622774102732,-1.9787541851226456,-6.207868588980086,3.2671336427258337,-0.6211174145593246,-0.6230543734639271,16.36363809758967,0.6211177259536669,3.1305148601531982,2
2023-04-20,3.200000047683716,3.2799999713897705,3.180000066757202,3.25,3.1305148601531982,8111697,-182206552.27479956,508681548,-0.3607804209243476,33272.06198487636,0.0554753390928586,0.0060080735743067,93159.07581238248,3.1907274359980846,46.54544863578196,1151.6542557329924,3.194000053405761,3.256737542139938,3.131262564671585,3.9284588406490175,0.9463036991448166,0.0,0.0,3.2058333714803053,3.263333328564962,3.1483334143956503,3.5872080936075053,0.8840579259447812,0.0,0.0,3.130000114440918,3.2799999713897705,3.205000042915344,4.69630101567806,0.8,0.0668095176403646,2.216999560738456,-0.0282124639262639,-0.0461646355275009,0.0179521716012369,3.199166715145111,3.1961538883355947,3.211894997346544,3.240107461272808,0.9534883720930232,0.8720930232558133,0.0813953488372098,-0.2111373442399921,24.066834746293228,-0.033999967575073,-40.503642949770594,-58.2475731848988,17.743930235128204,3.205000042915344,3.222499966621399,3.213750004768372,3.352499961853028,99.96977496504005,20.518094630584468,20.975224440410308,20.896676062667225,126.98414251953594,3.4274999499320984,3.5850000381469727,4.0,16.0,-12.0,3.1600000858306885,3.262098840095034,0.0,0.0,50.743093990671056,1.0,0.8661095906446116,0.8573053004856991,-10.666585103834084,49.5995922655765,80.0,64.76190476190466,-20.0,-0.0455735346850225,3.833862018261186,-0.8707261800255631,-1.416382101367533,0.5456559213419699,-5.97564860829528,-2.778133069757173,-3.1975155385381075,3.26629962398284,1.5624984866008385,1.5504171634804331,18.181818181818187,-1.5624992748481077,3.159411907196045,3
2023-04-21,3.25,3.3499999046325684,3.2300000190734863,3.2799999713897705,3.159411907196045,10426708,-183944336.94146615,519108256,-0.3568401742049265,73204.75908553564,0.0690533029897489,0.009758988284499,222991.58645941215,3.197778511563417,47.30550048501357,1151.6542557329924,3.1975000500679016,3.2704040270680523,3.124596073067751,4.560061038848306,1.065812214343933,1.0,0.0,3.217500027020772,3.2839999755223594,3.151000078519185,4.133640897785007,0.9699247576673428,0.0,0.0,3.130000114440918,3.3499999046325684,3.240000009536743,6.8803686238246815,0.6818181818181818,0.0721285544322364,1.9954759137101867,-0.0206897763613258,-0.0410696636942659,0.02037988733294,3.209166705608368,3.2007692685494056,3.2223726856608867,3.2430624620222126,0.9891304347826086,0.8369565217391303,0.1521739130434783,-0.188558578280635,24.082360801480053,-0.0174999833106994,-34.635452903259115,-53.70845425700687,19.07300135374776,3.245000004768372,3.232499957084656,3.2387499809265137,3.352499961853028,99.98488748252002,20.180633344421164,25.361508852058783,18.443158816072646,232.87672701836203,3.347500026226044,3.505000114440918,100.0,12.0,88.0,3.1600000858306885,3.262098840095034,0.0,0.0,53.87411619531494,1.0,0.9061854106026428,0.8661095906446116,-8.090045719144266,47.98668605260083,68.18181818181819,66.06060606060608,-31.818181818181817,-0.026529429940616,3.797464629737088,-0.6379703321663664,-1.2606997475273,0.6227294153609334,-1.6640636544407743,-2.5553191866938936,0.891255532253119,3.267725258468473,0.9230760427621608,0.9188417331775112,19.272726232355296,-0.9230765012702307,3.1786766052246094,4
2023-04-24,3.2799999713897705,3.3299999237060547,3.259999990463257,3.299999952316284,3.1786766052246094,6010748,-183085658.65575188,525119004,-0.3213259549601339,79920.48569532772,0.005822891467556,0.0121995175728054,132897.31140245858,3.2091082634943238,56.56490301697834,1158.6765311444276,3.203500044345856,3.2884175704880336,3.118582518203678,5.301546743665965,1.0681978288490066,1.0,0.0,3.2318333466847733,3.298333295186361,3.165333398183187,4.115308022909227,1.012531266320329,1.0,0.0,3.130000114440918,3.3499999046325684,3.240000009536743,6.867482039837887,0.7727272727272727,0.0719156923132925,1.6348231141778793,-0.0129647118264384,-0.0354486733207004,0.0224839614942619,3.2191666960716248,3.2019231136028585,3.2343153420694093,3.247280053895848,1.0874316825981654,0.8087430640330293,0.278688618565136,-0.1636356423286394,24.16615378707743,-0.0434999585151674,-27.21053774260531,-48.63278130209793,21.42224355949262,3.2549999952316284,3.232499957084656,3.243749976158142,3.352499961853028,99.99244374126002,19.867276435840957,23.61937401478656,17.176259844475528,205.7142975995458,3.347500026226044,3.505000114440918,100.0,8.0,92.0,3.1752000713348387,3.262098840095034,0.0,0.0,55.88726744012047,1.0,1.0,0.9240983337490848,-5.321028917064948,51.65647216586173,77.27272727272727,75.15151515151517,-22.727272727272727,-0.0086764987777261,3.77358122767122,-0.3992483435755511,-1.0884094667369502,0.689161123161399,-3.1046366097720117,-2.665182671309517,-0.4394539384624942,3.2740776767593127,0.6097555213709249,0.6079040349402209,19.999998266046703,-0.6097558214769663,3.0630884170532227,0
2023-04-26,3.2799999713897705,3.289999961853028,3.180000066757202,3.180000066757202,3.0630884170532227,10967906,-194053564.65575188,514151098,-0.3571751364394834,-119517.79295011466,-0.0601754556567591,0.0077903415094481,-362181.7030550922,3.2123628599479668,48.36937620613364,1158.6765311444276,3.2040000438690184,3.288237722288194,3.1197623654498425,5.258281976641542,0.3575460674949413,0.0,0.0,3.2345000108083086,3.3029999574025477,3.1660000642140704,4.23558178174933,0.1021898792568494,0.0,0.0,3.130000114440918,3.3499999046325684,3.240000009536743,6.8664103364364415,0.2272727272727272,0.0767241116378714,1.6759702904777134,-0.0163372052773054,-0.0316263797120214,0.0152891744347159,3.2208333611488342,3.201153883567223,3.2259591458675314,3.242296351144837,0.9897435909976008,0.856410273966406,0.1333333170311949,-0.1450441671425775,24.36276528740348,-0.0739999294281004,-23.72634921704417,-43.78542142536848,20.059072208324316,3.2549999952316284,3.232499957084656,3.243749976158142,3.352499961853028,99.99622187063,18.739888537821844,20.961160344247,22.746097380938345,19.21569562426804,3.347500026226044,3.505000114440918,96.0,4.0,92.0,3.1752000713348387,3.3499999046325684,0.0,1.0,43.59340323355372,0.3337593571685325,0.7779197857228443,0.8947017321084957,-6.435861598854024,42.95142525916954,22.727272727272727,56.06060606060607,-77.27272727272727,0.0028823326615725,0.632910771622848,-0.5038776073487806,-0.9715030948593164,0.4676254875105357,1.0846937083010135,-1.915207395387411,2.9999011036884244,3.273096002079848,-3.636360221001023,-3.704123623790734,15.636366063898263,3.636361999877593,3.072720766067505,2
2023-04-27,3.190000057220459,3.2100000381469727,3.1700000762939453,3.190000057220459,3.072720766067505,3462647,-194053564.65575188,517613745,-0.3839102169994378,-97497.1886747233,-0.0519832534697907,0.0037326805134652,-387943.7544297409,3.21559860044491,40.394522585829336,1162.3201644834858,3.203000044822693,3.2874037557129534,3.1185963339324325,5.270290959045725,0.4229892414378781,0.0,0.0,3.22950001557668,3.295999964078268,3.1630000670750933,4.118281355060621,0.2030076019135661,0.0,0.0,3.130000114440918,3.3499999046325684,3.240000009536743,6.86855407783264,0.2727272727272727,0.073051696659387,1.832367931770056,-0.0179955732115169,-0.0289002184119205,0.0109046452004036,3.225833356380462,3.199615423495953,3.220426978383366,3.238422551594883,0.9790575942372064,0.9581151884744128,0.0209424057627936,-0.1306313408725695,24.408278007223235,-0.0029999971389771,-22.402618211017806,-39.30773093448753,16.905112723469724,3.2549999952316284,3.232499957084656,3.243749976158142,3.352499961853028,99.998110935315,17.847772204398606,20.14720651509116,22.83361985761427,-42.24805277446397,3.347500026226044,3.505000114440918,92.0,36.0,56.0,3.1752000713348387,3.346599907875061,0.0,0.0,44.68539358227839,0.3929375243969838,0.5755656271885055,0.7844951376371165,-7.0007660603906245,43.52283316872073,27.272727272727277,42.42424242424244,-72.72727272727273,0.0128529184004841,1.916931009130593,-0.5556894730323041,-0.8883403704939139,0.3326508974616098,-3.6300566336166233,-2.2581772430332534,-1.371879390583369,3.270741334288786,0.3144651023059275,0.3139716949284832,16.00000208074397,-0.3144652619446333,3.072720766067505,3
2023-04-28,3.2100000381469727,3.2300000190734863,3.180000066757202,3.190000057220459,3.072720766067505,6582604,-198003127.0557519,524196349,-0.3782106041604151,-83569.01886404854,0.0113936455768751,0.00462246165875,10888.816431043388,3.2214149036018616,50.62128524408808,1162.3201644834858,3.203000044822693,3.2874037557129534,3.1185963339324325,5.270290959045725,0.4229892414378781,0.0,0.0,3.2275000174840285,3.295999964078268,3.1590000708897907,4.244768162550592,0.2262774489029724,0.0,0.0,3.130000114440918,3.3499999046325684,3.240000009536743,6.86855407783264,0.2727272727272727,0.0707465222250767,1.927627735549244,-0.0190897865706682,-0.02693813204367,0.0078483454730017,3.225000023841858,3.2023077377906213,3.2157459135890725,3.2348357001597408,0.9794871819952016,0.9179487279808042,0.0615384540143975,-0.1193932659638552,24.272683921269504,0.0369999647140502,-19.857056974086703,-34.98852629021326,15.131469316126552,3.2549999952316284,3.240000009536743,3.247500002384186,3.352499961853028,99.9990554676575,16.66730229089359,21.13342300347932,21.69932646911535,-18.497100638965694,3.334999978542328,3.4975000619888306,88.0,32.0,56.0,3.1752000713348387,3.3395359146118166,0.0,0.0,44.6853935822784,0.3929375243969842,0.3732114686541669,0.5755656271885056,-7.455001196808911,41.33059822995339,27.272727272727277,25.75757575757577,-72.72727272727273,0.0161617440335892,-0.3124996973201678,-0.5901315658698093,-0.828698609569093,0.2385670436992837,-3.9907577170152,-2.604693337829643,-1.3860643791855574,3.269749469188919,0.0,0.0,16.00000208074397,0.0,3.111250162124634,4
2023-05-01,3.220000028610229,3.2699999809265137,3.220000028610229,3.2300000190734863,3.111250162124634,4049044,-200432553.45575184,528245393,-0.4029787111080782,-48493.2153775803,0.0493942813489939,0.0086642239223879,50771.66226835468,3.229873128635281,58.43377165493871,1176.8946978397184,3.2045000433921813,3.289699727397198,3.119300359387164,5.3175024404011335,0.6496482996333846,0.0,0.0,3.229833348592122,3.298333295186361,3.161333401997884,4.241701611267197,0.5012165738051677,0.0,0.0,3.130000114440918,3.3499999046325684,3.240000009536743,6.865338967471682,0.4545454545454545,0.0716718623731745,1.792715257850541,-0.0165386486663923,-0.0248582353682145,0.0083195867018222,3.224166691303253,3.201923122772804,3.217938852894367,3.234477501560759,1.020304566070564,0.8578680375060586,0.1624365285645055,-0.1081381540502765,24.165566498578578,0.0054999947547913,-16.503525761027348,-30.815085100143023,14.31155933911568,3.2549999952316284,3.240000009536743,3.247500002384186,3.352499961853028,99.99952773382876,16.039856808046054,23.409475159298243,19.988392789801672,67.07889130333646,3.3324999809265137,3.4975000619888306,84.0,28.000000000000004,56.0,3.1752000713348387,3.332754481079102,0.0,0.0,49.24374526577056,0.4596066734817775,0.4151605740919152,0.4546458899781958,-6.525943134530177,41.43126286344741,42.85714285714285,32.467532467532486,-57.142857142857146,0.0142205764265619,-0.3086416800562491,-0.5113236576359486,-0.7652236191824642,0.2538999615465156,-7.195261377786606,-3.522806945821036,-3.67245443196557,3.269460384623857,1.2539172769758578,1.2461208405468271,17.45454614812678,-1.2539179115334633,3.072720766067505,0
2023-05-02,3.220000028610229,3.259999990463257,3.190000057220459,3.190000057220459,3.072720766067505,4549102,-204981655.45575184,523696291,-0.4051659361805675,-67560.45696157317,-0.0307752459653173,0.0042445422668769,-5563.912156108047,3.231681266398976,52.60033049513299,1176.8946978397184,3.2040000438690184,3.289416588425579,3.1185834993124577,5.33186912528348,0.4180487414865573,0.0,0.0,3.2285000165303543,3.2999999602635706,3.1570000727971395,4.4292980249110245,0.230769303444845,0.0,0.0,3.130000114440918,3.3499999046325684,3.240000009536743,6.8664103364364415,0.2727272727272727,0.0715046694601369,1.9744895758686456,-0.0175422994172276,-0.0233950481780171,0.0058527487607895,3.222500026226044,3.2011538927371683,3.2136405766368425,3.23118287605407,0.9895287971186044,0.9057591740674282,0.0837696230511761,-0.0995446005082011,24.12724214375613,0.0159999847412106,-13.7370337708965,-26.95751257785271,13.22047880695621,3.2549999952316284,3.240000009536743,3.247500002384186,3.352499961853028,99.99976386691438,14.930473239881232,21.79047686091874,21.56999456400396,7.120113767003247,3.314999997615814,3.4975000619888306,80.0,24.0,56.0,3.1752000713348387,3.3262443048876955,0.0,0.0,45.22974985817346,0.133102708564626,0.3285489688144626,0.3723070038535148,-6.914369344605503,33.80548592146182,15.789473684210526,28.63978127136023,-84.21052631578948,0.0053676471990695,-0.6230523579077277,-0.5429064243695898,-0.7207601802198893,0.1778537558502995,-9.199460608919535,-4.6581376784407365,-4.541322930478801,3.268330279759996,-1.2383889045456176,-1.2461208405468271,16.00000208074397,1.2383895234839457,3.00529408454895,1
2023-05-03,3.1600000858306885,3.180000066757202,3.0999999046325684,3.119999885559082,3.00529408454895,8332742,-209148038.87247983,515363549,-0.3528558339808271,-141236.58745420066,-0.0816059927495399,-0.0055030450790494,-239186.15748000224,3.221837598140412,44.52892114430074,1176.8946978397184,3.2035000324249268,3.2907410402501007,3.116259024599753,5.446605708889965,0.0214398082540822,0.0,0.0,3.2203333457311,3.294333299001058,3.146333392461141,4.595794616607215,-0.1779292130495824,0.0,1.0,3.0999999046325684,3.3499999046325684,3.2249999046325684,7.803964334932739,0.0799999237060546,0.0733542177729122,2.454334594680117,-0.0237127825093343,-0.0234585950442805,-0.0002541874650538,3.2141666809717813,3.1988461934603176,3.199234316471033,3.2229470989803675,0.846153658052294,1.030769219483139,-0.184615561430845,-0.0971262135938965,24.197869547675,0.0164999961853022,-13.637472548454848,-23.5792988975736,9.941826349118749,3.2249999046325684,3.2249999046325684,3.2249999046325684,3.34499990940094,49.99988193345719,15.126377602909647,19.886173064123483,28.424115200634347,-163.7398150388415,3.29749995470047,3.4975000619888306,76.0,100.0,-24.0,3.1752000713348387,3.319994535743945,0.0,0.0,39.20677407998993,0.0,0.1975697940154678,0.3137597789739485,-9.191455093907098,30.242814955726885,7.999992370605469,22.215536303986298,-92.00000762939452,-0.0080441250520597,-3.105594477100289,-0.7357484246898227,-0.723757829113876,-0.0119905955759467,-6.05139704032544,-4.936789550817678,-1.1146074895077618,3.2614702605424744,-2.194362708644282,-2.218796959259217,13.45454129305752,2.194364104384533,3.0245590209960938,2
2023-05-04,3.109999895095825,3.150000095367432,3.109999895095825,3.140000104904175,3.0245590209960938,3050453,-207622803.28146705,518414002,-0.3274086275871029,-112344.2565176154,-0.0131128596718068,-0.0058693346411194,-163296.1819851165,3.218809954255633,49.37743483974699,1184.438977636592,3.202500033378601,3.292138153295684,3.112861913461518,5.5980089919009695,0.1513763980534181,0.0,0.0,3.214666676521301,3.287666654586792,3.1416666984558104,4.54168256999426,-0.0114150277561755,0.0,1.0,3.0999999046325684,3.3499999046325684,3.2249999046325684,7.806401167660656,0.1600008010864257,0.0700188160227817,2.7643526783573877,-0.0266815163515836,-0.0241031793057412,-0.0025783370458424,3.207500020662944,3.197692348406865,3.1901213608453625,3.216802877196946,0.8578678642625688,1.0304568343617215,-0.1725889700991527,-0.0975732873311567,24.221123577095227,0.0174999952316281,-13.59912757878261,-20.58990830079716,6.990780722014549,3.2249999046325684,3.2249999046325684,3.2249999046325684,3.3399999141693115,24.999940966728595,15.30828879715032,19.08775923506922,27.28290987260869,-151.1519984122454,3.284999966621399,3.4975000619888306,72.0,96.0,-24.0,3.1752000713348387,3.306794857877263,0.0,0.0,41.59966343503012,0.1434543513418875,0.0921856866355045,0.2061014831551449,-10.325306963795471,30.799150931235413,16.000080108642578,13.263182054486206,-83.99991989135742,-0.0176911950111389,-2.4844696582373227,-0.8294420693515847,-0.7448946771614178,-0.0845473921901669,-10.050388819614607,-5.959509404577064,-4.090879415037545,3.258558014451335,0.6410326948300238,0.6389868187525405,14.181821996515453,-0.6410333200397957,2.9860293865203857,3
2023-05-05,3.119999885559082,3.130000114440918,3.0850000381469727,3.0999999046325684,2.9860293865203857,4196158,-209021552.2574769,514217844,-0.3586301588966156,-120273.242782428,-0.0241291693211584,-0.0067273943314518,-33900.10681610642,3.2133482916790426,49.42130226900272,1184.438977636592,3.198500025272369,3.2983549092884616,3.0986451412562768,6.243857009667478,0.0067836610579471,0.0,0.0,3.2015000104904177,3.269000005722046,3.134000015258789,4.216773075773848,-0.251852689096854,0.0,1.0,3.0850000381469727,3.3499999046325684,3.2174999713897705,8.285129416656158,0.0566032982752881,0.0685169410962237,3.199698265642119,-0.0318942837271305,-0.025661400190019,-0.0062328835371114,3.197500010331472,3.1934615740409265,3.1762565214280096,3.20815080515514,0.8434343361365598,1.040404011212902,-0.1969696750763422,-0.1021532035472704,24.22456176255475,0.0015000224113466,-15.55895554629118,-18.47029748335628,2.9113419370650977,3.2074999809265137,3.2174999713897705,3.212499976158142,3.3324999809265137,12.499970483364296,15.801029493567809,18.016643369505516,28.302599467979263,-178.74405446539797,3.284999966621399,3.4975000619888306,68.0,100.0,-32.0,3.1752000713348387,3.2943871606825814,0.0,0.0,38.34857523298977,0.0,0.0478181171139625,0.1125245325883116,-12.307870382646446,34.54899379687184,5.6603298275288125,9.886800768925632,-94.3396701724712,-0.033588248841903,-3.726711891659624,-0.9941641046262536,-0.794748562654385,-0.1994155419718687,-11.831700235952065,-7.133947570852065,-4.6977526651,3.2446552314133763,-1.273891685835693,-1.2820752601721663,12.727269259366114,1.2738926305699607,3.072720766067505,4
2023-05-08,3.150000095367432,3.200000047683716,3.150000095367432,3.190000057220459,3.072720766067505,4489754,-206327699.8574769,518707598,-0.2488376723082066,-45365.84451606796,0.0751710793716273,-0.0024907565973648,76893.41389187015,3.211035513913957,49.79798780906433,1184.438977636592,3.200000023841858,3.298387008260568,3.101613039423148,6.149186480354377,0.4491804394632034,0.0,0.0,3.1908333539962768,3.251333355903625,3.130333352088928,3.792112918186533,0.4931132500037445,0.0,0.0,3.0850000381469727,3.3499999046325684,3.2174999713897705,8.281245765974777,0.3962266866998353,0.0716652612917161,3.317303308507995,-0.028435393758202,-0.0262161989036556,-0.0022191948545463,3.196666677792867,3.1934615740409265,3.178370911549925,3.2068063053081266,0.8476189589554463,0.971428370313572,-0.1238094113581258,-0.1036941991743676,24.248934035094432,0.049999976158142,-15.657191257342385,-17.18659231832706,1.5294010609846769,3.1875,3.2174999713897705,3.2024999856948853,3.3324999809265137,10.087684427547126,15.015523939926002,23.16290642665177,25.50068171729613,-44.44438598162476,3.284999966621399,3.4975000619888306,64.0,96.0,-32.0,3.1752000713348387,3.2776361908797327,0.0,0.0,48.1645146214787,0.5596733936922658,0.2343759150113844,0.1247932395869505,-10.84325898034669,42.56829974746307,39.62266866998353,20.42769286871832,-60.37733133001647,-0.0464117660241969,-0.3124996973201678,-0.8867200276840485,-0.8131428556603177,-0.0735771720237307,-12.805572761465756,-8.268272608974804,-4.537300152490952,3.2427857503049755,2.903230817955716,2.861885400678843,16.00000208074397,-2.903232631884464,3.0919854640960693,0
2023-05-09,3.190000057220459,3.2699999809265137,3.150000095367432,3.2100000381469727,3.0919854640960693,8853752,-206327699.85747692,527561350,-0.1700175787409189,-13588.599424046495,0.0474374252761941,0.0018955568703271,185857.28477269772,3.210623262673782,58.70210706616511,1184.438977636592,3.204000020027161,3.2970376544503903,3.110962385603931,5.807592624324707,0.5322451132652294,0.0,0.0,3.182166695594788,3.2476666927337647,3.1166666984558105,4.116691764114787,0.7124682730376964,0.0,0.0,3.0850000381469727,3.3499999046325684,3.2174999713897705,8.270907141984015,0.4716983508623559,0.0764987237184526,3.392428346219349,-0.0238059470846105,-0.0257341485398466,0.001928201455236,3.193333347638448,3.193846189058744,3.1832369310263937,3.2070428781110043,0.8789237505153276,0.9013451514845692,-0.0224214009692416,-0.1017200810058743,24.44259929502453,0.0759999513626099,-15.64123641938142,-16.28824645192009,0.6470100325386703,3.177500009536743,3.2174999713897705,3.197499990463257,3.3324999809265137,31.96513317459871,14.595234378592052,27.152117342769,22.608263091130908,5.982089901156161,3.284999966621399,3.482499957084656,60.0,92.0,-32.0,3.0850000381469727,3.2776361908797327,1.0,0.0,50.06711014681055,0.6681532907599793,0.4092755614840817,0.2304898645364762,-9.057549025791452,44.47125252413571,47.1698350862356,30.817611194582657,-52.830164913764406,-0.049411763163174,-1.2307680570162258,-0.7423021141093269,-0.7989747073501197,0.0566725932407927,-7.533751978122638,-8.121368482804371,0.5876165046817334,3.24166431449565,0.62695863848794,0.6250014291515615,16.727274114435374,-0.6269589557667388,3.1497795581817627,1
2023-05-10,3.200000047683716,3.299999952316284,3.200000047683716,3.2699999809265137,3.1497795581817627,8025804,-203117378.25747696,535587154,-0.1565050234370081,57145.16917364748,0.0498391484592582,0.0072717954820528,205524.24618345636,3.2159032217786385,65.84208269046819,1206.578002571021,3.2075000166893006,3.30483963105326,3.110160402325341,6.069500474355761,0.82104074299864,0.0,0.0,3.18616669178009,3.250666689872742,3.121666693687439,4.048752267673464,1.1498704777169166,1.0,0.0,3.0850000381469727,3.3499999046325684,3.2174999713897705,8.261881998651454,0.6981133433499177,0.0788488418098642,3.385075130218398,-0.0151212746589606,-0.0236115737636694,0.0084902991047088,3.1925000150998435,3.196538494183467,3.1965850925494887,3.2117063672084494,0.9567097815631184,0.8614717551327106,0.0952380264304078,-0.0936421319497492,24.647858827546408,0.0924999356269835,-12.124038602352565,-15.146182050957284,3.0221434486047194,3.1924999952316284,3.2174999713897705,3.2049999833106995,3.3324999809265137,54.445653435604605,14.580257538069768,27.415226128943747,20.519541969028733,90.58323793867524,3.284999966621399,3.482499957084656,56.00000000000001,88.0,-31.999999999999996,3.0887000370025635,3.2776361908797327,0.0,0.0,55.36061637979631,0.9699720450017342,0.7325995764846599,0.4587503509933753,-5.766024962102042,47.16948785948945,69.81133433499177,52.20127936373698,-30.188665665008237,-0.030132347695968,-0.3048777606854592,-0.470817469907865,-0.7333432598616687,0.2625257899538037,-4.528254018389748,-7.402745589921447,2.874491571531699,3.242837453821215,1.8691570737231933,1.851903005057487,18.909090215509597,-1.8691580137356567,3.169044256210327,2
2023-05-11,3.259999990463257,3.309999942779541,3.255000114440918,3.289999961853028,3.169044256210327,7483706,-201076379.32696524,543070860,-0.1382560680045942,70363.57032878917,0.023885171258237,0.005015354922437,195786.74194532583,3.219756767289063,65.64617255384067,1213.957677549164,3.210000014305115,3.3129563101572623,3.107043718452968,6.414722454413132,0.8885141111855778,0.0,0.0,3.1956666866938277,3.261666671435038,3.1296667019526163,4.13059253119376,1.2146461891550826,1.0,0.0,3.0850000381469727,3.3499999046325684,3.2174999713897705,8.255447517278643,0.77358500751244,0.0764639404627401,3.3860438157782844,-0.0065492818337977,-0.0201991153776951,0.0136498335438973,3.1916666825612388,3.2026923344685483,3.2109566109038794,3.217505892737677,0.986486387798464,0.90990975317011,0.0765766346283539,-0.0804102994567161,24.825130956658324,-0.0299999475479126,-7.894217019961605,-13.816977611610051,5.922760591648446,3.197499990463257,3.2174999713897705,3.2074999809265137,3.322499990463257,71.45681150984758,14.69070004219057,26.936174882086405,19.45493460241991,134.4785162498885,3.283749997615814,3.482499957084656,52.0,84.0,-32.0,3.0971520336151124,3.2776361908797327,0.0,0.0,56.997122642089245,1.0,0.8793751119205712,0.6737500832964377,-2.593603372946046,51.1358834628403,77.35850075124398,64.77989005749046,-22.64149924875601,-0.0002941068480994,-0.3030300184167383,-0.2035515101489118,-0.6273849099191173,0.4238333997702054,-2.83982252264885,-6.490160976466928,3.6503384538180783,3.2450186239269065,0.6116202153874983,0.6097574106164627,19.636362249201,-0.6116205173318576,3.111250162124634,3
2023-05-12,3.2699999809265137,3.2799999713897705,3.220000028610229,3.2300000190734863,3.111250162124634,7975021,-206393059.9936318,535095839,-0.1331885066643322,-8045.625956129486,-0.0244513444785567,-0.0016635484681562,-99669.1166887486,3.213967500053989,55.48351883992211,1213.957677549164,3.2110000133514403,3.314324738859768,3.107675287843113,6.435672692538143,0.5919431705652816,0.0,0.0,3.200000015894572,3.266999999682109,3.1330000321070357,4.187498965921518,0.7238806749121544,0.0,0.0,3.0850000381469727,3.3499999046325684,3.2174999713897705,8.252876530168727,0.5471700150248765,0.075817539740746,3.433174608811233,-0.004545017570471,-0.0170682958162503,0.0125232782457792,3.1958333452542624,3.2053846395932712,3.213886366006896,3.218431383577367,0.8962262601943648,0.9905658191783516,-0.0943395589839869,-0.0677548167614137,24.946040738778777,-0.0209999561309812,-5.325741822694893,-12.575001618462,7.249259795767107,3.197499990463257,3.2174999713897705,3.2074999809265137,3.3125,82.84783951883907,14.202766704580704,25.14786068025236,21.4828572393179,53.48399626603453,3.258750021457672,3.482499957084656,48.0,80.0,-32.0,3.109922908164978,3.2776361908797327,0.0,0.0,50.96118258821069,0.6763318921594212,0.8821013123870518,0.831358666930761,-1.7991716609598734,50.7607472397852,59.18369332933698,68.78450947185759,-40.81630667066302,0.0271764671101286,1.572325511529675,-0.1412184082489029,-0.5301516095850745,0.3889332013361716,-0.9216642663102428,-5.376461634435592,4.454797368125349,3.244813466505233,-1.8237064886088228,-1.840541004278684,17.45454614812678,1.8237073834622208,3.101617813110352,4
2023-05-15,3.220000028610229,3.25,3.200000047683716,3.220000028610229,3.101617813110352,4981336,-207389327.1936319,530114503,-0.1465691535046566,-14012.43831872244,-0.0250936217877158,-0.0038718708435328,-160863.05352545102,3.2087901558758007,49.13248687862914,1210.199298253002,3.2110000133514403,3.314324738859768,3.107675287843113,6.435672692538143,0.5435520888853629,0.0,0.0,3.1983333508173626,3.2653333346048994,3.131333367029826,4.189681089397036,0.661691664445573,0.0,0.0,3.0850000381469727,3.3499999046325684,3.2174999713897705,8.252876530168727,0.5094341829436145,0.0732357809982998,3.479948247352972,-0.0037206500213953,-0.0143987666572793,0.0106781166358839,3.1983333428700766,3.2069230996645413,3.214826929484332,3.218547579505727,0.8461537227122414,0.9999997707513062,-0.1538460480390647,-0.0565015924712191,25.07687270902193,-0.0209999561309812,-4.851096577578992,-11.587675263648944,6.736578686069952,3.197499990463257,3.2174999713897705,3.2074999809265137,3.3125,89.98607800926983,13.42634326909082,23.92596531104569,22.38257635570312,16.588232211905986,3.258750021457672,3.482499957084656,44.0,76.0,-32.0,3.121927530241852,3.2776361908797327,0.0,0.0,50.01060509306231,0.6253586193197067,0.7672301704930428,0.8429021982668886,-1.4589228508227243,49.02806691097262,60.00002119277137,65.51407175778412,-39.99997880722863,0.0365882228402529,0.9404379577318857,-0.1156002802346859,-0.4472413437149967,0.3316410634803108,-2.996388573392564,-4.900447022226986,1.9040584488344223,3.2446604835366024,-0.3095972261364155,-0.3100774698188147,17.090910131281056,0.30959738087096866,3.072720766067505,0
2023-05-16,3.220000028610229,3.234999895095825,3.180000066757202,3.190000057220459,3.072720766067505,7757213,-212325729.3524105,522357290,-0.165278562531955,-45255.82828238386,-0.0124077984743034,-0.0004598953305002,-87694.17932172456,3.2070996358267823,51.04206773946086,1210.199298253002,3.209500014781952,3.313129154000157,3.1058708755637463,6.457650022802445,0.405914698758459,0.0,0.0,3.197166681289673,3.262666654586792,3.131666707992553,4.097376197521109,0.4452929237336875,0.0,0.0,3.0850000381469727,3.3499999046325684,3.2174999713897705,8.256733611624531,0.3962266866998353,0.0714121857323321,3.4388127892510303,-0.0054255375508316,-0.0126041208359897,0.0071785832851581,3.1983333428700766,3.208076944717994,3.211007410674505,3.2164329482253367,0.9076921195908,0.984615271754481,-0.0769231521636811,-0.0483810410823042,25.122318864072906,0.0205000042915344,-4.770630693055052,-10.602470613048968,5.831839919993916,3.197499990463257,3.2174999713897705,3.2074999809265137,3.3125,94.99303900463492,12.54843351574165,22.623774961048674,23.14351134086281,-20.003009363900247,3.258750021457672,3.472499966621399,40.0,72.0,-32.0,3.133211874994113,3.2776361908797327,0.0,0.0,47.16809321070658,0.4729332416214556,0.5915412510335278,0.7469575779712074,-2.040020591541792,49.44057145870623,46.666694923695424,55.28346981526795,-53.333305076304576,0.0354264490744649,0.0,-0.1686818173475424,-0.3915294384415059,0.2228476210939634,-1.248341904604168,-4.170025998702423,2.921684094098255,3.244432968754849,-0.9316761218389868,-0.9360433707280124,16.00000208074397,0.9316765889305003,2.83191180229187,1
2023-05-17,2.970000028610229,3.049999952316284,2.859999895095825,2.940000057220459,2.83191180229187,35660225,-217956239.38142225,486697065,-0.182452232847986,-1312370.1742420434,-0.1345337145799174,-0.0063563568383664,-2866960.530735436,3.128564722913704,37.7985659484348,1210.199298253002,3.1955000162124634,3.3518937309914576,3.039106301433469,9.788372022251671,-0.3168485522358136,0.0,1.0,3.1788333495457968,3.255333312352499,3.1023333867390948,4.813084197548928,-1.0610026695621744,0.0,1.0,2.859999895095825,3.3499999046325684,3.1049998998641968,15.334063747479696,0.1632656338114518,0.0972709833715623,4.372138247097608,-0.0266424660989557,-0.0154117898885829,-0.0112306762103727,3.174166679382324,3.200769250209515,3.169313971681575,3.1959564377805307,0.7786559372640549,0.9604741533500928,-0.1818182160860378,-0.0577862119163854,25.36665767636041,-0.0054999589920043,-8.600107484086687,-10.04702393586053,1.446916451773843,3.084999918937683,3.1049998998641968,3.09499990940094,3.1999999284744263,47.496519502317454,14.74839727103117,16.737574688403374,42.3514348858369,-322.8241291211521,3.258750021457672,3.472499966621399,36.0,100.0,-64.0,3.133211874994113,3.309999942779541,0.0,1.0,31.235353616687007,0.0,0.3660972869803875,0.5749562361689861,-9.132004341844784,37.70564979201997,17.77781192166944,41.48150934604543,-82.22218807833056,-0.0166617975515475,-8.978326939335831,-0.8336304520301248,-0.4799496411592296,-0.3536808108708951,25.065908623474307,1.6771609257329234,23.388747697741383,3.2261353581594814,-7.836990455035675,-8.161133392086972,6.909092989834864,7.836994706285154,2.908970594406128,2
2023-05-18,2.930000066757202,3.0799999237060547,2.930000066757202,3.0199999809265137,2.908970594406128,22138744,-213528490.58142224,508835809,-0.1585342130384188,-871874.7449291978,0.0338772767609059,-0.0047503831823642,-2192274.2130053146,3.1050355085644514,44.73883410389003,1243.1298593567635,3.1865000128746037,3.360543100075654,3.0124569256735527,10.923777592835652,0.0216700800194591,0.0,0.0,3.166500012079875,3.2539999405543005,3.0790000836054485,5.5266021247827375,-0.3371437194727483,0.0,1.0,2.859999895095825,3.3499999046325684,3.1049998998641968,15.377373530738032,0.3265307810543842,0.1025438707292913,4.809639963505202,-0.0365800376732261,-0.0196454394455116,-0.0169345982277145,3.1600000063578286,3.193846170718853,3.146342588488489,3.182922626161715,0.8388277908427686,0.9560438159275518,-0.1172160250847832,-0.0735896666647804,25.68527168119736,-0.0665001273155212,-10.878208562491224,-9.526940937660534,-1.3512676248306903,3.084999918937683,3.1049998998641968,3.09499990940094,3.1999999284744263,23.748259751158727,16.368076103477016,17.106135781464925,37.56692960420944,-190.36326938921147,3.258750021457672,3.472499966621399,32.0,96.0,-64.0,3.133211874994113,3.300999941825866,0.0,0.0,38.40535651661283,0.2783195087595064,0.2504175834603207,0.4026853738247453,-11.90519160257017,40.16658249976285,35.55557086143802,33.33335923560097,-64.44442913856197,-0.0661323912003459,-5.329155901083945,-1.1492594061998298,-0.6138115941673497,-0.5354478120324802,29.77948510834113,7.297625762254565,22.48185934608657,3.219894536629584,2.721085787382216,2.6847224257723123,9.818181124600487,-2.721087289932342,2.908970594406128,3
2023-05-19,3.0199999809265137,3.0899999141693115,3.009999990463257,3.0199999809265137,2.908970594406128,9474708,-220634521.58142224,518310517,-0.2153208898025923,-747321.2099393124,0.0379958214390163,-0.0055645588902198,602414.2164889313,3.096546927853738,46.782376335704505,1243.1298593567635,3.175000011920929,3.3607417642801973,2.9892582595616606,11.700267821220663,0.0827539338204136,0.0,0.0,3.160000006357829,3.2509999195734656,3.069000093142192,5.759488166616945,-0.2692316425597321,0.0,1.0,2.859999895095825,3.3499999046325684,3.1049998998641968,15.433071108566226,0.3265307810543842,0.1002894760269677,5.255657374293124,-0.0439490178220336,-0.024506155120816,-0.0194428627012176,3.1516666809717813,3.1853846311569214,3.126905264248185,3.1708542820702186,0.890109801817361,0.999999825334345,-0.1098900235169839,-0.0928827345995551,25.972640198864404,-0.0349999070167541,-14.01844886869612,-9.344858450033174,-4.673590418662947,3.084999918937683,3.1049998998641968,3.09499990940094,3.1999999284744263,11.874129875579364,17.728571590675053,16.82547233171923,35.27788200350717,-131.49600192341535,3.2637500166893005,3.4424999952316284,28.000000000000004,92.0,-64.0,3.133211874994113,3.2921799408912658,0.0,0.0,38.405356516612834,0.2783195087595067,0.1855463391730044,0.2673537365379042,-13.924344399111511,35.796465951380604,35.55557086143802,29.62965121484851,-64.44442913856197,-0.1018676919095655,-3.205125266043049,-1.3860308267884127,-0.7682554406915623,-0.6177753860968505,24.94107941237198,10.82631649227805,14.11476292009393,3.215851766673296,0.0,0.0,9.818181124600487,0.0,2.880073547363281,4
2023-05-22,3.009999990463257,3.039999961853028,2.990000009536743,2.990000009536743,2.880073547363281,6668692,-227303213.58142224,511641825,-0.2481757629492139,-669141.1184061524,-0.0262419776193215,-0.0052407540083629,-66245.2220101718,3.088417867494848,46.19071181103892,1230.780898942853,3.160500013828277,3.3562013185492265,2.9647987091073285,12.38419894729874,0.0643871548668244,0.0,0.0,3.1426666657129925,3.2336665789286294,3.051666752497355,5.791254555149682,-0.3388285811574559,0.0,1.0,2.859999895095825,3.3299999237060547,3.09499990940094,14.871065545129484,0.2765959713349867,0.0952605236558993,5.724282599708978,-0.0516147519204595,-0.0299278744807447,-0.0216868774397147,3.139166673024496,3.1769230915949893,3.1058429173695017,3.157457669289961,0.8959106864364441,1.0297395759658432,-0.1338288895293991,-0.1153594049477103,26.12895171814891,-0.0605001091957091,-19.716402065951492,-9.797654632985404,-9.918747432966091,3.084999918937683,3.1049998998641968,3.09499990940094,3.1999999284744263,5.937064937789682,19.132703731901824,16.162607101342772,35.463917068193524,-135.27691456797973,3.2637500166893005,3.387500047683716,24.0,88.0,-64.0,3.133211874994113,3.283536339975357,0.0,0.0,36.73931504794995,0.2136484270872778,0.2567624815354303,0.2309088013895851,-16.078659924763816,33.23096889166934,28.888911259024805,33.33335099396697,-71.11108874097519,-0.1378382865120384,-4.777072941276519,-1.63469339343721,-0.9415430312406918,-0.693150362196518,18.977718963814077,12.456596986585254,6.52112197722882,3.198199325023609,-0.9933765423590036,-0.9983434478913144,8.72727307406338,0.9933770763587404,2.91860294342041,0
2023-05-23,3.0,3.039999961853028,2.990000009536743,3.0299999713897705,2.91860294342041,7120950,-223030643.58142236,518762775,-0.2271917726714024,-532858.4260113713,0.0,0.000588245473747,29018.23198608638,3.0821697480495858,51.75169388251459,1230.780898942853,3.147000014781952,3.3395720958844235,2.9544279336794803,12.238454413595829,0.196217533916759,0.0,0.0,3.1236666599909464,3.207666579882304,3.0396667400995887,5.378289621441292,-0.057540344814143,0.0,1.0,2.859999895095825,3.309999942779541,3.084999918937683,14.299334145853038,0.377777907289091,0.0907344665219379,5.924795928547997,-0.053841586500233,-0.0347106168846423,-0.0191309696155906,3.1333333452542624,3.16961539708651,3.0941747718341586,3.148016358334392,0.954023017905149,0.9770113262562878,-0.0229883083511388,-0.1363864230405189,26.22508472178063,0.043000042438507,-24.93540232543981,-11.221139491106207,-13.7142628343336,3.084999918937683,3.1049998998641968,3.09499990940094,3.189999938011169,2.968532468894841,20.43654072018383,15.504785079013187,34.02052705696263,-107.40740697927086,3.258750021457672,3.352499961853028,20.0,84.0,-64.0,3.133211874994113,3.2750656110777663,0.0,0.0,40.44875440703284,0.3576385139258492,0.2832021499242113,0.241836990210882,-16.603876881880286,36.730424451443376,37.777790728909096,34.07409094979066,-62.2222092710909,-0.1718529904589933,-2.2580624321372254,-1.710333758517079,-1.0953011766959695,-0.6150325818211095,14.25895891343362,12.81706937195493,1.441889541478691,3.1875695907699444,1.3377913620550297,1.3289219486816606,10.181817141446192,-1.3377920884139627,2.860808849334717,1
2023-05-24,3.0,3.025000095367432,2.970000028610229,2.970000028610229,2.860808849334717,13599901,-236630544.58142236,505162874,-0.2385899136444447,-573306.2625536652,-0.0070772351363365,0.0010193615119949,-174041.26201440135,3.0725202404486107,46.12851601936856,1230.780898942853,3.1365000128746034,3.343118029017445,2.929881996731762,13.175068725950744,0.0970826083499229,0.0,0.0,3.096833332379659,3.17633326848348,3.0173333962758377,5.134272824603836,-0.2976943755262568,0.0,1.0,2.859999895095825,3.309999942779541,3.084999918937683,14.34720375694469,0.2444447152408256,0.0876610141476982,6.338886816845616,-0.0597589983556856,-0.039720293178851,-0.0200387051768346,3.115000009536743,3.1600000124711256,3.0750709651843238,3.134829963540009,0.9283020090149252,0.9622639879800992,-0.0339619789651738,-0.158965906636697,26.247125191488493,0.0735000252723692,-31.05384298027971,-13.794431264474888,-17.259411715804823,3.069999933242798,3.1049998998641968,3.0874999165534973,3.184999942779541,1.4842662344474205,21.800160193390088,14.730026404355115,33.986188670726456,-115.14121429979272,3.256250023841858,3.352499961853028,16.0,80.0,-64.0,3.133211874994113,3.266764296758128,0.0,0.0,36.94888628065064,0.2217833976513739,0.2643567795548337,0.2681071370048251,-18.20086786935248,34.10757726806493,24.44447152408256,30.37039117067217,-75.55552847591744,-0.1582794329699348,-6.896552497303792,-1.9062915389580732,-1.2574992491483905,-0.648792289809683,15.091133214152496,13.271882140394442,1.8192510737580532,3.156814824493744,-1.9801961500356515,-2.000064763127596,8.000001040371973,1.9801972109972041,2.83191180229187,2
2023-05-25,2.950000047683716,2.970000028610229,2.940000057220459,2.940000057220459,2.83191180229187,7402409,-244032953.58142236,497760465,-0.274021348452134,-523129.9476481954,-0.017224113883322,0.0015125797575546,-344076.4520632319,3.065640206014506,45.25446675118075,1218.3487806264638,3.1240000128746037,3.3458468072174954,2.902153218531711,14.20273965612157,0.0852994941866295,0.0,0.0,3.0633333365122475,3.1403332869211837,2.986333386103312,5.027200239109711,-0.3008659657362344,0.0,1.0,2.859999895095825,3.309999942779541,3.084999918937683,14.40461094203519,0.1777781192166944,0.0818949098719054,6.7558607532771005,-0.0661072931298747,-0.0449976931690557,-0.0211095999608189,3.0925000111262,3.1492307828022885,3.054290825497575,3.12039811862745,0.9307692561629404,0.9961537558651012,-0.0653844997021608,-0.1831919928747455,26.179683402245274,0.1459999680519104,-39.721673987168096,-17.61620150497191,-22.105472482196184,3.0549999475479126,3.1049998998641968,3.0799999237060547,3.149999976158142,0.7421331172237102,23.292460442020364,14.344079061770824,35.71584307574921,-123.87850174859489,3.2387500405311584,3.352499961853028,12.0,76.0,-64.0,3.133211874994113,3.2586290087248817,0.0,0.0,35.30403889496705,0.1579350111503654,0.2457856409091962,0.2644481901294137,-20.017843037943848,33.66387945650299,17.77781192166944,26.66669139155372,-82.22218807833056,-0.1616617756731369,-8.411214259124302,-2.118553165868237,-1.4297100324923595,-0.6888431333758771,11.048331590138517,12.82717203034326,-1.7788404402047426,3.118254040829594,-1.010100037063233,-1.0152361634350626,6.909092989834864,1.0101005891940957,2.91860294342041,3
2023-05-26,2.940000057220459,3.0799999237060547,2.940000057220459,3.0299999713897705,2.91860294342041,13920043,-240055798.4385652,511680508,-0.2216451022114222,-269425.2872365782,0.0553158155719961,9.434662900957866e-05,351351.614576731,3.0582197226160472,48.33478735394582,1218.3487806264638,3.116000008583069,3.339284580989355,2.892715436176783,14.331487278000338,0.3074205569455693,0.0,0.0,3.0406666676203407,3.125666610399882,2.9556667248408,5.5908754277273705,0.4372546858164605,0.0,0.0,2.859999895095825,3.309999942779541,3.084999918937683,14.44159327484544,0.377777907289091,0.0877054055332745,7.02203317749844,-0.0631481885533551,-0.0486277922459156,-0.0145203963074394,3.072500010331472,3.1426923183294444,3.050553771019452,3.113701959572807,0.9216418939488424,0.9738806906244312,-0.0522387966755887,-0.2016853773330629,26.14561813203205,0.1739999532699587,-42.82947867303435,-21.836021737800284,-20.993456935234068,3.047499895095825,3.1049998998641968,3.076249897480011,3.1149998903274536,0.3710665586118551,22.93245651997889,21.81738563396688,31.56005201746519,-69.3654618708387,3.221249997615814,3.352499961853028,8.0,72.0,-64.0,3.133211874994113,3.2506564264523004,0.0,0.0,43.438865602151424,0.4737062883154964,0.2844748990390786,0.2648724398343695,-18.906418303853997,40.27805338778306,37.777790728909096,26.66669139155372,-62.2222092710909,-0.1648088244830861,-7.339449875737985,-2.0280742785677197,-1.5493828817074318,-0.4786913968602875,12.550144899919502,12.77176660425851,-0.2216217043390074,3.11234490957416,3.06122151080499,3.0153009265626585,10.181817141446192,-3.061223201173874,2.908970594406128,4
2023-05-29,3.039999961853028,3.0899999141693115,3.009999990463257,3.0199999809265137,2.908970594406128,6895282,-245227259.9385652,504785226,-0.232607945153358,-240786.35395156225,0.0464084557598555,2.0848806413965265e-05,403366.6658462867,3.0489839061274084,47.5403933820684,1214.327831351802,3.10550000667572,3.326087859238116,2.8849121541133247,14.20626965630076,0.3061996053816654,0.0,0.0,3.022333327929178,3.110333267847697,2.934333388010661,5.823311353868005,0.486742337524175,0.0,0.0,2.859999895095825,3.309999942779541,3.084999918937683,14.49042172649737,0.3555557086143802,0.0869348573505525,7.320406892966528,-0.0609078843374435,-0.0510838106642212,-0.0098240736732223,3.050000011920929,3.133846163749695,3.0458531879282305,3.106761072265674,0.9730770197141136,1.0192308574033886,-0.0461538376892749,-0.2157897953130478,25.967135773256807,0.1245000123977662,-47.56024749640848,-26.590423604839557,-20.969823891568925,2.9749999046325684,3.1049998998641968,3.0399999022483826,3.1049998998641968,0.1855332793059275,22.45886699896716,21.19480008783631,29.45121666459837,-48.00912641271804,3.213750004768372,3.352499961853028,4.0,68.0,-64.0,3.133211874994113,3.2428432958251707,0.0,0.0,42.79498376189222,0.4487125916627428,0.3601179637095349,0.2967928345526032,-18.23258114736217,33.332131819859235,35.55557086143802,30.370391170672207,-64.44442913856197,-0.154426474430982,-8.206686445505062,-1.9604946412253428,-1.631605233611014,-0.3288894076143287,8.39000860225498,11.895415003857805,-3.505406401602825,3.106161871130537,-0.3300326916726104,-0.3305785007903461,9.818181124600487,0.3300328684995293,2.908970594406128,0
2023-05-30,3.0299999713897705,3.039999961853028,3.009999990463257,3.0199999809265137,2.908970594406128,4464913,-246715564.27189857,509250139,-0.2168087550497953,-206388.3033870533,-0.0167976076911064,-0.0047389194900406,-22756.684783016663,3.037531464572199,43.27999165522476,1214.327831351802,3.097000002861023,3.3170090926980103,2.876990913024036,14.207884380609745,0.3250071804043156,0.0,0.0,3.0044999917348223,3.089999945958456,2.9190000375111897,5.691459774261117,0.5906432601773639,0.0,0.0,2.859999895095825,3.309999942779541,3.084999918937683,14.530192033193533,0.3555557086143802,0.0812413687544743,7.638063782261686,-0.0584585532926418,-0.0525587591899053,-0.0058997941027364,3.0325000087420144,3.1238461641164927,3.041875771466428,3.1003343247590696,0.9308944192564824,1.0853659340297224,-0.1544715147732398,-0.2259515336923101,25.734474225587736,0.1230000257492061,-51.83742910708946,-31.39457045183986,-20.4428586552496,3.009999990463257,3.09499990940094,3.0524999499320984,3.1049998998641968,0.1238069066986687,22.01910530088484,20.63788859789962,28.677360771400178,-53.63322922114977,3.2387499809265137,3.352499961853028,48.0,64.0,-16.0,3.133211874994113,3.235186427810584,0.0,0.0,42.79498376189222,0.4487125916627428,0.4570438238803274,0.3672122288763136,-17.69731417721412,34.39881823424538,35.55557086143802,36.29631081726173,-64.44442913856197,-0.1477205914609571,-6.5015491302446,-1.885556432601336,-1.6823954734090787,-0.2031609591922569,2.921152125596983,10.100562428205642,-7.179410302608659,3.1012806072806645,0.0,0.0,9.818181124600487,0.0,2.8511765003204346,1
2023-05-31,3.009999990463257,3.0799999237060547,2.9600000381469727,2.9600000381469727,2.8511765003204346,16621327,-263336891.27189857,492628812,-0.2698911588404005,-319372.6413203372,-0.0036098131971736,-0.0067028469511414,-330224.7268935685,3.022497501307274,36.14280248970974,1214.327831351802,3.0890000104904174,3.316587354700691,2.861412666280144,14.73534110957426,0.2165923861208681,0.0,0.0,3.0094999949137367,3.087999931971233,2.9310000578562416,5.216809250052553,0.1847133983654704,0.0,0.0,2.859999895095825,3.309999942779541,3.084999918937683,14.567822795580785,0.2222225165661158,0.0851172204349351,7.957671615360409,-0.0606596876155367,-0.0541789448750316,-0.0064807427405051,3.0108333428700766,3.1107692443407498,3.029279504801896,3.089939192417433,0.8532818937996401,1.0579151339747626,-0.2046332401751224,-0.2363077958459065,25.56769265895436,0.1010000467300415,-53.50326227292884,-36.13068753077737,-17.37257474215147,3.0149999856948853,3.084999918937683,3.049999952316284,3.1049998998641968,0.0619034533493343,22.13258609532469,18.539440848607903,29.998105361695025,-63.358559164989565,3.243749976158142,3.352499961853028,44.0,60.0,-16.0,3.133211874994113,3.227682697156289,0.0,0.0,38.79361506172068,0.383165719217419,0.4268636341809683,0.4146751405902769,-18.427445317357343,30.01899663006105,23.809553544261835,31.640231755712644,-76.19044645573817,-0.1367500185966492,-8.074533793574961,-1.9631353187918,-1.738543442485623,-0.2245918763061771,8.28814319750617,9.738078582065748,-1.449935384559577,3.100015632454244,-1.986753084718018,-2.0067543847594798,7.63636502352627,1.9867541527174524,2.860808849334717,2
2023-06-01,2.9600000381469727,3.0199999809265137,2.9600000381469727,2.970000028610229,2.860808849334717,13850367,-272570469.27189875,506479179,-0.3069646108622054,-253961.7585727746,-0.0129960207319712,-0.005884609540671,-283432.99171531247,3.00899104687297,35.05439454164741,1218.4302862762238,3.08050000667572,3.3124892223663216,2.848510790985119,15.06178965673494,0.261842425009828,0.0,0.0,3.0068333307902018,3.0763332764307663,2.9373333851496377,4.622800002173685,0.2350120072721694,0.0,0.0,2.859999895095825,3.309999942779541,3.084999918937683,14.608019695131484,0.2444447152408256,0.0826054926693957,8.204194494544376,-0.0608952245254021,-0.0555222008051057,-0.0053730237202964,2.9925000071525574,3.102692319796636,3.0201595853877934,3.081054809913196,0.8871596572484779,1.0894942312869589,-0.2023345740384807,-0.2453172547344272,25.48964299685228,-0.1404999494552612,-56.68407610757973,-40.87131277954222,-15.812763328037503,3.0149999856948853,3.084999918937683,3.049999952316284,3.1049998998641968,0.0309517266746671,22.23796111873313,17.577087633155834,28.44095089365912,-68.09443792016437,3.243749976158142,3.352499961853028,40.0,56.00000000000001,-16.000000000000007,3.133211874994113,3.22032904111508,0.0,0.0,39.80383963471731,0.4563713050028619,0.4294165386276746,0.4377746655629901,-18.73262790737991,26.34812062607678,28.20515485282536,29.190093086175093,-71.79484514717464,-0.1228382601457487,-6.896552497303792,-1.9764408062288843,-1.7861229152342752,-0.1903178909946092,9.974068515424452,9.785276568737489,0.1887919466869654,3.096861662921659,0.3378375112966791,0.3372681224222296,8.000001040371973,-0.337837696585936,2.8897058963775635,3
2023-06-02,2.9800000190734863,3.0199999809265137,2.9600000381469727,3.0,2.8897058963775635,14175309,-267845366.27189875,520654488,-0.2654990000265296,-156930.240999355,0.0,-0.0040922079844056,189976.53664108863,3.001816285723719,41.20474451007807,1218.4302862762238,3.075500011444092,3.3098907053685043,2.8411093175196798,15.242444679059195,0.338944093342632,0.0,0.0,3.002166668574015,3.0696666161219284,2.9346667210261024,4.496748848389185,0.48395059068396,0.0,0.0,2.859999895095825,3.309999942779541,3.084999918937683,14.631768688318738,0.3111113112649588,0.0803449376804102,8.337829779014557,-0.0579926392068772,-0.05601628848546,-0.0019763507214171,2.997500002384186,3.0953846252881565,3.0170581107127483,3.0750507499196256,0.9034750221849104,1.0656371395642554,-0.1621621173793451,-0.2507383463680211,25.44528633576214,-0.0555000305175781,-58.08087840374543,-45.13403237263044,-12.946846031114994,3.0149999856948853,3.084999918937683,3.049999952316284,3.1049998998641968,5.054865025559413,22.335809354755245,16.64652392164925,26.93523405508248,-56.66316123974692,3.243749976158142,3.352499961853028,36.0,52.0,-16.0,3.133211874994113,3.213122458194695,0.0,0.0,42.85126953353994,0.7290595473745785,0.5228655238649532,0.4597152322245321,-18.123964271154247,31.1425879247472,37.333361307779946,29.782689901622398,-62.66663869222005,-0.1202206085709964,2.040814340536656,-1.885908361297551,-1.8060800044469305,-0.0798283568506201,11.293824806282544,10.0869862162465,1.2068385900360443,3.095931993151108,1.0101000370632771,1.0050326220427896,9.090909090909085,-1.0101005891940957,2.908970594406128,4
2023-06-05,3.039999961853028,3.069999933242798,3.015000104904175,3.0199999809265137,2.908970594406128,6295596,-272996333.2634977,526950084,-0.2984735498439907,-116524.2351535849,0.0458652606091138,7.015337869563426e-05,185155.4014365112,2.9942926878509586,45.22605934660952,1226.5531471048275,3.0670000076293946,3.2964428016323883,2.837557213626401,14.96203413317492,0.3975778975602352,0.0,0.0,3.0050000031789144,3.072999938329061,2.937000068028768,4.52578602849991,0.6102940592110769,0.0,0.0,2.859999895095825,3.309999942779541,3.084999918937683,14.67231974451603,0.3555557086143802,0.079310437236649,8.298631434160614,-0.0534622090491443,-0.0555054725981969,0.0020432635490525,2.997500002384186,3.0888461608153124,3.017510706130251,3.070972915179395,0.9503817884497964,1.0038167015043131,-0.0534349130545169,-0.2518064204363103,25.412997241415017,-0.0470000267028809,-58.33654847001466,-48.84527083313876,-9.491277636875909,3.0149999856948853,3.084999918937683,3.049999952316284,3.1049998998641968,52.5274325127797,21.558753233255228,20.063180036229777,25.255332767706783,-26.49834549366968,3.247500002384186,3.352499961853028,32.0,48.0,-16.0,3.133211874994113,3.2060600069327174,0.0,0.0,44.85555745279576,1.0,0.7284769507924801,0.5602530044283692,-17.050657714987597,32.280571435544644,69.56524894007401,45.034588366893125,-30.434751059925983,-0.1162058893372033,0.0,-1.740888328415012,-1.7930416692405469,0.0521533408255348,6.588898590132701,9.387368691023742,-2.7984701008910404,3.09490797766887,0.6666660308837891,0.6644536402944601,9.818181124600487,-0.6666663916460891,2.8415441513061523,0
2023-06-06,3.049999952316284,3.0899999141693115,2.930000066757202,2.950000047683716,2.8415441513061523,27084169,-293309460.0134977,499865915,-0.360030227175266,-370719.3475511664,-0.019199406186418,0.0083083182639455,-585807.5569503523,3.0029144776381824,47.37505006046759,1226.5531471048275,3.0540000081062315,3.278979989769808,2.829020026442655,14.733463069182198,0.2688684129727775,0.0,0.0,3.002000006039937,3.080999930699666,2.9230000813802084,5.263152864809011,0.1708860256500408,0.0,0.0,2.859999895095825,3.309999942779541,3.084999918937683,14.734775589039977,0.2000003178914051,0.087379378254195,7.828243873102288,-0.0548875110469371,-0.0553818802879449,0.0004943692410078,2.9916666746139526,3.078076931146475,3.00712445098463,3.062011962031568,1.0438598582621113,0.947368421052632,0.0964914372094791,-0.253771836388883,25.562072211186024,-0.0639999985694883,-61.2617036226087,-52.20169979339752,-9.060003829211176,3.009999990463257,3.084999918937683,3.04749995470047,3.1049998998641968,76.26371625638986,21.80180644849577,17.39298087781121,28.964503537256903,-54.20154064970067,3.247500002384186,3.352499961853028,28.000000000000004,44.0,-15.999999999999996,3.133211874994113,3.19913880469598,0.0,0.0,39.61831957536317,0.4516853162432485,0.7269149545392758,0.6594191430655697,-17.61005148425474,24.28894724502012,12.5,39.79953674928467,-87.5,-0.1132500045439779,-2.317878598837685,-1.7925309152130369,-1.7929395184350452,0.0004086032220083,16.85286597534382,10.880468147887758,5.972397827456064,3.0896058222459657,-2.317878598837686,-2.345163855535448,7.272729006680567,2.317879844837023,2.706691265106201,1
2023-06-07,2.940000057220459,2.950000047683716,2.799999952316284,2.809999942779541,2.706691265106201,17851923,-308781130.39681095,482013992,-0.4202648213095687,-674798.168292607,-0.113433221978892,-0.0022138602174685,-1474988.6831420325,2.985824160580744,35.389653881428586,1168.3438025320872,3.031000006198883,3.257000007355085,2.80500000504268,14.91257015466818,0.0110618090957553,0.0,0.0,2.9884999990463257,3.076999926567077,2.900000071525574,5.922698848853504,-0.5084757200785796,0.0,1.0,2.799999952316284,3.309999942779541,3.0549999475479126,16.826129641049974,0.0196078248044149,0.0936414499655187,7.761204275610083,-0.0665468014814734,-0.0576148645266506,-0.0089319369548227,2.9766666690508523,3.0634615421295166,2.9767976035684627,3.043344405049936,0.868420871010643,1.0964912078900717,-0.2280703368794286,-0.2645220253724125,25.76243948495673,-0.0010000348091123,-64.52884435207807,-54.95805205616531,-9.57079229591276,2.944999933242798,3.0549999475479126,2.9999999403953552,3.0749999284744263,62.75477773471065,23.10361598172784,15.332730356778404,35.79949957097985,-161.27201002067446,3.247500002384186,3.352499961853028,24.0,100.0,-76.0,3.133211874994113,3.1923560265039765,0.0,0.0,31.65720273319326,0.0,0.4838951054144162,0.6464290035820573,-20.83728421815145,20.92000609094817,3.448273027127105,28.504507322400386,-96.5517269728729,-0.133132351847256,-6.020069103113165,-2.1866339337424248,-1.871678401496521,-0.3149555322459036,18.039098174444568,12.31219415319912,5.726904021245447,3.068620260084035,-4.7457661912276965,-4.862072353319835,2.1818161010742188,4.74576072090818,2.735588312149048,2
2023-06-08,2.8499999046325684,2.890000104904175,2.8299999237060547,2.8399999141693115,2.735588312149048,8390755,-314374978.177399,490404747,-0.4490116133492091,-542438.0856881526,-0.0107261129619721,-0.0056939983889677,-757629.5955900886,2.975936233403591,31.388655019817197,1180.8172122698495,3.008500003814697,3.215698005056844,2.801302002572551,13.774173241111844,0.0933838921340162,0.0,0.0,2.978833325703939,3.070333274205526,2.887333377202352,6.143341268008968,-0.2586529490353726,0.0,1.0,2.799999952316284,3.2799999713897705,3.039999961853028,15.954795361969726,0.0833332505491077,0.0922773211814302,7.6311353353007165,-0.0725300449705272,-0.0605979006154259,-0.0119321443551012,2.960833330949148,3.052692312460679,2.9557518051993625,3.02828185016989,0.8070174154408326,1.1403508184872375,-0.3333334030464051,-0.2784182602846921,25.910608612969018,-0.0384999752044681,-67.21994151932911,-57.66810348353139,-9.551838035797722,2.944999933242798,3.0549999475479126,2.9999999403953552,3.0749999284744263,43.311768277128905,24.31243911972904,14.356023600147664,33.51904382034979,-169.6801382104755,3.2249999046325684,3.34499990940094,20.0,96.0,-76.0,3.133211874994113,3.1766617835364688,0.0,0.0,34.68594126264381,0.2294784913571233,0.2270546025334573,0.4792882208290498,-22.453201943725198,22.30613998219923,13.79309210850842,9.91378837854519,-86.20690789149158,-0.1482499978121589,-6.270629010379548,-2.395088983096414,-1.9763605178165,-0.4187284652799141,13.217966919525656,12.493348706464428,0.7246182130612286,3.059889602459496,1.0676146619453597,1.061955896853917,3.272724151611328,-1.067615188158996,2.6777942180633545,3
2023-06-09,2.8299999237060547,2.845000028610229,2.7799999713897705,2.7799999713897705,2.6777942180633545,8314066,-322689044.177399,482090681,-0.4602720460183108,-536210.2854848919,-0.0371359049567933,-0.0064721360559299,-86068.18885849966,2.965972679562896,31.171339769112137,1155.8703927943247,2.9860000014305115,3.189803860327481,2.7821961425335417,13.650626845233276,-0.0053879527984832,0.0,1.0,2.9573333263397217,3.041333293914795,2.8733333587646483,5.680791328249746,-0.5555560916821959,0.0,1.0,2.7799999713897705,3.25,3.0149999856948853,15.740121513230584,0.0,0.089549594785333,7.56026984038723,-0.0811775383535327,-0.0647138281630473,-0.0164637101904853,2.944999992847442,3.038846153479356,2.928713061536348,3.009890599889881,0.7835496888274945,1.1341991681561825,-0.3506494793286879,-0.2971318060049072,26.022055267373155,-0.0459999442100524,-73.32414251969963,-60.53075848611929,-12.793384033580343,2.934999942779541,3.044999957084656,2.9899999499320984,3.064999938011169,27.24599344996696,25.787025462244117,13.598091652978429,35.81056947639805,-209.59465149866827,3.2249999046325684,3.3399999141693115,16.0,100.0,-84.0,3.133211874994113,3.161595310287661,0.0,0.0,31.66359681684632,0.000484460661113,0.0766543173394122,0.2625346750957619,-24.80632177022077,23.12927159691685,0.0,5.747121711878523,-100.0,-0.1697058831944184,-6.39730826229542,-2.697026209407832,-2.1204936561347663,-0.5765325532730654,9.115817700842118,11.817842505339968,-2.702024804497849,3.011777609563494,-2.112674105382528,-2.1353104539944434,1.0909080505371094,2.112675135692882,2.6681618690490723,4
2023-06-13,2.7799999713897705,2.809999942779541,2.75,2.7699999809265137,2.6681618690490723,16342796,-328136642.84406567,465747885,-0.4573252870261314,-482955.6452931862,-0.0119318619466779,-0.0073244119092641,-234436.09999895268,2.9461191415796306,25.29075173007236,1155.8703927943247,2.9634999990463258,3.1581561361179977,2.768843861974654,13.136908191956376,0.0029696442384299,0.0,0.0,2.930999994277954,3.012999963760376,2.849000024795532,5.595357873934256,-0.4817077638422368,0.0,1.0,2.75,3.234999895095825,2.9924999475479126,16.365780167096386,0.0412370829947543,0.0865946295847538,7.612890459494965,-0.087825259891662,-0.0693361145087702,-0.0184891453828917,2.930833319822947,3.026153848721431,2.904295664519451,2.992120924411113,0.7596565706756891,1.1630902499651077,-0.4034336792894185,-0.3184417465152091,26.085287840621977,0.0664999723434447,-78.54179225376885,-63.497909946861455,-15.043882306907392,2.919999957084656,3.0299999713897705,2.974999964237213,3.049999952316284,16.040970987200453,27.35456809621289,12.920011948926218,36.51813676566588,-197.53087684341776,3.212499976158142,3.3324999809265137,12.0,100.0,-88.0,3.133211874994113,3.138699589953788,0.0,0.0,31.17601830858608,0.0,0.0766543173394122,0.1267877457374272,-26.824980683310656,23.522168019363324,5.882348816286518,6.558480308264993,-94.11765118371348,-0.2070588343283712,-5.782315407662513,-2.935217596827145,-2.283438444273242,-0.6517791525539027,10.862217030060489,11.626717410284073,-0.7645003802235841,2.970216928994742,-0.3597118908694741,-0.3603604097584201,0.7272720336914062,0.3597120700801497,2.620000123977661,1
2023-06-14,2.7799999713897705,2.789999961853028,2.700000047683716,2.720000028610229,2.620000123977661,22521583,-340648633.3996215,443226302,-0.4602789709775749,-574830.2782637662,-0.013986556770253,-0.0078179348831153,-465313.3645707066,2.9173824062733824,24.25628060323085,1155.8703927943247,2.939999997615814,3.1330803002896688,2.74691969494196,13.134714478260715,-0.0697110631145075,0.0,1.0,2.902333331108093,2.9903332948684693,2.814333367347717,6.0640838746649575,-0.5359850999163916,0.0,1.0,2.700000047683716,3.0899999141693115,2.8949999809265137,13.265301591900174,0.0512820199317989,0.0869351580432096,7.659986674816478,-0.0960213312542688,-0.0746731578578699,-0.0213481733963988,2.9049999912579856,3.0080769245441137,2.875942489764186,2.9719638210184547,0.7447697025113372,1.1673641327714763,-0.4225944302601393,-0.3432339344739151,25.995525974656093,0.0799999833106994,-85.76294682609714,-67.08231934165792,-18.680627484439214,2.8949999809265137,3.0049999952316284,2.949999988079071,3.024999976158142,8.852392231224433,29.12003735346261,11.95685782378245,37.93732805682373,-192.0903775739766,3.2024999856948853,3.3324999809265137,8.0,100.0,-92.0,3.133211874994113,3.107603622757485,0.0,0.0,28.788950134128854,0.0,0.0001614868870377,0.0511567071886207,-29.285346792107664,21.44511443265696,5.12820199317989,3.670183603155484,-94.8717980068201,-0.2456470664809731,-10.23102131045083,-3.2309051198800764,-2.4729317793946093,-0.7579733404854672,15.479373056421936,12.397248539511644,3.082124516910291,2.9215853156794838,-1.805052442619892,-1.8215422487139588,-1.0909080505371205,1.805053345154647,2.619999885559082,2
2023-06-15,2.5799999237060547,2.630000114440918,2.5799999237060547,2.619999885559082,2.619999885559082,20409913,-328402841.3143061,422816389,-0.4190830908877312,-784282.269892009,-0.0342971868014449,-0.0090374400915526,-1156891.8980998343,2.884334001485249,22.856457758385915,1113.375097422186,2.9239999890327453,3.162193222616861,2.6858067554486293,16.292286899967458,-0.1381375719606833,0.0,1.0,2.863333328564962,2.9443333228429163,2.782333334287008,5.657741169698157,-1.002058396268974,0.0,1.0,2.5799999237060547,3.0899999141693115,2.834999918937683,17.4418602043827,0.0784312992176598,0.0922416527293061,7.979347526303409,-0.1093257138899717,-0.0816036690642903,-0.0277220448256813,2.871666649977366,2.985384610983041,2.8365667045018625,2.9458924183918342,0.7356318962138938,1.1647509438546906,-0.4291190476407968,-0.3751117506191936,25.789318843223448,0.0959999918937684,-91.52418760776028,-70.95344284167798,-20.5707447660823,2.834999918937683,2.944999933242798,2.8899999260902405,2.9649999141693115,4.465069090940039,31.36413605155293,10.629422167236289,43.241469862713785,-220.51455400047104,3.197499990463257,3.3324999809265137,4.0,100.0,-96.0,3.133211874994113,3.066843265250108,0.0,0.0,24.71335047336493,0.0,0.0,0.0256052680754833,-32.85410098889211,22.323365095797037,7.84312992176598,6.284560243744143,-92.15687007823402,-0.2824411791913652,-13.24503635409675,-3.711123773815635,-2.7205701782788143,-0.9905535955368204,17.311741053801434,13.380147042369604,3.93159401143183,2.858259958718116,-3.676475808797752,-3.7457616733107657,-4.727276888760656,9.099945330603987e-06,2.700000047683716,3
2023-06-16,2.619999885559082,2.7300000190734863,2.619999885559082,2.700000047683716,2.700000047683716,27955604,-315695715.53681535,450771993,-0.3792957710531899,-352748.6810085705,0.027543679623975,-0.0110211640878398,103242.48213380705,2.8490020679987067,27.266139662346816,1113.375097422186,2.907999992370605,3.1607924210718146,2.6552075636693964,17.385999268530423,0.0885953828689672,0.0,0.0,2.8333333253860475,2.919333338737488,2.747333312034607,6.070589194776283,-0.2751933546653234,0.0,1.0,2.5799999237060547,3.0899999141693115,2.834999918937683,17.537826403070387,0.2352943651403981,0.0940175008078159,8.199313224524635,-0.1121217191029888,-0.08770727907203,-0.0244144400309588,2.8449999888738,2.9634615366275487,2.815556449606763,2.927678168709752,0.7607840475326296,1.1764705332367695,-0.4156864857041399,-0.4047931601209935,25.74036972599132,0.0520000457763671,-94.77727853753105,-75.03082063432083,-19.746457903210214,2.834999918937683,2.944999933242798,2.8899999260902405,2.9649999141693115,2.23253454547002,31.87887699471067,17.523201018802766,39.52822755891571,-140.22358597806357,3.2049999833106995,3.3324999809265137,4.0,96.0,-92.0,3.133211874994113,3.008422064264822,0.0,0.0,32.89759682133332,0.4063232175265663,0.1354410725088555,0.0452008531319644,-33.15509030534931,27.89772509724977,23.529436514039816,12.16692280966191,-76.47056348596018,-0.3038529536303351,-10.596024346484407,-3.82971462851744,-2.9423990683265395,-0.8873155601909,21.849031766981795,15.073923987292044,6.775107779689751,2.839956884365876,3.053441435840476,3.0077516577653896,-1.818180084228516,-3.053441435840469,2.7300000190734863,4
2023-06-19,2.720000028610229,2.75,2.7100000381469727,2.7300000190734863,2.7300000190734863,9488774,-315695715.53681535,460260767,-0.3528962063079749,-261689.8767896321,0.0231852984611293,-0.0126799610377489,959038.715989056,2.837558922891084,27.88316628772668,1125.7459198217643,2.893499994277954,3.152132959774153,2.634867028781755,17.876825022129534,0.1839150514112042,0.0,0.0,2.80699999332428,2.891000008583069,2.7229999780654905,5.985038507913174,0.0416669031929928,0.0,0.0,2.5799999237060547,3.0899999141693115,2.834999918937683,17.625712509825757,0.294117839553643,0.0896157459586627,8.306896727544881,-0.1106414209783563,-0.0922941074532953,-0.018347313525061,2.825833320617676,2.941923077289874,2.8023939218324125,2.913035342810769,0.7630521257747171,1.1646585883933616,-0.4016064626186444,-0.4291854956465425,25.643645373442183,0.076500034332275,-99.76762285006475,-79.63427334321528,-20.133349506849484,2.834999918937683,2.9299999475479126,2.882499933242798,2.9649999141693115,1.1162672727350098,32.07349260086056,18.429905877484888,37.93367506001481,-97.66898045383034,3.2074999809265137,3.322499990463257,4.0,92.0,-88.0,3.133211874994113,2.95701140739777,0.0,0.0,35.71957791425636,0.5464260918444025,0.3175831031236564,0.1510080585441706,-32.48038247115719,33.16412461579491,29.411783955364303,20.26145013039005,-70.5882160446357,-0.305205891412847,-7.770270814505515,-3.798148939435771,-3.1135490425483856,-0.6845998968873852,16.23696530649503,15.306532251132642,0.9304330553623874,2.827240153591596,1.111110031850071,1.1049825512574718,-0.7272720336914062,-1.1111100318500746,2.7300000190734863,0
2023-06-20,2.720000028610229,2.7300000190734863,2.700000047683716,2.7300000190734863,2.7300000190734863,6871414,-308824301.53681535,467132181,-0.3024036157737986,-224305.60867682757,-0.0065488579453009,-0.011947907484477,105430.7198135814,2.829985091751772,27.63691909641884,1125.7459198217643,2.880499994754792,3.1445056929515003,2.6164942965580824,18.330546688244866,0.2149683194164081,0.0,0.0,2.77549999554952,2.857000025113424,2.693999965985616,5.872817848646257,0.220859141281924,0.0,0.0,2.5799999237060547,3.0899999141693115,2.834999918937683,17.705259204719134,0.294117839553643,0.0836541685017735,8.413104607119012,-0.1082207723510424,-0.0954794404328447,-0.0127413319181976,2.805833319822947,2.922692308059105,2.791256398331039,2.899477170682081,0.7550200041823796,1.1405622236163495,-0.3855422194339699,-0.4482645873955609,25.517969949966336,0.1195000052452086,-104.70549923350518,-84.46136174442601,-20.244137489079165,2.7649999856948853,2.914999961853028,2.8399999737739563,2.9649999141693115,0.5581336363675049,32.32512084147063,17.961723122698057,37.81681061822784,-91.00018128328364,3.2074999809265137,3.3125,4.0,88.0,-84.0,3.133211874994113,2.911770029354764,0.0,0.0,35.71957791425636,0.5464260918444025,0.4997251337384572,0.3175831031236564,-31.95016850678488,35.45683236313177,29.411783955364303,27.451001474922823,-70.5882160446357,-0.3032058792955734,-8.080808324067506,-3.732423674354514,-3.237323968909612,-0.4950997054449022,10.093663758967333,14.26395855269958,-4.17029479373225,2.8138650652547064,0.0,0.0,-0.7272720336914062,0.0,2.720000028610229,1
2023-06-21,2.690000057220459,2.759999990463257,2.680000066757202,2.720000028610229,2.720000028610229,15220345,-308824301.5368155,451911836,-0.3089698312751039,-214005.27955835013,0.002628056309242,-0.0115023453768759,-55752.12592824111,2.809033239898212,30.198597524435243,1125.7459198217643,2.864999997615814,3.128476767481408,2.60152322775022,18.39279372320094,0.2248334851691993,0.0,0.0,2.7484999974568685,2.8220000346501672,2.67499996026357,5.348374550577163,0.3061227590151604,0.0,0.0,2.5799999237060547,3.0899999141693115,2.834999918937683,17.801046802361846,0.2745100147492272,0.0832887440222016,8.534507117020313,-0.105888687653195,-0.0975612898769148,-0.0083273977762802,2.7824999888738,2.903461538828336,2.7802938799124526,2.886182567565648,0.7717841387726807,1.1535269331889768,-0.3817427944162961,-0.4628308692950805,25.47008896386337,0.1549999833106996,-108.75688417436646,-89.37558839134695,-19.38129578301951,2.7350000143051147,2.90749990940094,2.821249961853028,2.9649999141693115,0.2790668181837524,32.105946019410034,19.29019112580324,35.245528452390225,-81.65678784046278,3.2074999809265137,3.3125,20.0,84.0,-64.0,3.133211874994113,2.871957616676919,0.0,0.0,35.14814332324738,0.5180560829574653,0.5369694222154235,0.4514258863591791,-31.681193096190047,40.12065313595635,27.45100147492272,28.758189795217124,-72.54899852507728,-0.2958529346129475,-9.333332379659032,-3.6688146080276174,-3.323622096733213,-0.3451925112944045,9.563955339180328,13.323957909995732,-3.760002570815404,2.803263402569992,-0.366300014409926,-0.3669725357120956,-1.0909080505371205,0.36630001440993,2.7300000190734863,2
2023-06-22,2.7300000190734863,2.740000009536743,2.7149999141693115,2.7300000190734863,2.7300000190734863,10086824,-306806898.2587824,461998660,-0.2559654228309651,-169023.36193507805,0.001858851173762,-0.010441283097895,-18668.24991957329,2.793734720200527,36.243982912890594,1129.8846875952413,2.852999997138977,3.118111305371106,2.5878886889068484,18.58473946708627,0.2680220076508517,0.0,0.0,2.7359999974568687,2.797000034650167,2.6749999602635706,4.45906705043846,0.4508198793029458,0.0,0.0,2.5799999237060547,3.0899999141693115,2.834999918937683,17.87591976777746,0.294117839553643,0.0774598791567246,8.667100767253,-0.1020571270392576,-0.0984604573093833,-0.0035966697298742,2.758333325386048,2.8857692296688366,2.772556362860304,2.874613489899561,0.7948715963202849,1.1239315995481056,-0.3290600032278207,-0.4722899470932211,25.045350664566996,0.0970000505447385,-109.62707931927947,-94.08749259134144,-15.539586727938058,2.712499976158142,2.834999918937683,2.7737499475479126,2.9649999141693115,0.1395334090918762,31.902426541782336,18.858659689813457,34.45706796456573,-70.21914207503099,3.2074999809265137,3.3125,16.0,80.0,-64.0,3.133211874994113,2.8369226935204157,0.0,0.0,36.24651374637338,0.5725868711798112,0.5456896819938931,0.5274614126492579,-31.153553969399777,41.85257525474388,29.411783955364303,28.758189795217124,-70.5882160446357,-0.259514709781198,-9.6026478041254,-3.5502904094012124,-3.368955759266813,-0.1813346501343993,6.199579673430312,11.899082262682647,-5.699502589252337,2.800582712837793,0.367646704340907,0.3669725357120956,-0.7272720336914062,-0.3676467043409133,2.700000047683716,3
2023-06-23,2.720000028610229,2.75,2.700000047683716,2.700000047683716,2.700000047683716,8487383,-315294281.2587824,453511277,-0.2588982580895501,-181251.63125492755,-0.0014727364294993,-0.0105464785571449,-56183.97944740597,2.7767687232261142,29.22926047117797,1117.468384274811,2.84099999666214,3.110955549527052,2.571044443797228,19.00426280760858,0.2388459924567995,0.0,0.0,2.7223333358764648,2.78233335018158,2.6623333215713503,4.407984394445766,0.3138893094326699,0.0,0.0,2.5799999237060547,3.0899999141693115,2.834999918937683,17.951425239790577,0.2352943651403981,0.0747138864726806,8.977994253724875,-0.1002853080134,-0.0988254274501867,-0.0014598805632133,2.737499992052714,2.8765384600712696,2.761393852833136,2.861679160846536,0.7801723314026229,1.1163792935123642,-0.3362069621097413,-0.479012058425086,24.565119446594288,-0.0310000538825989,-111.61716476181756,-98.34227284046564,-13.274891921351909,2.694999933242798,2.834999918937683,2.7649999260902405,2.9649999141693115,0.0697667045459381,31.84682422622679,17.99177272540979,34.25217637292278,-69.61228727505511,3.09499990940094,3.1999999284744263,12.0,76.0,-64.0,3.133211874994113,2.806091961142692,0.0,0.0,34.36606229052771,0.4792281117466475,0.5232903552946414,0.5353164865013194,-31.2136093957726,40.76680319477553,23.529436514039816,26.797407314775626,-76.47056348596018,-0.2382646939333748,-8.474576134203634,-3.5044217879314563,-3.396048964999742,-0.1083728229317144,2.4512882505351743,10.009523460253154,-7.55823520971798,2.7923346828874624,-1.0989000432297449,-1.1049825512574718,-1.818180084228516,1.0989000432297473,2.680000066757202,4
2023-06-26,2.690000057220459,2.720000028610229,2.680000066757202,2.680000066757202,2.680000066757202,5841016,-321135297.2587824,447670261,-0.3034760390326693,-172047.1423030038,-0.0171202765520976,-0.0150454454972315,-136534.598614719,2.76645436585486,25.615363706420936,1109.1908487278574,2.8235000014305114,3.087490528886785,2.559509473974238,18.69952380538509,0.2282100686414248,0.0,0.0,2.7115000089009604,2.769000013669332,2.654000004132589,4.241195248358327,0.2260874823345656,0.0,0.0,2.5799999237060547,3.0899999141693115,2.834999918937683,18.06268780608705,0.1960787155315682,0.0712424940107152,9.304842929683977,-0.0993497182748752,-0.0989302856151244,-0.0004194326597508,2.7266666690508523,2.863461540295527,2.748871731898377,2.848221450173252,0.7212389156470934,1.2035398192745166,-0.4823009036274231,-0.4840661339503814,24.185186424634555,0.0164999127388001,-113.47098282181952,-102.22329401469352,-11.247688807126025,2.684999942779541,2.834999918937683,2.759999930858612,2.9649999141693115,0.034883352272969,31.97485042943336,17.306390529270267,34.85207712237484,-74.53386407330375,3.09499990940094,3.1999999284744263,8.0,72.0,-64.0,3.133211874994113,2.7789609166502958,0.0,0.0,33.13200032841232,0.5648216911713518,0.5388788913659369,0.5359529762181571,-31.598350326043374,41.71608239350796,19.607871553156823,24.183030674186995,-80.39212844684317,-0.2302940992748037,-4.626330201763212,-3.4881318048086465,-3.414465532961523,-0.0736662718471232,-2.381429485830973,7.53133287103633,-9.912762356867304,2.7857766181624224,-0.740740021233377,-0.7434971238749921,-2.545452117919922,0.7407400212333783,2.7300000190734863,0
2023-06-27,2.700000047683716,2.7300000190734863,2.700000047683716,2.7300000190734863,2.7300000190734863,8231941,-312903356.2587824,455902202,-0.2520468510326545,-88669.45662107976,0.0054665010559906,-0.0132835949799166,110314.09535547328,2.731849735588722,34.0609921693503,1109.1908487278574,2.80900000333786,3.059750875239954,2.558249131435766,17.85339064465173,0.3424731613790375,0.0,0.0,2.7058333476384484,2.760333355267843,2.651333340009054,4.028334389252763,0.7217125509355313,0.0,0.0,2.5799999237060547,3.0899999141693115,2.834999918937683,18.155927015209592,0.294117839553643,0.0691182398412721,9.335616906338458,-0.0934959156650467,-0.0978434116251089,0.0043474959600621,2.7175000111262,2.852307695608872,2.7459683914637782,2.839464307128825,0.7745098337124269,1.2156862561769688,-0.4411764224645419,-0.4836542225247378,23.905022064852893,-0.0290000319480894,-113.86892723893712,-105.34618072723129,-8.522746511705847,2.669999957084656,2.834999918937683,2.752499938011169,2.9649999141693115,50.017441676136485,31.909651440070174,17.437782708716977,33.15201984936873,-55.39918212782928,3.09499990940094,3.1999999284744263,4.0,68.0,-64.0,3.133211874994113,2.7550855974969863,0.0,0.0,39.02682256112312,1.0,0.6813499343059998,0.5811730603221926,-30.284916411858315,43.89778523870462,40.540552731406095,27.892620266200925,-59.45944726859391,-0.2157352756051458,-3.873235859867965,-3.292730795393827,-3.3901185854479845,0.0973877900541575,-4.796798243181804,5.065706648192704,-9.862504891374506,2.784864197168762,1.8656698160751883,1.848479675132464,-0.7272720336914062,-1.8656698160751972,2.7699999809265137,1
2023-06-28,2.740000009536743,2.789999961853028,2.734999895095825,2.7699999809265137,2.7699999809265137,7437293,-310874991.8988705,463339495,-0.2363334545202821,-33503.61477667019,0.0351269931308409,-0.002672151043507,262552.05983694864,2.720903432217783,41.55515389916688,1125.442713682752,2.79650000333786,3.0281268627492737,2.5648731439264467,16.56548250562826,0.4427958776484608,0.0,0.0,2.708666674296061,2.7596666971842447,2.6576666514078777,3.7656920559586826,1.1013066578903743,1.0,0.0,2.5799999237060547,3.0899999141693115,2.834999918937683,18.237081704077543,0.3725491387713028,0.068206410135099,9.155441070646814,-0.0846532424107793,-0.095205377782243,0.0105521353714636,2.7166666785875955,2.8438461560469404,2.74966555907343,2.8343188014842093,0.9247312599805732,1.0268818210461037,-0.1021505610655305,-0.4760376158553858,23.76119866941464,-0.0265000224113465,-110.61193281048809,-107.46704130531214,-3.1448915051759485,2.7049999237060547,2.834999918937683,2.769999921321869,2.9649999141693115,75.00872083806824,30.811852152847703,22.33369320277473,31.186116713469385,-25.237611752396496,3.09499990940094,3.1999999284744263,12.0,64.0,-52.0,2.5799999237060547,2.7550855974969863,1.0,0.0,43.33083819838819,1.0,0.854940563723784,0.6917231297985736,-27.906229181343274,46.50628990782222,61.29030521405746,40.479576499540144,-38.70969478594254,-0.1928970582344953,-0.3597118908694688,-2.9867226780011515,-3.3094394039586184,0.3227167259574668,-7.320828797419673,2.588399559070228,-9.9092283564899,2.7845478386893463,1.4652000576396595,1.454569713001863,0.7272720336914062,-1.465200057639663,2.759999990463257,2
2023-06-29,2.75,2.7799999713897705,2.7300000190734863,2.759999990463257,2.759999990463257,8093688,-309256254.2988705,455245807,-0.1746310343488,-40279.78449608535,-0.0046331944660483,-0.0022369425795125,79752.15873442372,2.7162159370103405,39.42257286501032,1125.442713682752,2.7865000009536742,3.005978928692792,2.567021073214557,15.753018314301158,0.4396297157923139,0.0,0.0,2.723333342870077,2.7743333419164022,2.672333343823751,3.745409953566508,0.8594769439100798,0.0,0.0,2.5799999237060547,3.0899999141693115,2.834999918937683,18.30252970711324,0.3529413139668879,0.0663857643532175,9.00280194147962,-0.0775582327766044,-0.0916759487811152,0.0141177160045108,2.7158333460489907,2.8334615413959203,2.7512554715949418,2.8288137043715462,0.905555763068056,0.9944445813143916,-0.0888888182463357,-0.463620031219295,23.68992091355661,-0.0664999723434451,-104.21954731605376,-108.51618228070356,4.296634964649783,2.7350000143051147,2.834999918937683,2.784999966621399,2.9649999141693115,87.50436041903413,29.851159463094326,21.205202505673547,30.115599425747146,-25.55169088073933,3.09499990940094,3.189999938011169,8.0,60.0,-52.0,2.584199924468994,2.7550855974969863,0.0,0.0,42.52270930880574,0.95659302149042,0.9855310071634732,0.8406071683977524,-26.14482504133041,45.43559823975407,67.92452660435409,56.58512818327256,-32.075473395645915,-0.1718823446946986,-0.3610104885239755,-2.741722887468651,-3.195896100660625,0.4541732131919742,-8.86075175519596,0.2985692962169908,-9.15932105141295,2.781266840614715,-0.3610104885239718,-0.3616637039795201,0.3636360168457031,0.36101048852397355,2.740000009536743,3
2023-06-30,2.7699999809265137,2.7850000858306885,2.740000009536743,2.740000009536743,2.740000009536743,9313470,-318569724.2988705,445932337,-0.178006143598333,-61135.41847659563,0.0036238151038498,0.0006744659962476,-96707.91150263866,2.714235084230123,39.20925004703508,1125.442713682752,2.775,2.978322397792614,2.571677602207386,14.653866507575785,0.4139298207102685,0.0,0.0,2.7305000146230065,2.775000007947286,2.6860000212987267,3.259475779964321,0.6067415318976419,0.0,0.0,2.5799999237060547,3.0899999141693115,2.834999918937683,18.37837803471196,0.313725664358058,0.0642471955472903,8.733363942346973,-0.0727110501140337,-0.0878829690476989,0.0151719189336652,2.7175000111262,2.8246153868161707,2.749523862047526,2.8222349121615604,0.971591067646676,0.9374999153342994,0.0340911523123765,-0.4489219006763324,23.70872438000437,-0.1550001144409178,-100.9249002510241,-108.64476865858792,7.719868407563823,2.7350000143051147,2.834999918937683,2.784999966621399,2.9649999141693115,93.75218020951706,28.87113311418119,20.733945142908414,28.70957599166991,-21.48603991343219,3.0874999165534973,3.184999942779541,4.0,56.00000000000001,-52.00000000000001,2.588315925216675,2.7550855974969863,0.0,0.0,40.88055121792903,0.8683878825838675,0.941660301358096,0.927377290748451,-25.078734358287047,41.67032689117273,69.56524894007401,66.2600269194952,-30.434751059925983,-0.1500441060346715,0.735293408681801,-2.5763642069874373,-3.071989721925988,0.4956255149385504,-9.107074899739391,-1.582559542974286,-7.524515356765107,2.780017474112808,-0.7246369925949403,-0.727275239317482,-0.3636360168457031,0.7246369925949381,2.789999961853028,4
2023-07-03,2.7699999809265137,2.809999942779541,2.75,2.789999961853028,2.789999961853028,5031226,-316892648.9655371,450963563,-0.1967638551709007,-16464.49296673177,0.0208695538822866,0.0030174242697451,24321.75663937256,2.710158137020464,45.69240174989076,1145.9799698225288,2.7644999980926515,2.9400534003810685,2.5889465958042344,12.7005536197894,0.5726273698714263,0.0,0.0,2.7358333428700767,2.782333334287008,2.6893333514531457,3.3993292419010714,1.082436870764975,1.0,0.0,2.5799999237060547,3.0899999141693115,2.834999918937683,18.44818197920521,0.4117647883801336,0.064822469316841,8.426878421435065,-0.0640961837393363,-0.0831256119860264,0.0190294282466901,2.731666684150696,2.818846152378962,2.755750954325296,2.8198471380646324,1.0056181069561985,0.8595505407280613,0.1460675662281372,-0.4291090033416421,23.599927553334155,-0.0644999504089356,-95.57571362626746,-107.63034803556152,12.054634409294051,2.745000004768372,2.834999918937683,2.789999961853028,2.9649999141693115,96.87609010475852,27.517547992378216,21.820578251616748,26.6270378600868,11.45692599328298,3.0799999237060547,3.149999976158142,4.0,52.0,-48.0,2.5923496059494022,2.7550855974969863,0.0,0.0,46.44844352923438,1.0,0.941660301358096,0.9562838699598882,-22.54125115651839,45.02003715318795,91.30435684002131,76.2647107948165,-8.69564315997866,-0.1209558844566345,6.48855281372157,-2.2730375300885277,-2.912199283558496,0.6391617534699687,-12.645569813637806,-3.7951615971069903,-8.850408216530816,2.7804791454153968,1.824815771615196,1.808365827998215,1.4545440673828347,-1.8248157716152065,2.789999961853028,0
2023-07-04,2.809999942779541,2.8399999141693115,2.789999961853028,2.789999961853028,2.789999961853028,6458373,-323351021.9655371,457421936,-0.2018769703103208,-14112.422542912947,0.0270965560852784,0.0059519323308545,91810.60555360484,2.710334554658168,56.18428503102235,1145.9799698225288,2.752999997138977,2.884772522166146,2.621227472111808,9.573013088566082,0.6403933206350183,0.0,0.0,2.744500001271566,2.7929999907811487,2.696000011761984,3.534340643987016,0.969071860030731,0.0,0.0,2.5799999237060547,3.0899999141693115,2.834999918937683,18.52524485990804,0.4117647883801336,0.0633402176167853,7.970920909155496,-0.0566162037165467,-0.0778237303321305,0.0212075266155837,2.7391666769981384,2.8096153827813954,2.7610200324064853,2.817636236123032,1.1117647520811151,0.7941176800579394,0.3176470720231757,-0.4058282782134141,23.50930741845184,-0.0229999780654908,-89.99280198039109,-105.5454500140087,15.5526480336176,2.759999990463257,2.834999918937683,2.79749995470047,2.9649999141693115,98.43804505237928,25.753149660529463,23.83834574365277,25.21980933375193,56.56561260379499,3.076249897480011,3.1149998903274536,4.0,48.0,-44.0,2.601055619422608,2.7550855974969863,0.0,0.0,46.44844352923438,1.0,0.9561292941946226,0.9464832989702714,-20.453613583386904,45.013108450195375,80.76924840374187,80.54628472794575,-19.230751596258123,-0.0894117846208462,3.333330095550234,-2.009351064935502,-2.7316296398338973,0.7222785748983953,-14.344697969493865,-5.9050688715843656,-8.439629097909497,2.7809194652876426,0.0,0.0,1.4545440673828347,0.0,2.7799999713897705,1
2023-07-05,2.7799999713897705,2.8399999141693115,2.7699999809265137,2.7799999713897705,2.7799999713897705,8624136,-329511119.1083942,448797800,-0.156735782354928,-24416.54471590164,-0.0081167396346324,0.0078219642713411,-30910.85266415384,2.730695713071383,61.10133094956787,1145.9799698225288,2.74449999332428,2.841757352077327,2.6472426345712328,7.087437346665398,0.6825053575412785,0.0,0.0,2.7521666606267297,2.7996666510899866,2.7046666701634727,3.4518251487313725,0.7929822773814132,0.0,0.0,2.5799999237060547,2.950000047683716,2.7649999856948853,13.481513021594068,0.5405404882939738,0.0640061891793866,7.1039676586457405,-0.0509083416420104,-0.0724406525941065,0.021532310952096,2.743333339691162,2.8003846131838284,2.7639400230192983,2.8148483646613087,1.1858977807501998,0.6858974750852498,0.50000030566495,-0.3810601635248452,23.5964577555901,-0.0144999742507936,-83.49540534952563,-102.64193068403604,19.1465253345104,2.759999990463257,2.834999918937683,2.79749995470047,2.9649999141693115,99.21902252618963,24.422631675046908,22.07906491589189,25.467160367678854,69.41320222151485,3.0399999022483826,3.1049998998641968,16.0,44.0,-28.0,2.6153922771074103,2.7550855974969863,0.0,0.0,45.45545144019582,0.9267210300254096,0.9755736766751364,0.9577877574092848,-18.93769384911831,44.53794779929439,72.72730228329108,81.6003025090181,-27.272697716708915,-0.0765000168014977,1.8315000720495704,-1.8085642651708476,-2.5470165649012872,0.7384522997304399,-13.743462081665085,-7.47274751360051,-6.270714568064575,2.7808769404224387,-0.3584226021499881,-0.359066474942793,1.0909080505371094,0.3584226021499859,2.759999990463257,2
2023-07-06,2.75,2.775000095367432,2.7300000190734863,2.759999990463257,2.759999990463257,5991193,-327514075.9366802,442806607,-0.0854949214890928,-38046.144860353146,-0.0394328653768821,0.0030379253427085,-74012.91991603235,2.7434556850298137,46.801600797104456,1137.7355173856608,2.7419999957084658,2.8348654639183226,2.649134527498609,6.7735571375055885,0.5969143595664365,0.0,0.0,2.75483333269755,2.8043333212534587,2.705333344141642,3.5936829984148426,0.5521884743455144,0.0,0.0,2.5799999237060547,2.890000104904175,2.7350000143051147,11.30562296438019,0.5806450372432675,0.0626055654930763,6.521445171977288,-0.0474516579635966,-0.0674428536680045,0.0199911957044079,2.7458333373069763,2.7903846135506263,2.763333864164523,2.8107855221281195,1.083333968012817,0.8819443179684604,0.2013896500443565,-0.3569404232974853,23.534460445992,-0.0219999670982367,-76.19964341492862,-98.70665053438172,22.507007119453093,2.759999990463257,2.834999918937683,2.79749995470047,2.9549999237060547,99.60951126309482,23.76556141120988,20.892979201489624,28.3966604302984,16.140418928883346,3.0524999499320984,3.1049998998641968,12.0,40.0,-28.0,2.628868735331124,2.7550855974969863,0.0,0.0,43.45455501155475,0.7751735600468144,0.9006315300240746,0.9441115002979444,-18.13621735748073,40.59037421341987,50.0,67.83218356234433,-50.0,-0.069573535638697,1.098900043229742,-1.6881991738618936,-2.3752530866934083,0.6870539128315147,-15.476094919715813,-9.073416994823573,-6.402677924892242,2.7804863915612668,-0.7194237817389371,-0.7220241137379402,0.3636360168457031,0.7194237817389393,2.700000047683716,3
2023-07-07,2.7300000190734863,2.740000009536743,2.690000057220459,2.700000047683716,2.700000047683716,5638609,-330897241.3366802,437167998,-0.0763648091886623,-80941.86950261769,-0.0332528714786293,-0.0009933725101314,-165680.40729724197,2.742908058783943,38.87150924497112,1113.002160075057,2.7350000023841856,2.817825106566588,2.652174898201784,6.056680373689266,0.2887116771782684,0.0,0.0,2.7541666666666664,2.803666655222575,2.7046666781107582,3.594552875466876,-0.0471376919791771,0.0,1.0,2.5799999237060547,2.845000028610229,2.712499976158142,9.689217721139505,0.4528304772598256,0.0633450022680485,6.056899387626928,-0.0489889905972407,-0.0637520810538517,0.014763090456611,2.744166672229767,2.780384613917424,2.753590200090553,2.8025791906877933,0.891892248910443,0.9459459633614856,-0.0540537144510425,-0.3376619715666289,23.517982711609044,-0.0049999833106992,-71.3585367541177,-94.02748986019262,22.668953106074923,2.7649999856948853,2.834999918937683,2.799999952316284,2.944999933242798,99.8047556315474,23.675210586094487,19.32757836799716,30.55046146841792,-53.440485274703946,3.049999952316284,3.1049998998641968,8.0,36.0,-28.0,2.641536606061416,2.7550855974969863,0.0,0.0,38.04412076444036,0.3688763104343658,0.69025696683553,0.8554873911782469,-18.90919230394974,34.68819762079834,12.5,45.07576742776371,-87.5,-0.0692205997074353,-0.7352934086817684,-1.7479966582217472,-2.249801800999076,0.5018051427773289,-17.146811302671956,-10.688095856393248,-6.458715446278708,2.78015138076469,-2.173910977784832,-2.197888560279815,-1.818180084228516,2.1739109777848284,2.720000028610229,4
2023-07-10,2.759999990463257,2.765000104904175,2.720000028610229,2.720000028610229,2.720000028610229,5943140,-336840381.3366802,443111138,-0.0661312292215688,-52398.36148172976,0.02082238682116,0.0009617164017586,-78555.12354743484,2.7439081814570456,45.4488324934368,1113.002160075057,2.732000005245209,2.8123989999655,2.651601010524918,5.885724345968631,0.4253723465279139,0.0,0.0,2.7583333333333333,2.808333333333333,2.708333333333333,3.625377643504535,0.11666695276896,0.0,0.0,2.5799999237060547,2.8399999141693115,2.709999918937683,9.516837114351349,0.5384619616897992,0.0635105077632895,5.527130805403004,-0.0480397343178125,-0.0606096117066439,0.0125698773888314,2.743333339691162,2.770769229302039,2.748422481401272,2.7964622157190844,0.9225809885239088,0.8645160377335284,0.0580649507903804,-0.3204777795847831,23.516678211122763,-0.0319999575614931,-65.51711171003389,-88.65506591253671,23.137954202502826,2.7649999856948853,2.834999918937683,2.799999952316284,2.944999933242798,99.90237781577372,23.113386637812265,20.66126961410605,28.42102028136303,0.1750823243192123,3.049999952316284,3.1049998998641968,4.0,32.0,-28.0,2.6534444045478893,2.7550855974969863,0.0,0.0,40.6947757194039,0.5679275822334232,0.5706591509048679,0.7205158825881575,-18.83429775938677,31.763623637522567,24.999999999999723,29.166666666666583,-75.00000000000028,-0.0687058771357818,-0.3663000144099302,-1.717875322891124,-2.143416505377486,0.4255411824863619,-18.124277924789613,-12.175332270072522,-5.948945654717091,2.7787882561234283,0.7407400212333659,0.7380100155453762,-1.0909080505371205,-0.7407400212333641,2.7699999809265137,0
2023-07-11,2.7300000190734863,2.7799999713897705,2.720000028610229,2.7699999809265137,2.7699999809265137,5871663,-332925939.3366802,448982801,-0.0235325926357512,-2972.4712675837,0.0076638520538091,0.0013214160977991,151958.09404544745,2.7482506259722523,48.62831884633023,1133.4617388788515,2.732000005245209,2.8123989999655,2.651601010524918,5.885724345968631,0.7363212115618311,0.0,0.0,2.761999996503194,2.814999993642171,2.708999999364217,3.837798494285094,0.5754715552374654,0.0,0.0,2.5799999237060547,2.8399999141693115,2.709999918937683,9.516837114351349,0.7307694776523839,0.0631594512649147,4.851527475733347,-0.0427599534660463,-0.0570396800585244,0.014279726592478,2.7491666674613957,2.76192307472229,2.751742096712848,2.794502050178894,0.9470202084316224,0.880794758451865,0.0662254499797574,-0.3014113684264839,23.58203380225949,-0.0519999384880067,-58.4939788258167,-82.8641821364621,24.370203310645408,2.7649999856948853,2.834999918937683,2.799999952316284,2.944999933242798,99.95118890788686,22.309702020524803,20.94240595271337,26.57934154594213,49.32248608082987,3.049999952316284,3.1049998998641968,4.0,28.000000000000004,-24.000000000000004,2.664637735125175,2.7550855974969863,0.0,0.0,46.82027448474724,1.0,0.6456012975559297,0.6355058050987757,-16.985502145749955,38.93938108224464,56.25,31.249999999999915,-43.75,-0.0739117475116954,2.592590074316836,-1.5301457182079716,-2.0207623479435832,0.4906166297356116,-18.87419657413216,-13.51510513088445,-5.35909144324771,2.7785890999274985,1.8382335217044687,1.8215422487139588,0.7272720336914062,-1.8382335217044812,2.9200000762939453,1
2023-07-12,2.950000047683716,3.0,2.880000114440918,2.9200000762939453,2.9200000762939453,20765395,-339847737.6700135,469748196,0.0039695190933837,442425.2003909837,0.1097979842072551,0.0090313541716201,1232415.4738616536,2.784447463152819,54.14220790225555,1133.4617388788515,2.7420000076293944,2.8564727275949684,2.6275272876638205,8.349578384176718,1.2774781132049708,1.0,0.0,2.778833341598511,2.838333320617676,2.719333362579346,4.282371175591117,1.686275499777608,1.0,0.0,2.5799999237060547,3.0,2.789999961853028,15.317289391879244,0.8095240257764497,0.0798435080457719,4.117138560934417,-0.026170260536166,-0.0508657961540527,0.0246955356178867,2.769166668256124,2.758076924544114,2.777627939725324,2.80379820026149,0.973958718797576,0.7500001241764009,0.223958594621175,-0.2710113330256713,23.638861661364466,-0.0119999885559081,-47.5684196895617,-76.56961240018522,29.00119271062352,2.845000028610229,2.834999918937683,2.8399999737739563,2.944999933242798,99.97559445394344,22.665357145578668,36.70990493033144,20.96977097959015,304.8578102440787,3.049999952316284,3.1049998998641968,100.0,24.0,76.0,2.6751594658678237,2.7550855974969863,0.0,0.0,60.12614648825119,1.0,0.8559758607444744,0.6907454364017572,-10.395716355865463,44.62588603311864,75.00001862645537,52.08333954215171,-24.99998137354462,-0.0452205489663515,8.955224013376348,-0.933386023777506,-1.803287083110368,0.8699010593328617,-5.374331539496654,-11.886950412606891,6.512618873110237,2.7909884018990194,5.415165935028621,5.273632909474135,6.181820956143458,-5.415165935028611,2.880000114440918,2
2023-07-13,2.930000066757202,2.9600000381469727,2.859999895095825,2.880000114440918,2.880000114440918,7982026,-344636922.82104427,461766170,-0.0857433068742475,333610.0666908615,-0.0375846101159453,0.0064519346225882,1015137.8815306808,2.7979125064871577,54.12646509883732,1117.9348809567916,2.7550000190734862,2.8701521027068058,2.6398479354401667,8.359497846540522,1.0427608924796852,1.0,0.0,2.793166677157084,2.857666675249736,2.7286666790644327,4.618413832596651,1.1731274407101626,1.0,0.0,2.619999885559082,3.0,2.809999942779541,13.793107506718384,0.6842109225792365,0.0818591715463094,3.0108424078276563,-0.0160652814308184,-0.0439056932094058,0.0278404117785874,2.7816666762034097,2.755384619419391,2.7933775050661844,2.809442786497003,0.9702970507378476,0.8118813213396965,0.158415729398151,-0.2364262533916984,23.65102737675997,0.0149999618530274,-37.526135968157725,-69.5253052576445,31.99916928948678,2.845000028610229,2.789999961853028,2.8174999952316284,2.944999933242798,99.98779722697172,22.69438776521261,33.408493001412246,20.882574246366207,216.9920544689728,3.04749995470047,3.1049998998641968,96.0,20.0,76.0,2.7011467085983973,2.7550855974969863,0.0,0.0,56.095471519977735,0.8506833687419914,0.9502277895806638,0.817268315960356,-6.444504467442584,44.07026267352695,62.500027939683065,64.5833488553795,-37.499972060316935,-0.0123970354304594,5.494508949429935,-0.5718315926571926,-1.5569959850197328,0.9851643923625402,-6.268736178057713,-10.763307565697056,4.494571387639343,2.795969527786502,-1.369861671503625,-1.3793308523969872,4.727276888760645,1.369861671503628,2.869999885559082,3
2023-07-14,2.890000104904175,2.9100000858306885,2.8499999046325684,2.869999885559082,2.869999885559082,5315092,-346408634.23452044,456451078,-0.1842483998335672,278358.32337387913,-0.0338658995803769,0.0052558186919968,-127798.3170112105,2.8072120486310173,54.20346223481655,1114.0530739289034,2.7635000109672547,2.886019386594478,2.640980635340032,8.866971242337,0.9346246218062004,0.0,0.0,2.805333336194356,2.871333344777425,2.7393333276112872,4.705323801028431,0.989898037538398,0.0,0.0,2.680000066757202,3.0,2.840000033378601,11.579516264622502,0.5937495576216848,0.0796732725114905,1.8141405431910247,-0.0087629339350847,-0.0368771413545416,0.0281142074194568,2.790000001589457,2.7576923095262966,2.8051655636035533,2.813928497538638,0.9805825422504362,0.8349516091287009,0.1456309331217352,-0.2006928323359766,23.700761775656453,-0.0035000205039978,-27.13993088034689,-61.92132939698666,34.78139851663977,2.845000028610229,2.789999961853028,2.8174999952316284,2.944999933242798,99.99389861348584,22.56727299514353,31.5737340030864,20.65103743689213,148.21121920019007,2.9999999403953552,3.0749999284744263,92.0,16.0,76.0,2.725054971910525,2.7550855974969863,0.0,0.0,55.100962696405176,0.772431032610047,0.8743714671173461,0.8935250391474948,-3.671605947466218,45.701686057746656,58.06447147205811,65.18817267939886,-41.93552852794189,0.0244264862116647,3.610104885239755,-0.3114128146024235,-1.307879350936271,0.9964665363338474,-9.306190934505144,-10.471884239458674,1.165693304953532,2.800800042356698,-0.3472301557105095,-0.347834398763891,4.3636322021484375,0.34723015571050553,2.9200000762939453,4
2023-07-17,2.880000114440918,2.940000057220459,2.865000009536743,2.9200000762939453,2.9200000762939453,8248524,-342559316.04216444,464699602,-0.1623641815744075,297511.1019320532,0.0204582533057838,0.0063266581384106,125247.46039475482,2.8212304054021344,54.43784519694658,1114.0530739289034,2.7730000138282778,2.9120108097569477,2.6339892178996083,10.026022014818349,1.028736136943988,1.0,0.0,2.817833344141642,2.885333363215129,2.750333325068156,4.790916341012216,1.2567903946891874,1.0,0.0,2.680000066757202,3.0,2.840000033378601,11.539846074541504,0.7500001862645538,0.079205950028713,1.4898112708883835,0.0010467601892552,-0.0292923610457822,0.0303391212350374,2.803333342075348,2.760769238838783,2.822832411709768,2.8217856515205124,0.995260781321364,0.8388627231106242,0.1563980582107398,-0.1618519116816447,23.800299891973246,-0.0330000042915346,-17.157092323098404,-53.82847276839858,36.67138044530018,2.845000028610229,2.789999961853028,2.8174999952316284,2.944999933242798,99.99694930674292,22.75196089165601,32.15379284659687,19.22942230141913,154.56957312916134,2.9999999403953552,3.0749999284744263,88.0,12.0,76.0,2.7470505741576834,2.7550855974969863,0.0,0.0,59.013578822988734,0.9496165940943188,0.8575769984821191,0.8940587517267097,-0.0498838872391421,47.12525395985263,74.19356823464084,64.91935588212735,-25.80643176535916,0.0607647124458763,5.797104579113893,0.0370956663094221,-1.0388843474871323,1.0759800137965545,-9.04286310303339,-10.18608001217362,1.1432169091402289,2.808577913436724,1.7421669940284046,1.7271652511608782,6.181820956143458,-1.742166994028409,2.950000047683716,0
2023-07-18,2.930000066757202,3.009999990463257,2.9200000762939453,2.950000047683716,2.950000047683716,12293140,-346657029.37549776,476992742,-0.221406546506548,307694.3514118232,0.04575718356402,0.0070859574550663,270002.322435722,2.8396099407386157,56.63472565649594,1114.0530739289034,2.784000015258789,2.941276853178492,2.6267231773390867,11.298623351845254,1.027731974461738,1.0,0.0,2.833166686693827,2.9046667019526167,2.761666671435038,5.047356768282943,1.317016336059638,1.0,0.0,2.680000066757202,3.009999990463257,2.845000028610229,11.853445470451236,0.8181819495419472,0.0802853464427729,1.33626222953285,0.011113649198799,-0.021211158996866,0.032324808195665,2.8208333452542624,2.767307703311627,2.8423966633980675,2.8312830141992684,1.018433381236789,0.8294933660307385,0.1889400152060504,-0.1201734248632139,23.972605424803778,0.0059999465942386,-7.193856470469029,-45.35052289294785,38.15666642247882,2.850000023841858,2.794999957084656,2.822499990463257,2.944999933242798,99.99847465337146,23.5579408486137,35.881019671735466,17.658485024855548,172.93933508961751,2.9899999499320984,3.064999938011169,100.0,8.0,92.0,2.767286528225069,2.7550855974969863,0.0,0.0,61.19838957886457,1.0,0.9073492089014552,0.8797658915003068,3.619507157759189,47.66786457298032,81.25001396984153,71.1693512255135,-18.749986030158468,0.1055294233209944,7.6642349421917615,0.3925304938807824,-0.7526013792135493,1.1451318730943316,-5.127827296770791,-9.174429469093054,4.046602172322263,2.819942719382089,1.0273962536277104,1.0221544107446467,7.272729006680567,-1.027396253627714,2.9100000858306885,1
2023-07-19,3.0,3.0,2.9049999713897705,2.9100000858306885,2.9100000858306885,7773870,-353612578.78723145,469218872,-0.2740550988955743,219315.94357436363,-0.0152755948785127,0.0063257859970331,20890.95526265657,2.852093947567016,56.5433009598402,1098.9472841868344,2.793500018119812,2.956996218158848,2.6300038180807763,11.705473347308464,0.8562776005896806,0.0,0.0,2.8473333597183226,2.921333384513855,2.7733333349227904,5.197847631220317,0.9234236832049622,0.0,0.0,2.680000066757202,3.009999990463257,2.845000028610229,11.813134833203396,0.6969699159032454,0.0817568146595185,1.3711135318556842,0.0156832815319742,-0.0138322708910979,0.0295155524230722,2.830833355585734,2.772692322731018,2.852797189926163,2.8371139083941888,1.0088495481862896,0.8362834640485926,0.172566084137697,-0.0808989494830268,24.136240318244155,-0.0035000562667844,0.596630809781229,-36.81760353464675,37.41423434442798,2.850000023841858,2.794999957084656,2.822499990463257,2.944999933242798,99.99923732668572,24.05113170463377,32.83202540774034,17.499674525011716,127.41830946498816,2.974999964237213,3.049999952316284,96.0,4.0,92.0,2.791557874448888,2.7550855974969863,0.0,0.0,56.84721564093697,0.8120789746028609,0.9205651895657264,0.8951637989831003,5.33605191900939,43.88390513874667,68.75002328306923,74.73120182918387,-31.249976716930775,0.1100147029932809,4.301079771268545,0.5527899844124008,-0.4915231064883594,1.04431309090076,-5.978006411187983,-8.53514485751204,2.557138446324058,2.8247511192078862,-1.3559308883548835,-1.365207583721717,5.818184939297755,1.3559308883548908,2.9100000858306885,2
2023-07-20,2.9200000762939453,2.970000028610229,2.900000095367432,2.9100000858306885,2.9100000858306885,4476377,-356809990.93008864,473695249,-0.3168411313386932,187985.0944923117,-0.0273657355307175,0.0041122466659926,-105408.3045505539,2.8633072993117343,58.78927963572309,1098.9472841868344,2.8025000214576723,2.97077066763944,2.6342293752759045,12.008609805058606,0.8194260758257665,0.0,0.0,2.8645000298817958,2.9410000403722125,2.788000019391378,5.341246967525709,0.7973859458136463,0.0,0.0,2.680000066757202,3.009999990463257,2.845000028610229,11.775197901137243,0.6969699159032454,0.0805811265178464,1.388342379033993,0.0190847509493394,-0.0072488665230104,0.0263336174723499,2.840833365917206,2.780000017239497,2.861597635449936,2.8425128845005965,0.9956711029037332,0.8701301971897168,0.1255409057140162,-0.0447751076834981,24.30783373851489,-0.0225000500679017,6.141950229668264,-28.20643831422609,34.34838854389436,2.865000009536743,2.794999957084656,2.8299999833106995,2.944999933242798,99.99961866334286,24.42076786032134,30.75802494525277,16.845423166034166,100.55869241638884,2.949999988079071,3.024999976158142,92.0,28.000000000000004,64.0,2.8134020860503246,2.7550855974969863,0.0,0.0,56.84721564093697,0.8120789746028609,0.8747193164019073,0.900877904956363,6.6992888440155305,40.3971117730219,68.75002328306923,72.91668684532668,-31.249976716930775,0.1166323675828824,4.301079771268545,0.6714042020144614,-0.2589376447877952,0.9303418468022566,-9.661032751111238,-8.760322436231881,-0.9007103148793565,2.830748258777348,0.0,0.0,5.818184939297755,0.0,2.940000057220459,3
2023-07-21,2.9100000858306885,2.950000047683716,2.890000104904175,2.940000057220459,2.940000057220459,7784047,-351620626.26342195,481479296,-0.231209786331559,194490.2506072142,-0.0115620869630803,0.0017957008913235,80247.82831921052,2.871221013491351,56.87925920467106,1098.9472841868344,2.814500021934509,2.9860197390601937,2.6429803048088245,12.188290338530024,0.8658472547327815,0.0,0.0,2.8861666997273767,2.96366670926412,2.808666690190633,5.370445826574302,0.8473119410879563,0.0,0.0,2.680000066757202,3.009999990463257,2.845000028610229,11.72499275659034,0.7878789411322717,0.0785230081440158,1.3912952122233704,0.0239253899376352,-0.0010140152308813,0.0249394051685165,2.8541667064030967,2.7923077161495504,2.873659546491554,2.84973415655392,0.9868996797070186,0.9170307495422162,0.0698689301648024,-0.0101646362017663,24.340192859971097,-0.0545000314712522,16.047606546789638,-19.1436918412457,35.191298388035335,2.865000009536743,2.814999938011169,2.8399999737739563,2.944999933242798,99.99980933167144,24.57932802531412,29.063319283199277,16.835574040411018,87.79887350485474,2.8899999260902405,2.9649999141693115,88.0,24.0,64.0,2.833061876491618,2.7550855974969863,0.0,0.0,59.36052075525293,0.9206250545702086,0.8482610012586435,0.8811818357420925,8.59304367363619,37.43147684198819,78.12501629814845,71.87502095476232,-21.874983701851544,0.1266912053613103,5.755398830119471,0.8395656795778935,-0.0392369799146574,0.878802659492551,-9.462657903926203,-8.900789529770748,-0.5618683741554573,2.848988449367776,1.0309268214748757,1.0256490134848528,6.909092989834864,-1.0309268214748784,2.950000047683716,4
2023-07-24,2.950000047683716,2.990000009536743,2.940000057220459,2.950000047683716,2.950000047683716,4489655,-354314419.26342195,485968951,-0.213010485494814,173119.71583237124,0.0501151137106887,0.0034398835788528,95518.74883264735,2.878554885510657,56.177689250494815,1102.6851964819382,2.828000020980835,2.9975406275414453,2.658459414420225,11.99014181773651,0.8597958895448038,0.0,0.0,2.9086666981379192,2.986666695276896,2.8306667009989424,5.36328189055908,0.7649573786018908,0.0,0.0,2.690000057220459,3.009999990463257,2.850000023841858,11.315414811482649,0.8125001396984154,0.0756707025612427,1.3912952122233704,0.0282429793820857,0.004837383691712,0.0234055956903736,2.8700000445048013,2.801923100764935,2.8854042389826566,2.857161259600571,0.9956332959776186,0.908297133271616,0.0873361627060026,0.0226379448068496,24.397544769193985,-0.1279999732971193,25.295625922126074,-9.83373575814095,35.129361680267024,2.9299999475479126,2.845000028610229,2.887499988079071,2.944999933242798,99.99990466583571,25.142330681752068,31.46330929978755,16.04233017269287,101.79038021481728,2.8899999260902405,2.9649999141693115,84.0,20.0,64.0,2.850755687888782,2.7550855974969863,0.0,0.0,60.19278570936779,0.956569396444498,0.896424475205856,0.8731349309554689,10.392070287522785,38.565119267782784,81.25001396984153,76.04168451701975,-18.749986030158468,0.141470616705277,6.884060068006309,0.9884979115961448,0.166309998387503,0.8221879132086418,-12.487932857914496,-9.618218195399498,-2.8697146625149976,2.8653373229416315,0.3401357234227742,0.3395585702368642,7.272729006680567,-0.340135723422776,2.940000057220459,0
2023-07-25,2.9600000381469727,2.970000028610229,2.9100000858306885,2.940000057220459,2.940000057220459,6132013,-354314419.2634219,479836938,-0.2694928634032927,139628.31763909437,-0.0244617410135695,0.0022723834803573,-5515.544072797429,2.8885176348055324,57.35263954584344,1102.6851964819382,2.838500022888184,3.0084736051340437,2.668526440642324,11.976295992621552,0.7985759110067464,0.0,0.0,2.927000037829081,3.0050000349680586,2.8490000406901044,5.329688837095383,0.5833334606936884,0.0,0.0,2.690000057220459,3.009999990463257,2.850000023841858,11.273557536110104,0.7812501629814845,0.0741036265830725,1.3909471508375184,0.0305061288029526,0.0099711327139602,0.0205349960889924,2.89000004529953,2.810000025309049,2.893803595634626,2.863297466831673,0.986784258491956,0.9251103079800916,0.0616739505118643,0.0520566389130199,24.516603615977186,-0.1184999942779545,32.27305394134361,-0.9624609102625814,33.23551485160619,2.9299999475479126,2.845000028610229,2.887499988079071,2.9299999475479126,99.99995233291786,25.095277937690103,29.657471084273617,17.991332335805144,77.17173021041982,2.882499933242798,2.9649999141693115,80.0,16.0,64.0,2.8666801181462294,2.7550855974969863,0.0,0.0,58.89390722087054,0.900472678430751,0.925889043148486,0.8901915065376618,11.541348333537371,40.50192961053874,78.12501629814845,79.16668218871281,-21.874983701851544,0.1385294430396135,8.88888908511817,1.0654194737478198,0.3461318934595663,0.7192875802882535,-13.21245715650491,-10.33706598762058,-2.875391168884329,2.8740283352566847,-0.3389827220887209,-0.3395585702368642,6.909092989834864,0.3389827220887156,2.970000028610229,1
2023-07-26,2.940000057220459,2.9800000190734863,2.930000066757202,2.970000028610229,2.970000028610229,5897912,-350775672.063422,485734850,-0.2622912785485413,144958.15672770684,0.0127163404521671,0.0059973267538608,39396.25235788099,2.8997643909051107,63.14104591550049,1113.937075292327,2.8485000252723696,3.0245994790534216,2.672400571491317,12.364363855971089,0.8449755258438304,0.0,0.0,2.9296667019526166,3.0006667057673138,2.8586666981379194,4.846968002699818,0.784037496412524,0.0,0.0,2.690000057220459,3.009999990463257,2.850000023841858,11.233980354702643,0.8750000931322756,0.0716932591563936,1.3609365161622684,0.0343247634879673,0.0148418588687616,0.0194829046192056,2.9108333786328635,2.819230794906616,2.905526123784719,2.871201360296752,1.0440528217941896,0.8634363574682264,0.1806164643259631,0.0798926200177847,24.543967228961723,-0.0785000443458558,36.41047145366916,7.252717692162627,29.15775376150653,2.9299999475479126,2.845000028610229,2.887499988079071,2.914999961853028,99.99997616645894,25.165737117102857,29.184397654943844,17.110022807457536,84.60845598137372,2.8399999737739563,2.9649999141693115,100.0,12.0,88.0,2.8810121053779323,2.7550855974969863,0.0,0.0,61.57287743554797,1.0,0.9523473582917495,0.9248869588820304,13.284842900693569,39.99266587944341,87.50000931322755,82.29167986040585,-12.499990686772447,0.1366765120450188,9.191176373911157,1.1954843698046902,0.5160023887285912,0.679481981076099,-13.947354745747878,-11.05912373924604,-2.8882310065018384,2.877311049470553,1.0204071702683226,1.0152361634350626,8.000001040371973,-1.0204071702683137,3.049999952316284,2
2023-07-27,3.0,3.069999933242798,2.990000009536743,3.049999952316284,3.049999952316284,12011321,-344770011.563422,497746171,-0.227592208732126,261521.95771073984,0.0499527783489731,0.0119405874558324,383719.6712715467,2.9233709763081124,70.51033924831782,1113.937075292327,2.863000023365021,3.0546351212222125,2.6713649255078287,13.387013363133264,0.987906263106922,0.0,0.0,2.94333336353302,3.012333345413208,2.874333381652832,4.688560442053643,1.272946498511264,1.0,0.0,2.690000057220459,3.069999933242798,2.8799999952316284,13.27278634024274,0.9473684540746062,0.0745239237040112,1.053031918999538,0.0433071661893822,0.0205349203328857,0.0227722458564964,2.9341667095820108,2.8319230996645413,2.927752866635729,2.884445700446346,1.1287552462321675,0.7768242398642425,0.3519310063679252,0.1108195416532714,24.702778180495727,0.0570000529289247,44.00569773509373,15.1577875383227,28.847910196771032,2.9674999713897705,2.875,2.9212499856948853,2.90749990940094,99.99998808322948,26.129811717843072,34.988478770095824,15.477087237846138,132.45504055734068,2.821249961853028,2.9649999141693115,100.0,8.0,92.0,2.893910893886465,2.7550855974969863,0.0,0.0,67.6310743757291,1.0,0.9668242261435837,0.9483535425279398,16.782539462213393,47.05042052279278,94.28571817826358,86.63691459654655,-5.714281821736416,0.1506764951874228,10.108302285840294,1.5014034128872933,0.7130825935603315,0.7883208193269617,-7.997938322227474,-10.446886655842327,2.4489483336148528,2.907411854513858,2.693600098835347,2.657961253763297,10.909089175137598,-2.693600098835347,3.059999942779541,3
2023-07-28,3.039999961853028,3.059999942779541,3.009999990463257,3.059999942779541,3.059999942779541,6292916,-338477095.563422,504039087,-0.1300959976752394,233151.54946435936,0.0039727134950326,0.010737039361109,344169.4464487135,2.9396231511670208,70.78046808875851,1117.5893245722434,2.879000020027161,3.0800870761185366,2.677912963935785,13.969229224908355,0.9500536391316312,0.0,0.0,2.9600000301996867,3.027999989191691,2.8920000712076823,4.594591776907313,1.2352939182773075,1.0,0.0,2.690000057220459,3.069999933242798,2.8799999952316284,13.199023041991984,0.9736842270373032,0.0720715265652384,0.8119375323077441,0.0506488522609007,0.0265577067184887,0.024091145542412,2.945833365122477,2.8446154044224667,2.948098570657854,2.8974497183969534,1.1391303194042273,0.8217393819235982,0.3173909374806291,0.142906039552384,24.817741692053005,0.0010000944137571,52.94786165945905,22.94722686971797,30.00063478974108,2.9800000190734863,2.875,2.927500009536743,2.834999918937683,99.99999404161474,27.02502384710184,33.27832707820454,14.720604879774212,127.31107277606516,2.7737499475479126,2.9649999141693115,100.0,4.0,96.0,2.915041578609225,2.7550855974969863,0.0,0.0,68.30375365724433,1.0,1.0,0.9730571948117778,19.834442070268928,56.61370393874113,97.1428590891318,92.97619552687432,-2.857140910868208,0.1671323565875782,4.794515850262685,1.748049394587003,0.920075953765666,0.8279734408213371,-9.082410985641149,-10.17399152180209,1.091580536160942,2.9395632887751506,0.327868544904808,0.3273322279478075,11.272725191983302,-0.32786854490481687,3.0199999809265137,4
2023-07-31,3.059999942779541,3.059999942779541,3.009999990463257,3.0199999809265137,3.0199999809265137,6897688,-342615708.36342204,497141399,-0.1660762003978839,160428.8628445817,0.0,0.0101896213572655,-69533.27978506152,2.954212789500312,64.69809242172475,1117.5893245722434,2.890500020980835,3.0961672273203056,2.6848328146413647,14.230562521821485,0.8148288982248544,0.0,0.0,2.972166689236959,3.03766663869222,2.9066667397816977,4.407555585119405,0.8651399129874666,0.0,0.0,2.690000057220459,3.069999933242798,2.8799999952316284,13.146510059300857,0.8684211351865155,0.069864369140343,0.8628967016047877,0.0526328104624367,0.0317727274672783,0.0208600829951583,2.957500020662944,2.8569230941625743,2.959160326083802,2.906527515621365,1.1403507597815417,0.8333334727594188,0.3070172870221228,0.171281378508682,24.92503112951896,-0.0205001354217531,59.18541462256077,30.32270143561017,28.862713186950597,2.9800000190734863,2.875,2.927500009536743,2.834999918937683,99.99999702080736,27.85629225284213,31.614236524509103,13.984497578840838,108.65185718472324,2.7649999260902405,2.9649999141693115,96.0,36.0,60.0,2.9336365811652536,2.7550855974969863,0.0,0.0,62.69154968282187,0.5749229090221275,0.8583076363407093,0.9417106208280976,20.82072393785381,57.290709273829926,77.27275190274257,89.56710972337932,-22.727248097257423,0.1736323433763837,4.861106282031287,1.810848518706858,1.0982304667539045,0.7126180519529535,-9.25306976149739,-9.98980716974115,0.7367374082437603,2.9458501663210312,-1.307188320294328,-1.3158072193738546,9.818181124600487,1.3071883202943297,3.0299999713897705,0
2023-08-01,3.049999952316284,3.069999933242798,3.015000104904175,3.0299999713897705,3.0299999713897705,4480949,-344652517.49029577,501622348,-0.1393077107679957,143911.8034762615,0.0092056749004613,0.0030044564067803,-75328.20649265338,2.9623117595030366,58.59709588710477,1121.2899479689795,2.902500021457672,3.111294165469392,2.693705877445952,14.387193279458511,0.8053245351673793,0.0,0.0,2.9800000190734863,3.041999959945678,2.9180000782012945,4.1610698305611615,0.9032258064516164,0.0,0.0,2.690000057220459,3.069999933242798,2.8799999952316284,13.0921575611737,0.8947369081492125,0.068377915060171,0.9018012542710396,0.0543851095978893,0.0362952038934005,0.0180899057044887,2.9708333611488342,2.8703846289561343,2.970058733053951,2.915673623456062,1.1191710343812056,0.9274611847010816,0.1917098496801238,0.1962513159201529,25.06462482499897,0.0175000548362733,64.44962879483427,37.41747898950495,27.03214980532932,2.9800000190734863,2.8799999952316284,2.9300000071525574,2.834999918937683,99.99999851040369,28.72928051322759,30.863043141363445,13.202427470557163,107.62787276321338,2.759999930858612,2.9649999141693115,92.0,32.0,60.0,2.950000183414559,2.7550855974969863,0.0,0.0,63.49900458601843,0.6360808040150538,0.7370012376790603,0.8651029580065899,21.86190839098669,51.36056662610628,81.81820152219406,85.41127083802282,-18.18179847780594,0.1853823353262509,5.57491610490152,1.865267400314324,1.2516378534659884,0.6136295468483355,-11.911313633146564,-10.374108462422234,-1.537205170724329,2.9511008323839336,0.3311255141196678,0.3305785007903461,10.181817141446192,-0.3311255141196625,3.059999942779541,1
2023-08-02,3.009999990463257,3.109999895095825,2.990000009536743,3.059999942779541,3.059999942779541,10585594,-342888251.8236291,512207942,-0.0863758999723862,168719.76257161362,0.0085020371160701,0.0062963597804957,119645.32783689168,2.976539493028564,68.12378395280443,1121.2899479689795,2.9165000200271605,3.128091577807134,2.704908462247187,14.50996443181942,0.8390965222289277,0.0,0.0,2.9915000120798743,3.055999938646952,2.9270000855127973,4.312213024009521,1.0310078192758023,1.0,0.0,2.690000057220459,3.109999895095825,2.899999976158142,14.400817246401216,0.8809524485313693,0.0735401121100621,0.8241409393948508,0.0575313803180361,0.0405424391783276,0.0169889411397084,2.9825000166893005,2.88307693371406,2.983895842242504,2.9263644619244675,1.1116753284066585,0.8477157913310948,0.2639595370755635,0.2194929376668233,25.31589564408934,0.0335000276565553,69.58786541015863,44.46702512067054,25.120840289488086,3.0,2.899999976158142,2.949999988079071,2.84499990940094,99.99999925520184,29.92688952285441,31.149945364171145,11.669083007597644,112.40507648051654,2.752499938011169,2.9649999141693115,88.0,28.000000000000004,60.0,2.964400153393948,2.7550855974969863,0.0,0.0,65.88444947757381,0.8167581243354964,0.6759206124575593,0.7570764954924428,23.4425018431314,55.23039897767909,80.7692484037417,79.95340060955945,-19.23075159625829,0.1912940838757681,4.794515850262685,1.965967707255499,1.3945038242238907,0.5714638830316083,-7.360355005845848,-9.771357771106956,2.411002765261109,2.9708454536069624,0.99009807501782,0.9852287185835084,11.272725191983302,-0.9900980750178121,3.0199999809265137,2
2023-08-03,3.049999952316284,3.059999942779541,3.0,3.0199999809265137,3.0199999809265137,7898208,-345520987.8236291,504309734,-0.1148560124632492,99484.36524605808,-0.0151932908222058,0.0076301175489364,1563.309934649078,2.985343679144661,66.1100773337529,1106.632576732495,2.929500019550324,3.1328199248815043,2.726180114219143,13.880860486383623,0.7225555860572969,0.0,0.0,3.001500002543131,3.064999930063883,2.93800007502238,4.23121289135093,0.6456692873967185,0.0,0.0,2.690000057220459,3.109999895095825,2.899999976158142,14.336911932836784,0.7857144073564649,0.07218609517701,0.7693023422495259,0.0561498988219772,0.0436639311070576,0.0124859677149196,2.9883333444595337,2.8926923183294444,2.989450325116967,2.933300426294989,1.1319799215081812,0.8477157544707751,0.2842641670374061,0.2373395962117306,25.49421099075752,-0.0194999337196351,73.70916397216736,50.873864834601406,22.835299137565958,3.009999990463257,2.899999976158142,2.9549999833106995,2.84499990940094,99.99999962760091,31.038955031793595,29.31656049464277,10.982278585397678,86.2492083996944,2.769999921321869,2.9649999141693115,84.0,24.0,60.0,2.9847841172322105,2.7550855974969863,0.0,0.0,60.23225349959199,0.2954677803920102,0.5827689029141868,0.6652302510169354,23.156308207704267,54.12753773957324,63.26532399640328,75.28425797411303,-36.73467600359672,0.180852906844195,2.3728790546210488,1.914222570543156,1.4984475734877438,0.4157749970554121,-6.554577917792634,-9.128001800444093,2.5734238826514586,2.9750629606242804,-1.307188320294328,-1.3158072193738546,9.818181124600487,1.3071883202943297,3.049999952316284,3
2023-08-04,3.0299999713897705,3.0899999141693115,3.0199999809265137,3.049999952316284,3.049999952316284,10623662,-347038653.8236291,514933396,-0.099784211027123,130802.24964727723,0.0164726312089135,0.0073454302563028,2288.5137589554506,2.997955656607677,67.0647156331427,1106.632576732495,2.947000014781952,3.1272331524493024,2.766766877114601,12.231634663272043,0.7857408434081512,0.0,0.0,3.0141666571299237,3.078666583697001,2.949666730562846,4.279785022139032,0.7777777983134241,0.0,0.0,2.720000028610229,3.109999895095825,2.914999961853028,13.233792484878974,0.8461539402046001,0.0719674789835888,0.7742444079143554,0.0568208167485,0.046295308235346,0.0105255085131539,3.0,2.903846163016099,2.9987656523784003,2.9419448356299003,1.137755223683064,0.8469387755102035,0.2908164481728607,0.252360800138883,25.65695117570304,-0.0369999289512632,78.56580491360506,56.79277361143241,21.77303130217265,3.009999990463257,2.899999976158142,2.9549999833106995,2.84499990940094,99.99999981380046,32.355433285720395,30.248916602597586,10.226078132253624,104.20872759210752,2.784999966621399,2.9649999141693115,80.0,20.0,60.0,2.990000009536743,2.7550855974969863,0.0,0.0,62.80925746294778,0.5204051881575718,0.5442103642950261,0.6009666265555907,23.661521906985865,50.80063212567176,72.72727272727273,72.25394837580592,-27.272727272727277,0.1752940816037798,4.8109918335494255,1.931403201730468,1.5850386991362888,0.3463645025941788,-3.109590117486401,-7.924319463852555,4.814729346366154,2.9814926285623558,0.9933765423590036,0.9884749914260472,10.909089175137598,-0.9933765423590017,3.039999961853028,4
2023-08-07,3.059999942779541,3.059999942779541,3.0,3.039999961853028,3.039999961853028,2197441,-346306173.4902957,512735955,-0.0599034447003639,108977.01554858498,-0.0682610881920568,-0.0007987320119883,98328.24841566644,3.0035361855637626,60.9746590435155,1103.0042766057195,2.963000011444092,3.114274542107111,2.8117254807810728,10.210903144026098,0.7545040135687539,0.0,0.0,3.0214999834696448,3.0869999090830484,2.956000057856242,4.33559000309432,0.6412213694147839,0.0,0.0,2.720000028610229,3.109999895095825,2.914999961853028,13.162330913914507,0.8205129302387012,0.070770725363184,0.7937050086592793,0.0559012139844785,0.0482164893851725,0.0076847245993059,3.0108333230018616,2.9153846227205715,3.0051093922975736,2.949208178313095,1.0631578947368416,0.9473684210526312,0.1157894736842105,0.2636222215828895,25.735873979656272,-0.0229999542236329,82.50048610640445,62.37359940755027,20.12688669885418,3.0199999809265137,2.899999976158142,2.959999978542328,2.84499990940094,99.99999990690024,33.04682030125062,28.441200233105995,11.606999109682109,76.55636291347713,2.784999966621399,2.9649999141693115,76.0,16.0,60.0,2.990000009536743,3.109999895095825,0.0,1.0,61.38140171158204,0.3957727949046261,0.4038819211514027,0.5102870627868719,23.67013457557046,49.27693474118529,68.18181818181839,68.05813830183148,-31.818181818181618,0.1650293784983016,4.467349559724482,1.8954651758918304,1.6471239944873972,0.2483411814044334,-9.006598158059596,-8.140775202693964,-0.8658229553656316,2.985190125292939,-0.3278685449047969,-0.3284072115530723,10.545453158291917,0.32786854490478845,2.9800000190734863,0
2023-08-08,3.0299999713897705,3.039999961853028,2.9800000190734863,2.9800000190734863,2.9800000190734863,5258446,-351564619.4902957,507477509,-0.1184127942853068,48336.51916888591,-0.0228203866918615,-0.0013376457129417,-110989.73857802332,3.0086745932739194,62.61230743616088,1103.0042766057195,2.9735000133514404,3.09618245367206,2.8508175730308207,8.251719506962031,0.526491182051232,0.0,0.0,3.027499977747599,3.0929999033610023,2.9620000521341963,4.326997595034414,0.1374044838274351,0.0,0.0,2.8499999046325684,3.109999895095825,2.9799998998641968,8.743904129672766,0.5000004584972844,0.0696936471048197,0.9934055284601392,0.0497573563951028,0.0485246627871586,0.0012326936079441,3.0141666531562805,2.9226923172290507,3.00124641180156,2.951489055406457,1.0601094277322534,0.9562841473100092,0.1038252804222441,0.2672473134466095,25.78615617235202,-0.0234999656677246,84.17772115599149,67.68107159669721,16.496649559294283,3.044999957084656,2.899999976158142,2.972499966621399,2.84499990940094,99.99999995345011,33.17299389678911,26.721450768805887,12.920721854717204,29.180704427947795,2.789999961853028,2.9649999141693115,72.0,12.0,60.0,2.990000009536743,3.1077998971939085,0.0,0.0,53.51979914714709,0.0,0.3053926610207326,0.4178283154890538,21.26910981714157,42.78531940943965,40.90909090909091,60.60606060606068,-59.09090909090909,0.1499999621335197,1.360542893691104,1.6858390954883822,1.654867014687594,0.030972080800788,-10.560613488272056,-8.624742859809583,-1.9358706284624745,2.985095034153165,-1.97368235304084,-1.993419595197232,8.363637057217677,1.973682353040843,3.039999961853028,1
2023-08-09,2.9800000190734863,3.059999942779541,2.9800000190734863,3.039999961853028,3.039999961853028,4147682,-349490778.49029565,511625191,-0.0684940424341653,76982.82824014993,0.0192878449727294,0.0019947528944472,-20274.725083463243,3.0133391643375624,67.52378000303321,1125.212395081675,2.9795000076293947,3.102865243473178,2.856134771785612,8.280935427279122,0.7452066573286651,0.0,0.0,3.034166638056437,3.1026665608088173,2.965666715304057,4.515238015816983,0.5425790538310347,0.0,0.0,2.8499999046325684,3.109999895095825,2.9799998998641968,8.726296016025954,0.7307694776523855,0.0707242747649432,0.9412985091971904,0.0491630775779183,0.0486523457453105,0.0005107318326077,3.021666646003723,2.932307701844436,3.0072084964248624,2.958045418846944,1.0648648732243264,0.902702690163508,0.1621621830608184,0.2691695011170713,25.80443359346865,-0.0394999504089357,85.79641084100535,72.32448416402072,13.471926676984635,3.044999957084656,2.899999976158142,2.972499966621399,2.84499990940094,99.99999997672506,33.53186973952991,26.583927559617333,11.888511601196331,57.09728688110132,2.79749995470047,2.9649999141693115,68.0,8.0,60.0,2.990000009536743,3.1026879020690914,0.0,0.0,59.15372837678727,0.3810840479651289,0.258952280956585,0.3227422877095734,20.899025449295923,48.817425573894745,68.18181818181839,59.09090909090924,-31.818181818181618,0.1353970261181101,3.0508444987985066,1.6620122620389757,1.6562960641578706,0.0057161978811048,-13.073995011391704,-9.514593290126008,-3.5594017212656954,2.9868431842598318,2.013420885755424,1.993419595197232,10.545453158291917,-2.013420885755437,3.059999942779541,2
2023-08-10,3.009999990463257,3.059999942779541,3.009999990463257,3.059999942779541,3.059999942779541,2895021,-346595757.49029565,514520212,-0.0144350851109735,74256.76203182213,0.0259064984153554,0.0046710804214784,102556.46852732691,3.021818270577392,68.57812049473307,1132.6151012403266,2.9884999990463257,3.1077098316764618,2.8692901664161896,7.977904143762937,0.7998911337920135,0.0,0.0,3.0348333040873205,3.100333229700724,2.9693333784739178,4.316541902000863,0.6921119639185528,0.0,0.0,2.8499999046325684,3.109999895095825,2.9799998998641968,8.700016414462997,0.807692484037417,0.0686518425200773,0.9369285337115888,0.0497326515975911,0.0488684069157666,0.0008642446818244,3.03166663646698,2.9430769315132728,3.015330257402505,2.965597605804914,1.109289631724974,0.8797814051025274,0.2295082266224466,0.2706748852426979,25.80330241011589,-0.0184999704360966,84.84078014819588,75.86814177388037,8.972638374315508,3.044999957084656,2.899999976158142,2.972499966621399,2.84499990940094,99.99999998836252,33.865111593503514,25.2274297478696,11.28187663592288,71.60533763941459,2.79749995470047,2.9649999141693115,64.0,4.0,60.0,2.990000009536743,3.097780386749267,0.0,0.0,60.85691362177253,0.4962890321134503,0.2924576933595264,0.2856008784456147,21.118185117638475,53.31816706104557,75.0,61.36363636363644,-25.0,0.1272793797885669,4.081628681073312,1.676985829103838,1.6604340171470642,0.0165518119567738,-16.697760842705613,-10.95122680064193,-5.746534042063683,2.987358645365985,0.6578941176802688,0.6557394395008798,11.272725191983302,-0.6578941176802573,3.039999961853028,3
2023-08-11,3.059999942779541,3.0799999237060547,3.039999961853028,3.039999961853028,3.039999961853028,5882751,-352478508.49029565,508637461,-0.0445439071069846,46840.80919935803,0.0169988172651243,0.0023056306753666,-19403.144127389853,3.0268942504258693,69.10997511857529,1132.6151012403266,2.997000002861023,3.1049072676341893,2.8890927380878564,7.201018663340346,0.6992449678082185,0.0,0.0,3.0358333031336464,3.100333229700724,2.971333376566569,4.249240332168404,0.5322997167682663,0.0,0.0,2.865000009536743,3.109999895095825,2.987499952316284,8.174837681855124,0.7142858533053607,0.0657866544533723,0.9530730899921176,0.0480167051106312,0.0486980665547396,-0.0006813614441083,3.037499964237213,2.9538461611821107,3.019125596548739,2.971108891438108,1.0883978016992808,0.9005524730883085,0.1878453286109722,0.269925224547468,25.7496330966261,0.0529999494552613,82.38109971280848,78.4454401172412,3.935659595567273,3.044999957084656,2.899999976158142,2.972499966621399,2.84499990940094,99.99999999418128,34.42523666514482,26.27061423388335,10.806791549477184,79.73620294855519,2.79749995470047,2.9549999237060547,60.0,4.0,56.0,2.990000009536743,3.093069172042236,0.0,0.0,58.24157884958076,0.3193854323083016,0.3989195041289603,0.3167764928150239,20.507852804938,49.56308880611545,65.00000000000023,69.39393939393955,-34.99999999999978,0.1176911466261922,2.3569000864809504,1.616120676323974,1.6515713489824464,-0.0354506726584724,-15.712749493151913,-11.903531339143928,-3.809218154007983,2.9879079434135,-0.6535941601471529,-0.6557394395008798,10.545453158291917,0.6535941601471507,2.9800000190734863,4
2023-08-14,3.0299999713897705,3.039999961853028,2.970000028610229,2.9800000190734863,2.9800000190734863,3886506,-355254584.2045813,504750955,-0.0962453963806004,6836.388226257666,-0.0990605097923772,-0.0030228528088338,-115156.6000638715,3.0315634823624875,70.74537855446616,1110.2608768592706,3.0,3.1023717735070515,2.8976282264929485,6.8247849004701004,0.4023169168543512,0.0,0.0,3.0324999729792275,3.098999897638957,2.9660000483194984,4.385815350520686,0.1052630572562587,0.0,0.0,2.890000104904175,3.109999895095825,3.0,7.33332633972168,0.4090909090909091,0.0662079823323149,1.1782836288772114,0.0413387834519887,0.0472262099341894,-0.0058874264822007,3.03166663646698,2.9646153908509474,3.0131062769371617,2.971767493485173,1.0437158526899888,0.9234972577925163,0.1202185948974723,0.2631143634333256,25.752740796200523,0.059999942779541,78.23232491453716,79.97685079720821,-1.7445258826710557,3.039999961853028,2.914999961853028,2.977499961853028,2.84499990940094,49.99999999709063,33.16079016843095,24.339020122157837,17.364882453447233,-9.154549468517446,2.799999952316284,2.944999933242798,56.00000000000001,4.0,52.00000000000001,2.990000009536743,3.088546405923486,0.0,0.0,51.141017740293975,0.0,0.271891488140584,0.3210895618763569,17.695544247542017,46.80606971955922,27.77777777777778,55.92592592592601,-72.22222222222223,0.1041617407518278,-2.295079814333678,1.3910503948445914,1.5994671581548756,-0.2084167633102842,-17.435844657892847,-13.009994002893713,-4.425850654999135,2.987763057450295,-1.97368235304084,-1.993419595197232,8.363637057217677,1.973682353040843,3.009999990463257,0
2023-08-15,2.9800000190734863,3.0350000858306885,2.9800000190734863,3.009999990463257,3.009999990463257,3924487,-354897821.9384935,508675442,-0.0667073253205236,22678.975296724613,0.0035037270864209,-0.0036808966206728,-37199.06261349528,3.0353677872392466,70.11915986274494,1110.2608768592706,3.002999997138977,3.10281973965102,2.903180254626934,6.648001505637262,0.5350631706119416,0.0,0.0,3.0294999758402508,3.0959999243418377,2.9630000273386634,4.390160028513812,0.3533834550523876,0.0,0.0,2.890000104904175,3.109999895095825,3.0,7.326000346361935,0.5454545454545454,0.0650871907748036,1.256606559341927,0.0380288564120427,0.0453867392297601,-0.0073578828177173,3.0274999737739563,2.975769235537603,3.012628386710407,2.9745995302983643,1.0326086956521734,0.9402172617289092,0.0923914339232642,0.2540674725519487,25.709845353325058,0.0169999837875365,74.98975458505542,80.57706070553007,-5.587306120474651,3.0299999713897705,2.914999961853028,2.972499966621399,2.84499990940094,24.99999999854532,31.986661278625206,22.913456738046943,16.347802042207192,6.1306596602136745,2.799999952316284,2.944999933242798,52.0,12.0,40.0,2.990000009536743,3.0814336232846906,0.0,0.0,54.15087089904328,0.1753714077588698,0.1649189466890571,0.2785766463195338,16.2808366374786,47.311150011421134,28.5714285714288,40.44973544973561,-71.4285714285712,0.0964558671502504,-1.6339854003679126,1.2784529824836066,1.535264323020622,-0.2568113405370154,-18.706244520432044,-14.14924410640138,-4.557000414030664,2.987976485588821,1.0067104428777007,1.0016768674619314,9.454545107754786,-1.0067104428777043,2.970000028610229,1
2023-08-16,2.9800000190734863,2.990000009536743,2.950000047683716,2.970000028610229,2.970000028610229,3517148,-354897821.93849355,505158294,-0.0107750255505256,-658.8477215864696,-0.0426481775336702,-0.0102952506122902,-7231.243421088737,3.0322398268070185,62.462118470093806,1095.5065935164175,3.0059999942779543,3.097738666318403,2.914261322237506,6.103704072859405,0.3037906759111768,0.0,0.0,3.0211666504542034,3.0796666065851848,2.9626666943232216,3.872673235168055,0.062678117831303,0.0,0.0,2.890000104904175,3.109999895095825,3.0,7.318688975729512,0.3636363636363616,0.0645784659752774,1.482212233811591,0.0318113513023048,0.042671661644269,-0.0108603103419642,3.0233333110809326,2.983461545063899,3.0060701777719183,2.974258826469613,0.931818181818182,1.068181818181818,-0.1363636363636362,0.2407410307021564,25.428518473533927,0.0239999771118162,70.18980643660268,80.18602097935621,-9.996214542753536,3.0199999809265137,2.9799998998641968,2.9999999403953552,2.84499990940094,12.499999999272658,30.22464823320785,21.438274824474203,18.514350474721745,-65.34772336502725,2.799999952316284,2.944999933242798,48.0,8.0,40.0,2.990000009536743,3.074747607604223,0.0,0.0,49.75019765843307,0.0,0.0584571359196232,0.1650891902497548,13.679938134657856,43.36829540262617,12.499999999999725,22.94973544973544,-87.50000000000028,0.0801323462935053,-1.655627570598362,1.0695555820225733,1.4421225748210122,-0.3725669927984389,-20.23905271267025,-15.367205827655155,-4.871846885015096,2.987176268178865,-1.3289023913542142,-1.3378113144749235,8.000001040371973,1.3289023913542195,2.940000057220459,2
2023-08-17,2.9600000381469727,2.970000028610229,2.924999952316284,2.940000057220459,2.940000057220459,4651557,-356448324.5086309,500506737,0.0030276372637991,-20499.951892486213,-0.0217669789541534,-0.0121338000729464,-93724.84286048444,3.0260507713318168,55.691067763792624,1095.5065935164175,3.007499992847442,3.0937263566745985,2.9212736290202868,5.73408904619936,0.1085887620038697,0.0,0.0,3.012999987602234,3.069999957084656,2.956000018119812,3.783602370857152,-0.1403506093480193,0.0,1.0,2.890000104904175,3.109999895095825,3.0,7.315038760261437,0.2272727272727272,0.0626206270071441,1.8153318316746163,0.0241844039823595,0.0389742101118871,-0.0147898061295276,3.01583331823349,2.984230775099534,2.9959055438409243,2.971721139858565,0.8799998801094165,1.0799999891008565,-0.2000001089914399,0.2226736292401656,25.088258202780555,0.0524999499320983,62.69909853708777,78.42305360418763,-15.723955067099858,3.002499938011169,2.9799998998641968,2.991249918937683,2.84499990940094,6.249999999636329,28.071586560069964,20.37859120354799,20.34528525885284,-115.38467487457709,2.8399999737739563,2.944999933242798,44.0,4.0,40.0,2.990000009536743,3.0647678028105823,0.0,0.0,46.68580458917475,0.0,0.0584571359196232,0.0939444061761012,10.54386565180872,45.353238642909446,8.108167320921817,16.393198630783456,-91.89183267907818,0.0571911762742436,-2.9702942250534496,0.8138180819856662,1.3164616762539432,-0.502643594268277,-19.65128064086439,-16.224020790297004,-3.427259850567385,2.985320651288637,-1.010100037063233,-1.0152361634350626,6.909092989834864,1.0101000370632391,2.930000066757202,3
2023-08-18,2.940000057220459,2.9600000381469727,2.9200000762939453,2.930000066757202,2.930000066757202,4389474,-358643061.5086309,496117263,-0.0605067134828147,-23842.058499090163,-0.0068344645306512,-0.01262197611085,-61915.54812537224,3.020406497049877,57.67768036968958,1091.7803842394162,3.00699999332428,3.094886199680167,2.9191137869683925,5.845441074226793,0.0619339498210141,0.0,0.0,3.001333332061768,3.055333304405212,2.947333359718322,3.598398869368481,-0.1604935355418209,0.0,1.0,2.9100000858306885,3.109999895095825,3.009999990463257,6.651140994650757,0.1,0.0603585604917324,2.112477454716591,0.0171355496749932,0.0346064780245083,-0.0174709283495151,3.0049999952316284,2.986153850188622,2.9857662396741977,2.9686306899992045,0.8728323874677171,1.0924855363871149,-0.2196531489193978,0.2011438255496863,24.814971531430025,0.0129999876022339,54.55260081558925,75.31773301631928,-20.76513220073004,3.0,2.9799998998641968,2.9899999499320984,2.84499990940094,3.124999999818165,26.16296851089805,19.457901272441863,19.99082751152501,-133.9930709498454,2.8174999952316284,2.944999933242798,40.0,12.0,28.0,2.990000009536743,3.0507910177611524,0.0,0.0,45.675854821926094,0.0,0.0,0.0389714239464155,7.695255082959577,40.276172146478885,5.2631578947368425,8.623775071886136,-94.73684210526316,0.0284853142850538,-4.2483620409565725,0.5772206604452301,1.1686134730922006,-0.5913928126469705,-19.405828331269984,-16.8603822984916,-2.5454460327783828,2.981074736818517,-0.3401357234227742,-0.3407155000327622,6.545456972989161,0.340135723422776,2.930000066757202,4
2023-08-21,2.950000047683716,2.9600000381469727,2.9100000858306885,2.930000066757202,2.930000066757202,3728345,-359388730.5086309,499845608,-0.0440099733735957,-20436.050142077285,-0.006705375258005,-0.0137584796935976,-14930.169144354662,3.0149031942635656,52.237237610393606,1091.7803842394162,3.0059999942779543,3.0968624411574024,2.915137547398506,6.045405658842884,0.0817858194949055,0.0,0.0,2.991333341598511,3.04433331489563,2.9383333683013912,3.543568519100396,-0.0786160919126541,0.0,1.0,2.9100000858306885,3.109999895095825,3.009999990463257,6.653353614299556,0.1,0.0593226996741876,2.383923341899435,0.0114176661045495,0.0299687156405166,-0.018551049535967,2.997500002384186,2.9884615494654727,2.9771868284561984,2.965769162351649,0.8546510644703681,1.1046511337781413,-0.2500000693077732,0.1778605253330679,24.5815058455374,0.0439999580383299,47.96103248955956,71.29365649782683,-23.332624008267278,2.995000004768372,2.987499952316284,2.991249978542328,2.84499990940094,1.5624999999090825,24.601449495766325,18.34235151852948,19.991353383617675,-131.80040454799558,2.8174999952316284,2.944999933242798,36.0,8.0,28.0,2.990000009536743,3.0350961047850875,0.0,0.0,45.675854821926094,0.0,0.0,0.0194857119732077,5.389659425197726,35.38737860724372,10.0,7.790441738552896,-90.0,0.0109559122253868,-2.9801296270770243,0.3849816179050197,1.0118871020547644,-0.6269054841497447,-20.091500934900065,-17.506606025773294,-2.5848949091267706,2.9774817088094245,0.0,0.0,6.545456972989161,0.0,2.940000057220459,0
2023-08-22,2.9200000762939453,2.950000047683716,2.914999961853028,2.940000057220459,2.940000057220459,2648351,-358253717.78279793,502493959,-0.0352303568272802,-13733.259444158146,-0.0033040264412718,-0.0146017699476935,9038.731788380976,3.0054831541645437,46.29472197654768,1095.5065935164173,3.0059999942779543,3.0968624411574024,2.915137547398506,6.045405658842884,0.1368140011403126,0.0,0.0,2.984833343823751,3.035333331425985,2.934333356221517,3.383772679083017,0.0561059642586079,0.0,0.0,2.9100000858306885,3.109999895095825,3.009999990463257,6.653353614299556,0.15,0.0568904382898376,2.604144207428486,0.0076054469782849,0.0254960619080702,-0.0178906149297853,2.9883333444595337,2.989230779501108,2.9714657867276237,2.9638603397493384,0.8774192575857144,1.180645077930612,-0.3032258203448975,0.1547435113114374,24.303233750869424,0.0339999675750735,43.32511373542387,66.57462348609556,-23.24950975067169,2.995000004768372,3.0,2.997500002384186,2.84499990940094,0.7812499999545411,23.15146755314401,17.58245129060631,19.163137111709617,-127.310717757602,2.8174999952316284,2.944999933242798,32.0,4.0,28.0,2.990000009536743,3.017582662131472,0.0,0.0,47.00543826155923,0.0776018323674817,0.0258672774558272,0.008622425818609,3.81223231671121,39.62556356631133,16.666666666666668,10.64327485380118,-83.33333333333333,-0.007794098994311,-3.6065539939529234,0.2566061185908688,0.8608309053619853,-0.6042247867711165,-22.31953036331532,-18.4691908932817,-3.850339470033617,2.976632315386897,0.3412965950654101,0.3407155000327622,6.909092989834864,-0.34129659506541543,2.9600000381469727,1
2023-08-23,2.930000066757202,2.990000009536743,2.930000066757202,2.9600000381469727,2.9600000381469727,2654029,-358253717.78279793,505147988,-0.0688766433617581,-4188.432469504962,0.0621696458159092,-0.0090758459021138,27093.33326638151,3.0007149135752607,54.72796203374666,1095.5065935164173,3.005499994754792,3.0972550160998,2.913744973409784,6.105807453344814,0.2520574027402036,0.0,0.0,2.978166683514913,3.026666673024496,2.92966669400533,3.2570366043005885,0.3127149556975584,0.0,0.0,2.9100000858306885,3.109999895095825,3.009999990463257,6.65446047626608,0.25,0.057201388738808,2.724398106435816,0.0061274339250263,0.0216223363114614,-0.0154949023864351,2.981666684150696,2.9896153945189257,2.969701825407523,2.963574391482497,0.8838710213303209,1.0645160992609328,-0.1806450779306119,0.1337675514750492,24.07177005870209,-0.025499975681305,36.97728048849186,61.25645685723956,-24.279176368747702,2.995000004768372,3.0,2.997500002384186,2.84499990940094,0.3906249999772705,22.09835111188176,21.069856667884032,17.80160720037521,-82.58793706870823,2.822499990463257,2.944999933242798,28.000000000000004,4.0,24.000000000000004,2.990000009536743,3.002521101449362,0.0,0.0,49.6591742268994,0.232488518972655,0.1033634504467122,0.0430769093008465,3.1663708946490816,43.9945603006913,27.77777777777778,18.14814814814816,-72.22222222222223,-0.0158970377024481,-2.6315764707211144,0.2067582289358751,0.7300163700767632,-0.5232581411408881,-24.080662438105826,-19.591485202246524,-4.489177235859302,2.97546225911622,0.6802714468455484,0.677968041012833,7.63636502352627,-0.680271446845552,2.940000057220459,2
2023-08-24,2.970000028610229,2.984999895095825,2.9200000762939453,2.940000057220459,2.940000057220459,4059831,-359815186.66236323,501088157,-0.1495245700638865,-15189.591054556957,-0.0120079395026609,-0.011110172381512,-9376.662548502589,2.986382729890088,41.5207098027196,1095.5065935164173,3.0,3.093594782395266,2.906405217604734,6.239652159684392,0.1794696176216769,0.0,0.0,2.968666688601176,3.0186666647593183,2.918666712443033,3.3685139763334115,0.2133335494996174,0.0,0.0,2.9100000858306885,3.109999895095825,3.009999990463257,6.666660308837891,0.15,0.0579812317451151,2.9177376999972746,0.0033041781093894,0.017958704671047,-0.0146545265616576,2.978333353996277,2.990769239572378,2.965132322609513,2.9618281445001235,0.8441558924106054,1.1103897310265134,-0.266233838615908,0.1135404563078571,23.953367819472057,0.0399999618530277,29.75747772165499,55.4093877471114,-25.65191002545641,2.975000023841858,3.0,2.987500011920929,2.84499990940094,0.1953124999886352,20.87449035689392,19.45704568734214,17.61659856477584,-91.1353219270161,2.822499990463257,2.944999933242798,24.0,84.0,-60.0,2.990000009536743,2.990000009536743,0.0,0.0,47.11820266442835,0.0918368429088084,0.133975731416315,0.0877354864396181,1.9143818122748013,41.147493109531055,17.647058823529413,20.6971677559913,-82.3529411764706,-0.0218823313713074,-1.342280590503612,0.1115587383260242,0.6063248437266154,-0.4947661054005912,-22.84222006243796,-20.241632174284813,-2.600587888153143,2.970722485108647,-0.6756750225933805,-0.677968041012833,6.909092989834864,0.6756750225933814,2.900000095367432,3
2023-08-25,2.930000066757202,2.930000066757202,2.890000104904175,2.900000095367432,2.900000095367432,2859752,-361245062.6623632,498228405,-0.234269865023004,-29361.073890922733,-0.0594455174198795,-0.0104804887549279,-66339.41663969192,2.980307161222308,41.09977522728539,1080.6017564084125,2.9920000076293944,3.090914017448493,2.8930859978102954,6.611899035218924,0.0349500418079383,0.0,0.0,2.954000035921733,3.004000012079875,2.9040000597635904,3.385238696690861,-0.039999663034909,0.0,1.0,2.890000104904175,3.109999895095825,3.0,7.352934145409962,0.0454545454545474,0.057183103802232,3.2304066700322,-0.0021363090519272,0.0139397019264522,-0.0160760109783795,2.9666666984558105,2.990384624554561,2.955111979956885,2.9572482890088128,0.8157895314726843,1.1315789060909398,-0.3157893746182555,0.0918187762650675,23.858510986880624,0.0679999351501465,21.174762321350222,49.069658570090624,-27.8948962487404,2.962500095367432,3.0,2.981250047683716,2.84499990940094,0.0976562499943176,19.72667057571544,18.296827142153603,20.1439097066368,-138.64882407927772,2.8299999833106995,2.944999933242798,20.0,100.0,-80.0,2.990000009536743,2.990000009536743,0.0,0.0,42.44086021219278,0.0,0.1081084539604878,0.1151492119411717,-0.5525426576053006,39.15953151640006,5.263157894737076,16.8959981653481,-94.73684210526294,-0.0328087967984815,-4.6052588237619245,-0.0722397595043779,0.4706119230804167,-0.5428516825847948,-23.860877713940187,-20.96548128221589,-2.895396431724297,2.9600343966038127,-1.3605428936910855,-1.3698830935582107,5.454548922452074,1.3605428936910897,2.9200000762939453,4
2023-08-28,2.9200000762939453,2.930000066757202,2.900000095367432,2.9200000762939453,2.9200000762939453,3106217,-360209656.99569654,501334622,-0.1883812160431088,-16291.737513132184,0.0048290159347478,-0.0085055314244558,-17485.98754055628,2.9745530438292365,48.69017729736773,1080.6017564084125,2.987000012397766,3.089781235638013,2.884218789157519,6.8819031010141165,0.1740652913460124,0.0,0.0,2.9460000435511278,2.9920000235239663,2.900000063578288,3.1228770735108715,0.2173915372079127,0.0,0.0,2.890000104904175,3.109999895095825,3.0,7.3652423595087,0.1363636363636363,0.0544647905609858,3.382671147786372,-0.0047790135169192,0.0101959588377779,-0.0149749723546971,2.955000042915344,2.989615394518926,2.949710148624125,2.9544891621410447,0.8493151177070002,1.109589005304001,-0.2602738875970007,0.0711832493164463,23.77196489259128,0.0529999494552617,14.92110515022886,42.39536418844323,-27.47425903821437,2.940000057220459,3.0,2.970000028610229,2.8649998903274536,0.0488281249971588,18.660837921764,17.618005651501008,19.39656052372152,-107.15381444545318,2.8399999737739563,2.944999933242798,16.0,96.0,-80.0,2.990000009536743,2.984999895095825,0.0,0.0,45.36141005803101,0.15858717288032,0.0834746719297094,0.1085196191021708,-1.8415535633492652,42.631463362104,15.789473684210526,12.89989680082568,-84.21052631578948,-0.0416617365444409,-4.575159121030156,-0.1617543086012201,0.3441386767440894,-0.5058929853453095,-24.07803037736465,-21.587991101245645,-2.4900392761190098,2.957939739654137,0.6896544920278469,0.6872872530504281,6.181820956143458,-0.6896544920278416,2.9600000381469727,0
2023-08-29,2.9200000762939453,2.9600000381469727,2.9100000858306885,2.9600000381469727,2.9600000381469727,2970143,-357239513.99569654,504304765,-0.1369869416745402,3007.883088463297,0.0336683483809454,-0.0074783526095833,62109.01561848039,2.9685171698323627,47.4027752841422,1095.404505691046,2.9835000157356264,3.084944485133752,2.882055546337501,6.800366607212029,0.3841731948124913,0.0,0.0,2.939500045776368,2.9850000143051147,2.8940000772476195,3.0957623963384124,0.7252747972523683,0.0,0.0,2.890000104904175,3.109999895095825,3.0,7.373882655650202,0.3181818181818182,0.0540183067365157,3.489237996480982,-0.0036041666278037,0.0074359337446615,-0.0110401003724653,2.9483333826065063,2.990000009536744,2.9512932085507173,2.954897375178521,0.8571429057997396,1.0999999659401822,-0.2428570601404426,0.0546675612087039,23.7329190319138,-0.00349999666214,10.555736233145591,35.76935638805911,-25.213620154913517,2.940000057220459,3.0,2.970000028610229,2.8949999809265137,0.0244140624985794,17.714043414265948,20.264048358495856,18.185571557686817,-60.987637663288496,2.887499988079071,2.944999933242798,12.0,92.0,-80.0,2.990000009536743,2.9697999286651613,0.0,0.0,50.74436706503975,0.4508841643849495,0.2031571124217565,0.1315800794373179,-1.4117200629046338,49.22968707455311,36.8421052631579,19.298245614035174,-63.1578947368421,-0.0410146664170656,-2.6315764707211144,-0.1219726498144786,0.2509164114323758,-0.3728890612468544,-24.35671807297913,-22.141736495592344,-2.2149815773867907,2.9580184190722285,1.3698616715036138,1.3605638815206156,7.63636502352627,-1.369861671503628,2.970000028610229,1
2023-08-30,2.9800000190734863,2.9800000190734863,2.944999933242798,2.970000028610229,2.970000028610229,5148887,-355032838.1174329,509453652,-0.140484395287761,9933.7313467378,0.0186933478295885,-0.0079935776514237,58081.722246125966,2.9641242282902254,49.546953992563466,1095.404505691046,2.9790000200271605,3.0742679720829,2.883732067971421,6.395968540803887,0.4527648531183618,0.0,0.0,2.939000042279561,2.9840000232060757,2.894000061353048,3.0622647348865284,0.8444444385575556,0.0,0.0,2.890000104904175,3.0899999141693115,2.990000009536743,6.7136558550044345,0.3999999999999978,0.0521164846459329,3.543092347428323,-0.0018449093799706,0.0055797651197351,-0.0074246744997057,2.9475000500679016,2.991153854590196,2.954171180867565,2.956016090247536,0.8613137669908115,1.0729926626215545,-0.2116788956307429,0.042168855139208,23.7016693612145,0.0309999704360963,6.838969339254264,29.56267536607761,-22.723706026823344,2.940000057220459,3.0,2.970000028610229,2.8949999809265137,0.9419477639046684,17.27659269706717,21.92172775887973,17.36813717073567,-23.88970700942301,2.887499988079071,2.9299999475479126,8.0,88.0,-80.0,2.890000104904175,2.9697999286651613,1.0,0.0,52.01708666788458,0.6060627162255984,0.4051780178302893,0.2306032673939184,-0.6909714292412121,50.58934586660645,42.105263157894505,31.578947368420984,-57.894736842105495,-0.0420587967423831,-0.3355701476259179,-0.0624120208972246,0.1882507249664557,-0.2506627458636804,-20.045528233826836,-21.722494843239243,1.6769666094124105,2.958068290495904,0.3378375112966791,0.3372681224222296,8.000001040371973,-0.3378375112966694,2.930000066757202,2
2023-08-31,2.9800000190734863,3.015000104904175,2.930000066757202,2.930000066757202,2.930000066757202,7789598,-362822436.1174329,501664054,-0.2003889617232584,-35997.31925285541,0.010912112584505,-0.008428342271468,-87515.4380131585,2.95382496508602,37.0169137994232,1095.404505691046,2.974500024318695,3.070098050285404,2.878901998351986,6.42783830459747,0.2672548302566968,0.0,0.0,2.940333382288615,2.989333359400431,2.8913334051767987,3.3329538348931647,0.3945579555289132,0.0,0.0,2.890000104904175,3.0899999141693115,2.990000009536743,6.723812661959766,0.2,0.0554048399960369,3.609370624702172,-0.0036364294688904,0.00373652620201,-0.0073729556709004,2.940833389759064,2.9896153945189257,2.95045254792751,2.9540889773964003,0.8082193033537658,1.0479450108611126,-0.2397257075073467,0.0301691992238364,23.76761405542968,-0.0044999957084659,3.0229032396738,23.837153413198116,-20.814250173524314,2.952500104904175,3.0,2.9762500524520874,2.8949999809265137,0.94954149439876,17.563089019869032,23.94721384802611,15.54111876697976,-30.428691051570546,2.887499988079071,2.914999961853028,4.0,84.0,-80.0,2.891800103187561,2.9697999286651613,0.0,0.0,46.80713641587223,0.3728669700175819,0.4766046168760433,0.3616465823760297,-1.5786870848951706,41.588867550734726,26.666666666666583,35.20467836257301,-73.33333333333341,-0.0407793676151948,-2.6578047827083955,-0.1230981699168522,0.1259809459897941,-0.2490791159066464,-11.691041334274932,-19.716204141446383,8.02516280717145,2.957824535672001,-1.3468000494176513,-1.3559516634678248,6.545456972989161,1.3468000494176522,3.009999990463257,3
2023-09-01,2.940000057220459,3.0199999809265137,2.940000057220459,3.009999990463257,3.009999990463257,3091801,-360503585.3674329,504755855,-0.1708585754165129,4479.9897995958745,0.0194059736452744,3.354940264994813e-05,-20492.617399847964,2.952822785313032,43.30932136196867,1125.3131319319798,2.972500026226044,3.063246840456483,2.8817532119956044,6.105757001163333,0.7066186265337483,0.0,0.0,2.945666710535685,2.998666683832804,2.8926667372385664,3.598504413792325,1.1069180409480386,1.0,0.0,2.890000104904175,3.0799999237060547,2.9850000143051147,6.39191983601454,0.631578947368421,0.0588643474133644,3.5410936877066823,0.0013831590131383,0.0032658527642356,-0.0018826937510973,2.9441667199134827,2.988076934447655,2.959613692933009,2.958230533919871,0.9066667260064212,0.9733333502875492,-0.0666666242811281,0.0242416651163561,23.943588095911828,-0.0324999690055847,1.7654978677362791,18.704316232995527,-16.938818365259248,2.955000042915344,3.0,2.977500021457672,2.8949999809265137,23.39946665671853,17.922423872163332,21.97740975919022,13.876628358580016,30.247480712082616,2.9212499856948853,2.90749990940094,12.0,80.0,-68.0,2.8967281032562258,2.9697999286651613,0.0,0.0,56.246005068501184,1.0,0.6596432287477269,0.5138086211513532,0.6945448674012767,49.56939275044896,82.75855265105052,50.51016082520388,-17.241447348949478,-0.0290587923106024,1.3468000494176835,0.0467562956057234,0.11013601591298,-0.0633797203072565,-13.420934604209014,-18.45715023399891,5.036215629789895,2.960744285945902,2.7303727605233474,2.6937629779427485,9.454545107754786,-2.730372760523352,3.049999952316284,4
2023-09-04,3.009999990463257,3.049999952316284,3.0,3.049999952316284,3.049999952316284,4656102,-355847483.3674329,509411957,-0.117408200832913,30446.263025911365,0.0483235914605741,0.003234968286518,146292.74313547925,2.9556635871662973,44.11349161962132,1125.3131319319798,2.973000025749206,3.0653254488013126,2.8806746026971006,6.210926488561982,0.9170028363889589,0.0,0.0,2.9556667009989424,3.008666674296061,2.902666727701823,3.586329492375188,1.389936781557492,1.0,0.0,2.890000104904175,3.0799999237060547,2.9850000143051147,6.390844842122033,0.8421052631578947,0.0579779079036563,3.514062715748682,0.0084910026837654,0.0043108827481416,0.0041801199356238,2.9533333778381348,2.9876923194298377,2.973519271299667,2.9650282686159017,0.9731543753030236,0.9261746920958602,0.0469796832071635,0.025224412229906,24.091629064829675,-0.0429999589920044,2.992737225420908,14.22294106521742,-11.230203839796513,2.970000028610229,3.0,2.9850000143051147,2.8949999809265137,61.69973332835926,18.79156002843286,24.26711350988964,13.040983869383693,109.68528971404932,2.927500009536743,2.834999918937683,8.0,76.0,-68.0,2.904124415916443,2.9697999286651613,0.0,0.0,60.06199826020149,1.0,0.7909556566725273,0.6424011674320992,3.882012807655803,56.02103692859804,100.0,69.80840643923904,-0.0,-0.0088235174908355,3.741492957650536,0.2863717278395165,0.1453831582982873,0.1409885695412291,-11.87817752512768,-17.141355692224664,5.263178167096985,2.968267396222698,1.328902391354192,1.320149939288373,10.909089175137598,-1.328902391354191,3.069999933242798,0
2023-09-05,3.049999952316284,3.069999933242798,3.015000104904175,3.069999933242798,3.069999933242798,3885568,-351961915.3674329,513297525,-0.0049728340897037,37198.40914916287,0.0247711365818966,0.008050633580487,87354.16134766457,2.961461665357126,50.931761276390695,1132.692227514556,2.977500021457672,3.079062713060892,2.875937329854452,6.82201114164887,0.9553833219904204,0.0,0.0,2.967333364486694,3.0223333120346068,2.9123334169387816,3.7070285533911886,1.433333333333335,1.0,0.0,2.890000104904175,3.0799999237060547,2.9850000143051147,6.381186143832943,0.9473684210526316,0.057680099947153,3.425017329756948,0.0155585025829951,0.0065604067151123,0.0089980958678828,2.965000033378601,2.9896153945189257,2.9883624500601487,2.972803947477153,1.0608109523120657,0.8648649084037122,0.1959460439083534,0.0320594702031853,24.22039621365992,-0.0474999547004699,4.544299649055185,10.619276527502231,-6.074976878447048,2.9800000190734863,3.0,2.990000009536743,2.8949999809265137,80.84986666417963,19.923249748490477,25.072587189934715,12.172626825381275,127.67458917670706,2.927500009536743,2.834999918937683,100.0,72.0,28.0,2.9157944588284304,2.9697999286651613,0.0,0.0,61.85342919636556,1.0,1.0,0.8168662951400846,7.044091419808426,63.523385671614896,100.0,94.25285088368352,-0.0,0.0100294141208423,4.778152330915867,0.523361205712835,0.2209787677811968,0.3023824379316381,-11.9223222617955,-16.09754900613883,4.17522674434333,2.9775290399690304,0.655737089809616,0.6535964868773725,11.636361208829005,-0.6557370898096195,3.0,1
2023-09-06,3.049999952316284,3.069999933242798,2.990000009536743,3.0,3.0,5498333,-356085665.1174329,507799192,-0.0811739287006573,-23098.926864527886,-0.0181873826306866,0.0083063190321632,-99889.928990825,2.968515314539451,50.049046649885135,1132.692227514556,2.975500023365021,3.07357643058513,2.877423616144912,6.59226391866692,0.6249024986202585,0.0,0.0,2.9733333587646484,3.0303333044052123,2.916333413124085,3.834077028231106,0.7339181286549711,0.0,0.0,2.890000104904175,3.0799999237060547,2.9850000143051147,6.385475291880768,0.5789473684210527,0.0599120823230432,3.317170961711081,0.015334372472334,0.0083151998665566,0.0070191726057773,2.9708333611488342,2.9884615494654727,2.9901528423585875,2.974818469886253,1.0580646610161932,0.8451613141396475,0.2129033468765457,0.0378342818849057,24.24423096158761,-0.0354999661445618,3.9512974771267166,7.751923166999093,-3.8006256898723767,2.9800000190734863,3.0,2.990000009536743,2.899999976158142,90.4249333320898,20.200216879087368,22.70442519351041,13.97454150955261,75.51193034939463,2.9300000071525574,2.834999918937683,96.0,68.0,28.0,2.931215006269867,2.9697999286651613,0.0,0.0,52.9082355914908,0.5392060879645633,0.8464020293215211,0.8791192286646828,6.846028131933152,56.3117721893446,61.11111111111112,87.03703703703705,-38.888888888888886,0.0207352981847872,2.3890761654579333,0.5154725448817177,0.279877523201301,0.2355950216804166,-8.931341446774844,-14.664307494266032,5.732966047491189,2.9778966314234223,-2.280128168239337,-2.30652511859788,9.090909090909085,2.2801281682393295,2.990000009536743,2
2023-09-07,3.009999990463257,3.0199999809265137,2.9749999046325684,2.990000009536743,2.990000009536743,2927840,-357061601.4426141,504871352,-0.1287680402496368,-23981.70475215846,-0.0499516287439113,0.005226521588359,-135128.4968759129,2.972465194913371,51.31023591166117,1128.9165903569058,2.9720000267028808,3.062465403451384,2.8815346499543777,6.08784494856582,0.5994854798643185,0.0,0.0,2.978000020980835,3.032999992370605,2.9230000495910646,3.69375224998525,0.6090908618012484,0.0,0.0,2.890000104904175,3.0799999237060547,2.9850000143051147,6.39299519161393,0.5263157894736842,0.0584208817201334,3.1936617467575013,0.0141863012378826,0.0094894201408218,0.0046968810970607,2.975000023841858,2.9857692443407498,2.990129329616765,2.9759430283788824,1.0448716283235342,0.8974359287861582,0.147435699537376,0.0419152030603614,24.245191821766294,-0.0119999885559081,3.5154299533352837,5.789775126108543,-2.2743451727732595,2.9850000143051147,2.990000009536743,2.987500011920929,2.899999976158142,95.2124666660449,20.02031641216615,21.47566471926769,15.022246308328777,39.93848224683442,2.949999988079071,2.84499990940094,92.0,64.0,28.0,2.9450934989671604,2.9697999286651613,0.0,0.0,51.75669528407553,0.479886772300875,0.6730309534218127,0.8398109942477779,6.320288615233709,52.31157256192518,55.55555555555556,72.22222222222223,-44.44444444444444,0.0234558617367461,1.70067861711388,0.4766993555521971,0.3192418896714802,0.1574574658807168,-11.095678327606176,-13.950581660934064,2.854903333327888,2.978154230730247,-0.3333330154418945,-0.3338898075968544,8.72727307406338,0.33333301544189453,3.009999990463257,3
2023-09-08,2.9800000190734863,3.0299999713897705,2.9749999046325684,3.009999990463257,3.009999990463257,4576551,-355813443.9557813,509447903,-0.0417020605278752,-7479.899400533388,0.0060088934117691,0.0061346836362,20852.89461970775,2.977741335780479,58.707732114422406,1128.9165903569058,2.9705000281333924,3.057327360353655,2.88367269591313,5.845974172558624,0.7274627200894612,0.0,0.0,2.987833340962728,3.044333322842916,2.93133335908254,3.782003574669443,0.6961651027387471,0.0,0.0,2.890000104904175,3.069999933242798,2.9800000190734863,6.059580092033583,0.6666666666666666,0.0580788002238402,3.030366985810681,0.014720588051321,0.0105356537229217,0.0041849343283993,2.9791666865348816,2.985384629322932,2.993186354362379,2.978465766311058,1.0573246627894015,0.8853503707031103,0.1719742920862914,0.0459215326106385,24.236589154957827,-0.0304999709129334,4.450185097911124,4.626339564739905,-0.1761544668287813,2.990000009536743,2.990000009536743,2.990000009536743,2.899999976158142,97.60623333302244,20.0547702419896,21.25662881419789,14.023301180647534,68.30319573528237,2.9549999833106995,2.84499990940094,88.0,60.0,28.0,2.957584142394724,2.9697999286651613,0.0,0.0,53.91698229908293,0.5911696744643495,0.5367541782432625,0.6853957203288655,6.561285842813206,52.85085689623467,66.66666666666667,61.11111111111112,-33.333333333333336,0.0268529071527372,1.6891875564834549,0.4942339179393369,0.3542402953250516,0.1399936226142853,-9.708404790827757,-13.102146286912802,3.3937414960850454,2.9802049665772694,0.668895681027526,0.6666685000289885,9.454545107754786,-0.6688956810275215,3.069999933242798,4
2023-09-11,3.0199999809265137,3.069999933242798,3.009999990463257,3.069999933242798,3.069999933242798,4168700,-351644743.9557813,513616603,0.0449809117832454,29320.337865981757,0.053973643695706,0.0102259457888413,113709.28296159537,2.984962006480741,59.89880430582268,1151.4198897053766,2.975000023841858,3.072056615749708,2.8779434319340083,6.524812849077738,0.98940472529232,0.0,0.0,3.001166661580404,3.060666640599569,2.9416666825612388,3.965123282279336,1.0784310582716572,1.0,0.0,2.890000104904175,3.069999933242798,2.9800000190734863,6.050414349448466,1.0,0.0582709144794103,2.843351458342944,0.019757753063621,0.0123800735910615,0.0073776794725594,2.990000009536743,2.9861538593585677,3.0050038280362896,2.9852460749726686,1.0925927125105666,0.8271605447014525,0.265432167809114,0.0535662917818578,24.260033221680747,-0.0749999284744258,7.192421465395841,4.252637923878822,2.939783541517019,3.0,2.9850000143051147,2.9925000071525574,2.899999976158142,98.80311666651122,20.817203117675724,24.54713415258327,13.007143749847286,139.70139421371977,2.9549999833106995,2.84499990940094,84.0,56.00000000000001,27.999999999999996,2.9688257214795315,2.9697999286651613,0.0,0.0,59.74124181718243,0.8911948552041095,0.6540837673231114,0.6212896329960622,8.681611875780437,63.411765408478246,100.0,74.07407407407408,-0.0,0.02691173062605,4.421764404496088,0.661846714388593,0.4157615791377599,0.2460851352508331,-9.256194611794385,-12.33295595188912,3.076761340094736,2.9880784233080613,1.993353587031299,1.9737464261657456,11.636361208829005,-1.9933535870312937,3.0999999046325684,0
2023-09-12,3.059999942779541,3.0999999046325684,3.039999961853028,3.0999999046325684,3.0999999046325684,7349613,-344295130.9557813,520966216,0.126708468845661,56630.0295602537,0.0244910387359728,0.0075346167117029,154917.18652667943,2.9972788820636467,63.0838545458142,1151.4198897053766,2.9795000195503234,3.0900394998010494,2.8689605392995974,7.420001981903597,1.0450536080363628,1.0,0.0,3.0148333152135214,3.0753332932790123,2.954333337148031,4.013487429649546,1.2038563660870645,1.0,0.0,2.890000104904175,3.0999999046325684,2.995000004768372,7.0481556754642165,1.0,0.0584438173094233,2.7058855437834985,0.0258722503999222,0.0150785089528337,0.0107937414470885,3.006666660308838,2.9884615494654727,3.019618609051102,2.99374635865118,1.1111110784062097,0.8395062200799202,0.2716048583262895,0.0651807007871672,24.303009659695665,-0.059499943256378,9.623724768712064,4.562055193818578,5.061669574893486,3.0149999856948853,2.995000004768372,3.0049999952316284,2.899999976158142,99.4015583332556,21.990871589517745,26.38959731461864,12.065592281888552,168.16571588969114,2.959999978542328,2.84499990940094,100.0,52.0,48.0,2.9749999046325684,2.9697999286651613,0.0,0.0,62.30644402713817,1.0,0.8274548432228196,0.6727642629297311,11.263062462560598,64.97644784797278,100.0,88.8888888888889,-0.0,0.0290293637443994,6.8965449202785685,0.8642098327788492,0.5054512298659778,0.3587586029128714,-3.191148383502953,-10.504594438211887,7.313446054708935,2.997256282369923,0.9771977863882952,0.9724540873323972,12.727269259366114,-0.9771977863882881,3.049999952316284,1
2023-09-13,3.039999961853028,3.0799999237060547,3.0199999809265137,3.049999952316284,3.049999952316284,7891273,-344295130.9557813,513074943,0.1204140189570134,-7826.156621894079,-0.0152066429736082,0.0073061378923496,-55458.2237633144,3.0066044805234355,59.23298289350263,1151.4198897053766,2.9835000157356264,3.0980904819821675,2.8689095494890853,7.681613249013987,0.7901634785113071,0.0,0.0,3.0233333110809326,3.0863332748413086,2.9603333473205566,4.167583079872301,0.7116401315465806,0.0,0.0,2.890000104904175,3.0999999046325684,2.995000004768372,7.038706171302465,0.7619047619047619,0.0605994279490865,2.531631494516089,0.0263793703458685,0.0173386812314406,0.0090406891144278,3.0174999833106995,2.991153854590196,3.02429266186113,2.9979132915152613,1.0727272412008326,0.8363635628019427,0.2363636783988899,0.0755218555732191,24.309171939150083,-0.0234999775886537,12.1997079934012,5.581700166454955,6.618007826946246,3.0199999809265137,2.995000004768372,3.007499992847442,2.899999976158142,99.7007791666278,22.460190653356385,23.90490525755433,13.283421403601643,103.23709989935318,2.972499966621399,2.84499990940094,96.0,48.0,48.0,2.9899999046325685,2.9697999286651613,0.0,0.0,55.91204094455177,0.6781165284568316,0.8564371278869803,0.7793252461443038,11.385677264375792,59.56113688993308,76.19047619047619,92.06349206349206,-23.80952380952381,0.032441125196569,4.452050432386779,0.879924393428184,0.580345862578419,0.2995785308497649,2.093786964395644,-7.984918157690383,10.078705122086028,2.99895023767453,-1.6129017372408794,-1.6260505742097695,10.909089175137598,1.6129017372408754,3.140000104904175,2
2023-09-14,2.970000028610229,3.150000095367432,2.9600000381469727,3.140000104904175,3.140000104904175,14917106,-330948244.6696239,527992049,0.2593645709858666,185083.5537769106,0.0063686751966722,0.0120071516506747,312899.1722201355,3.02494780352026,69.26958781061518,1151.4198897053766,2.993500018119812,3.1248430082930736,2.8621570279465502,8.775212251761195,1.057700439860196,1.0,0.0,3.035833311080933,3.109333276748657,2.962333345413208,4.84216082611956,1.208617976055627,1.0,0.0,2.890000104904175,3.150000095367432,3.0200001001358032,8.685484846816895,0.9615384968074816,0.0735394908762238,2.110997588496597,0.0336555662894939,0.0206020582430513,0.0130535080464426,3.0324999888738,2.995000013938317,3.042093806944675,3.008438240655181,1.0414507515993816,0.7409325554378967,0.3005181961614849,0.0903272171635382,24.692835737754613,-0.0234999895095828,18.59956656113953,7.452152243499762,11.147414317639768,3.055000066757202,3.0200001001358032,3.0375000834465027,2.9200000762939453,99.8503895833139,23.87888815484707,26.41577148731942,10.705375931122392,132.98448466708007,2.972499966621399,2.84499990940094,100.0,44.0,56.0,2.9899999046325685,3.0999999046325684,0.0,1.0,63.22759771807882,1.0,0.8927055094856104,0.8588658268651367,14.09438339042562,66.9680473144219,96.0000038146971,90.73016000172444,-3.999996185302912,0.0433529117528128,6.08108325802206,1.118705574031143,0.6880178048689638,0.4306877691621791,14.938968568183578,-3.400140812515591,18.33910938069917,3.014643981409431,2.950824721146006,2.908125834381936,14.181821996515453,-2.95082472114602,3.140000104904175,3
